1.3043270240221698 -7.754385964912281
1.353782448854717 -7.982456140350878
1.4164259869759435 -8.263157894736842
1.4988516950301887 -8.614035087719298
1.577980374762264 -8.982456140350877
1.65051499785 -9.31578947368421
1.7411832767096698 -9.719298245614034
1.8335000697304245 -10.12280701754386
1.8895495512073113 -10.350877192982455
1.9554901176507076 -10.614035087719298
2.014836627449764 -10.807017543859649
2.0576979956379717 -10.929824561403509
2.1137474771148583 -11.017543859649123
2.1615543877863206 -11.017543859649123
2.2027672418134436 -10.947368421052632
2.2390345533573113 -10.789473684210527
2.2670592940957546 -10.649122807017545
2.2917870065120285 -10.43859649122807
2.316514718928302 -10.210526315789474
2.3379454030224056 -9.929824561403509
2.362673115438679 -9.56140350877193
2.3841037995327827 -9.157894736842106
2.4088315119490566 -8.614035087719298
2.4352077385264153 -7.859649122807018
2.453341394298349 -7.245614035087719
2.468178021748113 -6.701754385964913
2.491257220003302 -5.6491228070175445
2.5011483049698113 -5.1228070175438605
2.511039389936321 -4.526315789473685
2.5176334465806605 -4.12280701754386