1.301029995663981254e+00 -7.900071840607786555e+00
1.309143535265443692e+00 -7.939393939393938560e+00
1.314171712791900148e+00 -7.963762895869358260e+00
1.327313429919819265e+00 -8.027453951131150234e+00
1.329985491315318846e+00 -8.040404040404041552e+00
1.340455147047738160e+00 -8.091145006393956507e+00
1.350827447364851608e+00 -8.141414141414141881e+00
1.353596864175657277e+00 -8.154836061656720148e+00
1.366738581303576172e+00 -8.218527116919103648e+00
1.372065142776676350e+00 -8.242424242424242209e+00
1.379880298431495289e+00 -8.277486215605907915e+00
1.393022015559414184e+00 -8.335183459209973833e+00
1.394901321740397382e+00 -8.343434343434342537e+00
1.406163732687333301e+00 -8.392880702814606408e+00
1.417908420374667244e+00 -8.444444444444444642e+00
1.419305449815252196e+00 -8.450577946419238984e+00
1.432447166943171313e+00 -8.508275190023873336e+00
1.440764311723977009e+00 -8.545454545454546746e+00
1.445588884071090208e+00 -8.567021380567034328e+00
1.458730601199009325e+00 -8.626530441615692268e+00
1.463132782592197589e+00 -8.646464646464647075e+00
1.471872318326928220e+00 -8.686039502669697043e+00
1.485014035454847336e+00 -8.745548563724057090e+00
1.485439405331963281e+00 -8.747474747474747403e+00
1.498155752582766231e+00 -8.805057624776885916e+00
1.507732246652073504e+00 -8.848484848484847731e+00
1.511297469710685348e+00 -8.864652324620580615e+00
1.524439186838604243e+00 -8.924393833830883693e+00
1.529960837798112205e+00 -8.949494949494949836e+00
1.537580903966523138e+00 -8.984135343040973609e+00
1.550722621094442255e+00 -9.043876852250821941e+00
1.552180667730336694e+00 -9.050505050505050164e+00
1.563864338222361372e+00 -9.103618361459401953e+00
1.574471752320730333e+00 -9.151515151515152269e+00
1.577006055350280045e+00 -9.162958560721046197e+00
1.590147772478199162e+00 -9.220158440259142552e+00
1.597584072948909029e+00 -9.252525252525252597e+00
1.603289489606118057e+00 -9.277358319796755737e+00
1.616431206734037396e+00 -9.334558199333741868e+00
1.620791222776539975e+00 -9.353535353535352925e+00
1.629572923861956291e+00 -9.391758078871317750e+00
1.642714640989875186e+00 -9.448957958411289937e+00
1.644089599697218906e+00 -9.454545454545455030e+00
1.655856358117794080e+00 -9.502362684863312481e+00
1.668997824753127635e+00 -9.555555555555555358e+00
1.668998075245713419e+00 -9.555556569477371198e+00
1.682139792373632314e+00 -9.608750454091479654e+00
1.693952689098289666e+00 -9.656565656565657463e+00
1.695281509501550987e+00 -9.661944338705589885e+00
1.708423226629470326e+00 -9.715138223320519018e+00
1.719184987525366415e+00 -9.757575757575757791e+00
1.721564943757389665e+00 -9.766960789923107455e+00
1.734706660885308338e+00 -9.818293600092388829e+00
1.745021885433116315e+00 -9.858585858585858119e+00
1.747848378013227233e+00 -9.869626410261671978e+00
1.760990095141146350e+00 -9.920959220431054604e+00
1.770881490043690665e+00 -9.959595959595958448e+00
1.774131812269065467e+00 -9.972292030601288104e+00
1.787273529396984362e+00 -1.002136477096691536e+01
1.798236803773352488e+00 -1.006060606060606055e+01
1.800415246524903257e+00 -1.006840344850690094e+01
1.813556963652822374e+00 -1.011544212604689008e+01
1.826457116162212957e+00 -1.016161616161616266e+01
1.826698680780741491e+00 -1.016248080358687567e+01
1.839840397908660385e+00 -1.020951948112658769e+01
1.852982115036579280e+00 -1.025502934899254726e+01
1.855348051777707230e+00 -1.026262626262626299e+01
1.866123832164498175e+00 -1.029722679589963441e+01
1.879265549292417514e+00 -1.033942424280670025e+01
1.886806025466514214e+00 -1.036363636363636331e+01
1.892407266420336409e+00 -1.038162168971370392e+01
1.905548983548255304e+00 -1.042381913662184623e+01
1.918628787563621430e+00 -1.046464646464646364e+01
1.918690700676174421e+00 -1.046483972036744348e+01
1.931832417804093316e+00 -1.049585696719989869e+01
1.944974134932012433e+00 -1.052687421403312484e+01
1.958115852059931328e+00 -1.055789146086706509e+01
1.961405854269225868e+00 -1.056565656565656575e+01
1.971257569187850223e+00 -1.058890870770172477e+01
1.984399286315769340e+00 -1.061992595453638799e+01
1.997541003443688457e+00 -1.063476058505796829e+01
2.010682720571607351e+00 -1.064769137836367818e+01
2.023824437699526246e+00 -1.066062217167100101e+01
2.029967528964258250e+00 -1.066666666666666607e+01
2.036966154827445585e+00 -1.067355296497862938e+01
2.050107871955364480e+00 -1.068648375828625596e+01
2.063249589083283375e+00 -1.067861547373127173e+01
2.072239119128862939e+00 -1.066666666666666607e+01
2.076391306211202270e+00 -1.066114761482619677e+01
2.089533023339121165e+00 -1.064367975592109339e+01
2.102674740467040504e+00 -1.062621189701569868e+01
2.115816457594959843e+00 -1.060874403810995759e+01
2.128958174722878294e+00 -1.056986260743911465e+01
2.129840109131996506e+00 -1.056565656565656575e+01
2.142099891850797633e+00 -1.050718831923468599e+01
2.151020184926514922e+00 -1.046464646464646364e+01
2.155241608978716528e+00 -1.044451403103025555e+01
2.168383326106635423e+00 -1.038183974282582867e+01
2.172200260721032450e+00 -1.036363636363636331e+01
2.181525043234554317e+00 -1.031916545462231127e+01
2.190638486294968601e+00 -1.026262626262626299e+01
2.194666760362473212e+00 -1.023763511938850712e+01
2.202103966972177140e+00 -1.016161616161616266e+01
2.207808477490392551e+00 -1.010330785219924721e+01
2.211986146534923758e+00 -1.006060606060606055e+01
2.220950194618311446e+00 -9.968980585008187845e+00
2.221868326097452329e+00 -9.959595959595958448e+00
2.231750505659610528e+00 -9.858585858585858119e+00
2.234091911746230341e+00 -9.834653317810630568e+00
2.241632685221587096e+00 -9.757575757575757791e+00
2.247233628874149680e+00 -9.700326050608119033e+00
2.251324646136453111e+00 -9.656565656565657463e+00
2.260375346002068575e+00 -9.559753013867945626e+00
2.260593379551839810e+00 -9.555555555555555358e+00
2.265840266893399679e+00 -9.454545454545455030e+00
2.271087154234959105e+00 -9.353535353535352925e+00
2.273517063129987470e+00 -9.306756124830592114e+00
2.276334041576374201e+00 -9.252525252525252597e+00
2.281580928916564055e+00 -9.151515151515152269e+00
2.286658780257906365e+00 -9.053759235741162925e+00
2.286827816256754353e+00 -9.050505050505050164e+00
2.292074703596089336e+00 -8.949494949494949836e+00
2.297321590933282920e+00 -8.848484848484847731e+00
2.299800497385825260e+00 -8.800762346537041481e+00
2.302568478270408558e+00 -8.747474747474747403e+00
2.307815365598142598e+00 -8.646464646464647075e+00
2.312942214513744155e+00 -8.547765456908935633e+00
2.313062252924771744e+00 -8.545454545454546746e+00
2.318309140251401335e+00 -8.444444444444444642e+00
2.323556027578030481e+00 -8.343434343434342537e+00
2.326083931641663494e+00 -8.294768567152948080e+00
2.327700773587416894e+00 -8.242424242424242209e+00
2.330820832323309055e+00 -8.141414141414141881e+00
2.333940891050029443e+00 -8.040404040404041552e+00
2.337060949776749386e+00 -7.939393939393939448e+00
2.339225648769582833e+00 -7.869313058527837690e+00
2.340113526901117957e+00 -7.838383838383838231e+00
2.343013201020379022e+00 -7.737373737373737903e+00
2.345912875046635371e+00 -7.636363636363636687e+00
2.348812549015648177e+00 -7.535353535353535470e+00
2.351712223025627324e+00 -7.434343434343434254e+00
2.352367365897501728e+00 -7.411521542400840268e+00
2.354611897068013437e+00 -7.333333333333333037e+00
2.357511571110399551e+00 -7.232323232323231821e+00
2.360411245096712740e+00 -7.131313131313131493e+00
2.363310918926023518e+00 -7.030303030303030276e+00
2.365509083025420622e+00 -6.953730011823340718e+00
2.366210592735987550e+00 -6.929292929292929060e+00
2.369110266111219332e+00 -6.828282828282828731e+00
2.372009939446089177e+00 -6.727272727272728403e+00
2.374909612764647626e+00 -6.626262626262626299e+00
2.377809285789605820e+00 -6.525252525252525082e+00
2.378650800153339517e+00 -6.495938365536144232e+00
2.380708957670242487e+00 -6.424242424242424754e+00
2.383608629033957094e+00 -6.323232323232323537e+00
2.386508300397671700e+00 -6.222222222222222321e+00
2.389407971761386307e+00 -6.121212121212121104e+00
2.391792517281258412e+00 -6.038146350503329707e+00
2.392120376013211924e+00 -6.020202020202020776e+00
2.393965917959397505e+00 -5.919191919191918672e+00
2.395811459905583973e+00 -5.818181818181819231e+00
2.397657001851769554e+00 -5.717171717171718015e+00
2.399502543797955134e+00 -5.616161616161615910e+00
2.401348067736631453e+00 -5.515151515151515582e+00
2.403193594967844238e+00 -5.414141414141413478e+00
2.404934234409177307e+00 -5.318872071691442827e+00
2.405020771147304171e+00 -5.313131313131313149e+00
2.406543406974560817e+00 -5.212121212121212821e+00
2.408066042801817463e+00 -5.111111111111110716e+00
2.409588664616342690e+00 -5.010101010101010388e+00
2.411111267163362104e+00 -4.909090909090910060e+00
2.412633869710381518e+00 -4.808080808080807955e+00
2.414156472257400932e+00 -4.707070707070707627e+00
2.415679027393411449e+00 -4.606060606060605522e+00
2.417201497336205485e+00 -4.505050505050505194e+00
2.418075951537096202e+00 -4.447025459235420364e+00
2.418723748735061019e+00 -4.404040404040404866e+00
2.420246111957939927e+00 -4.303030303030302761e+00
2.421768551823991089e+00 -4.202020202020202433e+00
2.423291007776052997e+00 -4.101010101010100328e+00
2.424813463728114904e+00 -4.000000000000000000e+00
