1.301029995663981254e+00 -7.903658138988314263e+00
1.308844404359264191e+00 -7.939393939393939448e+00
1.314171712791900148e+00 -7.963756068157795909e+00
1.327313429919819265e+00 -8.023853997327709209e+00
1.330932456191816771e+00 -8.040404040404041552e+00
1.340455147047738160e+00 -8.083951926499613805e+00
1.353020508023622615e+00 -8.141414141414141881e+00
1.353596864175657277e+00 -8.144049855671697813e+00
1.366738581303576172e+00 -8.204147784843534907e+00
1.375078596227448324e+00 -8.242424242424242209e+00
1.379880298431495289e+00 -8.264461631134413011e+00
1.393022015559414184e+00 -8.324833055323844988e+00
1.397071164139997101e+00 -8.343434343434342537e+00
1.406163732687333301e+00 -8.385204479512953668e+00
1.419059152536281676e+00 -8.444444444444444642e+00
1.419305449815252196e+00 -8.445575903702058795e+00
1.432447166943171313e+00 -8.505947327891167475e+00
1.441110601977163563e+00 -8.545454545454546746e+00
1.445588884071090208e+00 -8.565876521760799278e+00
1.458730601199009325e+00 -8.625484093578680955e+00
1.463356196283819299e+00 -8.646464646464647075e+00
1.471872318326928220e+00 -8.685091665395537674e+00
1.485014035454847336e+00 -8.744699237212255838e+00
1.485625953867955262e+00 -8.747474747474747403e+00
1.498155752582766231e+00 -8.804306809026991587e+00
1.507964275577360125e+00 -8.848484848484847731e+00
1.511297469710685348e+00 -8.863497708425494892e+00
1.524439186838604243e+00 -8.921974312255262163e+00
1.530624026690751815e+00 -8.949494949494949836e+00
1.537580903966523360e+00 -8.980450916084942392e+00
1.550722621094442033e+00 -9.038927519914436104e+00
1.553324492990193928e+00 -9.050505050505050164e+00
1.563864338222361372e+00 -9.097404123743434212e+00
1.576042713855667854e+00 -9.151515151515150492e+00
1.577006055350280267e+00 -9.155795475914578319e+00
1.590147772478199384e+00 -9.213732152575781598e+00
1.598947171674536705e+00 -9.252525252525252597e+00
1.603289489606118057e+00 -9.271668829237331266e+00
1.616431206734037396e+00 -9.329605505899589701e+00
1.621859189605348472e+00 -9.353535353535352925e+00
1.629572923861956291e+00 -9.387542182562100379e+00
1.642714640989875186e+00 -9.445478859225422852e+00
1.644944324299408400e+00 -9.454545454545455030e+00
1.655856358117794302e+00 -9.498917224440670992e+00
1.668998075245713419e+00 -9.552105683464679586e+00
1.669850463977736954e+00 -9.555555555555555358e+00
1.682139792373632314e+00 -9.605294142488723708e+00
1.694807873891364336e+00 -9.656565656565657463e+00
1.695281509501551209e+00 -9.658482601512769605e+00
1.708423226629470326e+00 -9.711671060537543809e+00
1.719875066298682142e+00 -9.757575757575757791e+00
1.721564943757389443e+00 -9.764349631033139687e+00
1.734706660885308338e+00 -9.816846098482367111e+00
1.745155594821630407e+00 -9.858585858585858119e+00
1.747848378013227233e+00 -9.869342565931583877e+00
1.760990095141146128e+00 -9.921839033380603468e+00
1.770441985298021104e+00 -9.959595959595958448e+00
1.774131812269065467e+00 -9.974335500828422241e+00
1.787273529396984362e+00 -1.002458592346772726e+01
1.797088508492574732e+00 -1.006060606060606055e+01
1.800415246524903257e+00 -1.007281490577839733e+01
1.813556963652822374e+00 -1.012104388808906918e+01
1.824612335679855146e+00 -1.016161616161616266e+01
1.826698680780741491e+00 -1.016927287039973926e+01
1.839840397908660385e+00 -1.021750185271046618e+01
1.852520911421987826e+00 -1.026262626262626299e+01
1.852982115036579280e+00 -1.026426748487946128e+01
1.866123832164498397e+00 -1.030786252507677858e+01
1.879265549292417514e+00 -1.035145756527409588e+01
1.882936845896583389e+00 -1.036363636363636331e+01
1.892407266420336409e+00 -1.039505260547239729e+01
1.905548983548255304e+00 -1.043864764567076797e+01
1.913597275505133144e+00 -1.046464646464646364e+01
1.918690700676174421e+00 -1.048110002270539809e+01
1.931832417804093094e+00 -1.051383976284882493e+01
1.944974134932012433e+00 -1.054657950299252711e+01
1.952631659397893182e+00 -1.056565656565656575e+01
1.958115852059931106e+00 -1.057931924313693450e+01
1.971257569187850223e+00 -1.061205898328179842e+01
1.984399286315769340e+00 -1.064479872342677780e+01
1.997541003443688457e+00 -1.066161085499087591e+01
2.001988769788439981e+00 -1.066666666666666607e+01
2.010682720571607351e+00 -1.067654915024862028e+01
2.023824437699526246e+00 -1.069148744550653518e+01
2.036966154827445585e+00 -1.070642574076445186e+01
2.050107871955364480e+00 -1.072136403602236676e+01
2.063249589083283375e+00 -1.071546815432298061e+01
2.076391306211202270e+00 -1.069995649869142440e+01
2.089533023339121165e+00 -1.068444484305986464e+01
2.102674740467040504e+00 -1.066893318742844876e+01
2.104594972286567778e+00 -1.066666666666666785e+01
2.115816457594959399e+00 -1.065342153179767770e+01
2.128958174722878294e+00 -1.061632824424971488e+01
2.139861752250371119e+00 -1.056565656565656575e+01
2.142099891850797633e+00 -1.055525536566569400e+01
2.155241608978716528e+00 -1.049418248708167489e+01
2.161597196940620691e+00 -1.046464646464646364e+01
2.168383326106635423e+00 -1.043310960849765756e+01
2.181525043234554317e+00 -1.037203672991384451e+01
2.182905002612883560e+00 -1.036363636363636331e+01
2.194666760362473212e+00 -1.029203782623508800e+01
2.197573093866949101e+00 -1.026262626262626299e+01
2.207554509502250628e+00 -1.016161616161616266e+01
2.207808477490392551e+00 -1.015904605201720123e+01
2.217535925137552599e+00 -1.006060606060606055e+01
2.220950194618311446e+00 -1.002605427780004632e+01
2.227517340772835031e+00 -9.959595959595958448e+00
2.234091911746230341e+00 -9.893062503582555678e+00
2.237498756408105027e+00 -9.858585858585858119e+00
2.247233628874150124e+00 -9.760070729363274467e+00
2.247469241241522475e+00 -9.757575757575757791e+00
2.257008118251734086e+00 -9.656565656565657463e+00
2.260375346002068575e+00 -9.620909046795091513e+00
2.263807753407764967e+00 -9.555555555555553582e+00
2.269112868898634172e+00 -9.454545454545455030e+00
2.273517063129987470e+00 -9.370689013541898760e+00
2.274417984389502934e+00 -9.353535353535352925e+00
2.279723099880273995e+00 -9.252525252525252597e+00
2.285028215370212390e+00 -9.151515151515152269e+00
2.286658780257906365e+00 -9.120468980263670034e+00
2.290333330860150340e+00 -9.050505050505050164e+00
2.295638446348702288e+00 -8.949494949494949836e+00
2.299800497385825260e+00 -8.870248946895971542e+00
2.300943561835671058e+00 -8.848484848484847731e+00
2.306248677322604301e+00 -8.747474747474747403e+00
2.311553792801422258e+00 -8.646464646464647075e+00
2.312942214513744155e+00 -8.620028913257433700e+00
2.316858908279285423e+00 -8.545454545454546746e+00
2.322164023757149476e+00 -8.444444444444444642e+00
2.326083931641663494e+00 -8.369808879390820522e+00
2.326909993073141614e+00 -8.343434343434342537e+00
2.330073671432139282e+00 -8.242424242424242209e+00
2.333237349780233671e+00 -8.141414141414141881e+00
2.336401028120523193e+00 -8.040404040404041552e+00
2.339225648769582389e+00 -7.950219392539165320e+00
2.339540850324474786e+00 -7.939393939393938560e+00
2.342481931907054005e+00 -7.838383838383839120e+00
2.345423013467475393e+00 -7.737373737373738791e+00
2.348364094944089153e+00 -7.636363636363636687e+00
2.351305176353691184e+00 -7.535353535353535470e+00
2.352367365897501728e+00 -7.498873120064359021e+00
2.354246257815118870e+00 -7.434343434343434254e+00
2.357187339304076534e+00 -7.333333333333333037e+00
2.360128420799249227e+00 -7.232323232323233597e+00
2.363069502244819375e+00 -7.131313131313131493e+00
2.365509083025420622e+00 -7.047526837982482917e+00
2.366010583551500179e+00 -7.030303030303030276e+00
2.368951664765364118e+00 -6.929292929292928171e+00
2.371892745618183529e+00 -6.828282828282828731e+00
2.374833826440238216e+00 -6.727272727272727515e+00
2.377774907249844194e+00 -6.626262626262626299e+00
2.378650800153339517e+00 -6.596180475133736287e+00
2.380715987692259006e+00 -6.525252525252525082e+00
2.383657067003164265e+00 -6.424242424242425642e+00
2.386598145959800910e+00 -6.323232323232323537e+00
2.389539224916437554e+00 -6.222222222222221433e+00
2.391792517281258412e+00 -6.144833858043076802e+00
2.392231786418863582e+00 -6.121212121212121104e+00
2.394110164557699427e+00 -6.020202020202020776e+00
2.395988541304544306e+00 -5.919191919191918672e+00
2.397866918051389185e+00 -5.818181818181818343e+00
2.399745294798234063e+00 -5.717171717171718015e+00
2.401623671545078942e+00 -5.616161616161615910e+00
2.403502027555891818e+00 -5.515151515151515582e+00
2.404934234409177307e+00 -5.438133717095764652e+00
2.405302722054316611e+00 -5.414141414141413478e+00
2.406854093522379667e+00 -5.313131313131313149e+00
2.408405464990442280e+00 -5.212121212121212821e+00
2.409956836458504892e+00 -5.111111111111110716e+00
2.411508194722755682e+00 -5.010101010101010388e+00
2.413059534831764275e+00 -4.909090909090910060e+00
2.414610874940773755e+00 -4.808080808080807955e+00
2.416162215049782347e+00 -4.707070707070707627e+00
2.417713498692639629e+00 -4.606060606060605522e+00
2.418075951537096202e+00 -4.582458741122106716e+00
2.419264705568913598e+00 -4.505050505050505194e+00
2.420815700502093826e+00 -4.404040404040404866e+00
2.422366785770003972e+00 -4.303030303030302761e+00
2.423917953183806873e+00 -4.202020202020202433e+00
2.425469152446884102e+00 -4.101010101010100328e+00
2.427020351709961332e+00 -4.000000000000000000e+00
