1.301029995663981254e+00 -8.506172505232623138e+00
1.309863875490860030e+00 -8.545454545454546746e+00
1.314171712791900370e+00 -8.564610413707821834e+00
1.327313429919819043e+00 -8.623048322183020531e+00
1.332579373173055526e+00 -8.646464646464647075e+00
1.340455147047738160e+00 -8.681486230662097014e+00
1.353596864175657277e+00 -8.739991826881764680e+00
1.355276330549730623e+00 -8.747474747474747403e+00
1.366738581303576172e+00 -8.798545202700994494e+00
1.377947033235263019e+00 -8.848484848484847731e+00
1.379880298431495289e+00 -8.857098578524869481e+00
1.393022015559414184e+00 -8.916205864201412368e+00
1.400104801674510568e+00 -8.949494949494949836e+00
1.406163732687333301e+00 -8.977971917173476868e+00
1.419305449815252196e+00 -9.039737970146655144e+00
1.421596318626639821e+00 -9.050505050505050164e+00
1.432447166943171313e+00 -9.101504023121940179e+00
1.443555300667413333e+00 -9.151515151515152269e+00
1.445588884071090208e+00 -9.160670766960118172e+00
1.458730601199009325e+00 -9.219010457871451791e+00
1.466280211833901337e+00 -9.252525252525252597e+00
1.471872318326928220e+00 -9.277350148790523221e+00
1.485014035454847114e+00 -9.337183128733014925e+00
1.488443037007519454e+00 -9.353535353535352925e+00
1.498155752582766009e+00 -9.399853357797621101e+00
1.509624484631449715e+00 -9.454545454545455030e+00
1.511297469710685570e+00 -9.462523586864078240e+00
1.524439186838604243e+00 -9.525193815930531827e+00
1.531358137795064023e+00 -9.555555555555555358e+00
1.537580903966523360e+00 -9.582862297203847746e+00
1.550722621094442255e+00 -9.640160278640072633e+00
1.554485316230708403e+00 -9.656565656565657463e+00
1.563864338222361372e+00 -9.697458260077373993e+00
1.577006055350280267e+00 -9.755145140092775335e+00
1.577556314934028814e+00 -9.757575757575757791e+00
1.590147772478199384e+00 -9.813194992113912107e+00
1.600423663054912682e+00 -9.858585858585858119e+00
1.603289489606118279e+00 -9.871244844135773633e+00
1.616431206734037396e+00 -9.929134791532359117e+00
1.623515860810802902e+00 -9.959595959595958448e+00
1.629572923861956291e+00 -9.985638898824012344e+00
1.642714640989875186e+00 -1.004214300611448429e+01
1.647008775542087022e+00 -1.006060606060606055e+01
1.655856358117794525e+00 -1.009864711340185472e+01
1.668998075245713419e+00 -1.015242219284868241e+01
1.671297435778674068e+00 -1.016161616161616266e+01
1.682139792373632314e+00 -1.020496920976627919e+01
1.695281509501551209e+00 -1.025751622668382623e+01
1.696563877452077929e+00 -1.026262626262626299e+01
1.708423226629470548e+00 -1.030988391634943824e+01
1.721564943757389443e+00 -1.036178087197150255e+01
1.722034804586424439e+00 -1.036363636363636331e+01
1.734706660885308338e+00 -1.041367782759611771e+01
1.747613302564924087e+00 -1.046464646464646364e+01
1.747848378013227011e+00 -1.046557478322083945e+01
1.760990095141146350e+00 -1.051541750216827431e+01
1.774131812269065467e+00 -1.056493154324669703e+01
1.774324243329313378e+00 -1.056565656565656575e+01
1.787273529396984362e+00 -1.061444558432523522e+01
1.800415246524903257e+00 -1.066244934645827946e+01
1.801616305806065244e+00 -1.066666666666666607e+01
1.813556963652822152e+00 -1.070859430373537435e+01
1.826698680780741491e+00 -1.075473926101258115e+01
1.830389964401203384e+00 -1.076767676767676818e+01
1.839840397908660385e+00 -1.080079940442109532e+01
1.852982115036579280e+00 -1.084448475945432833e+01
1.860262753437701644e+00 -1.086868686868686851e+01
1.866123832164498619e+00 -1.088817011448884031e+01
1.879265549292417514e+00 -1.093185546952298814e+01
1.891648179540086350e+00 -1.096969696969696884e+01
1.892407266420336409e+00 -1.097201675036848201e+01
1.905548983548255526e+00 -1.101002443032087896e+01
1.918690700676174421e+00 -1.104803211027425291e+01
1.926888993662209781e+00 -1.107070707070707272e+01
1.931832417804093316e+00 -1.108437966657681883e+01
1.944974134932012433e+00 -1.111436341554680496e+01
1.958115852059931328e+00 -1.114434716451540730e+01
1.970111980123204543e+00 -1.117171717171717127e+01
1.971257569187850445e+00 -1.117433091348320140e+01
1.984399286315769340e+00 -1.119563213459339046e+01
1.997541003443688457e+00 -1.121466834843895199e+01
2.010682720571607351e+00 -1.123370456228468939e+01
2.023824437699526246e+00 -1.124709648414678398e+01
2.036966154827445585e+00 -1.125125229183252529e+01
2.050107871955364480e+00 -1.125540809951839982e+01
2.063249589083283375e+00 -1.125956390720619282e+01
2.076391306211202270e+00 -1.124287111197759970e+01
2.089533023339121165e+00 -1.122543372380545534e+01
2.102674740467040504e+00 -1.120799633563340691e+01
2.115816457594959399e+00 -1.117488995574499633e+01
2.116726103380834889e+00 -1.117171717171717127e+01
2.128958174722878294e+00 -1.112905252006468970e+01
2.142099891850797633e+00 -1.108321508438542757e+01
2.145357948867751663e+00 -1.107070707070706916e+01
2.155241608978716528e+00 -1.103276268998664200e+01
2.165693498652061955e+00 -1.096969696969696884e+01
2.168383326106635423e+00 -1.095346680355713431e+01
2.181525043234553873e+00 -1.087417091713162165e+01
2.182433915265948876e+00 -1.086868686868686673e+01
2.194666760362473212e+00 -1.079487503071367982e+01
2.197770959534318891e+00 -1.076767676767676818e+01
2.207808477490392551e+00 -1.067973039617035447e+01
2.209141382027338452e+00 -1.066666666666666430e+01
2.219447537086373323e+00 -1.056565656565656575e+01
2.220950194618311446e+00 -1.055092909569219195e+01
2.229753692146004607e+00 -1.046464646464646364e+01
2.234091911746230341e+00 -1.042212779522171040e+01
2.239198348556072027e+00 -1.036363636363636331e+01
2.247233628874149680e+00 -1.027159663684682300e+01
2.247826558557572074e+00 -1.026262626262626299e+01
2.254503190519490108e+00 -1.016161616161616266e+01
2.260375346002068575e+00 -1.007277690526274583e+01
2.261179822481463209e+00 -1.006060606060606055e+01
2.267856454444587389e+00 -9.959595959595958448e+00
2.273517063129987470e+00 -9.873957173724521752e+00
2.274533086408395022e+00 -9.858585858585858119e+00
2.281209718376971285e+00 -9.757575757575757791e+00
2.286658780257906365e+00 -9.675137442457842241e+00
2.287530237195151361e+00 -9.656565656565657463e+00
2.292270005021901369e+00 -9.555555555555555358e+00
2.297009772848651377e+00 -9.454545454545455030e+00
2.299800497385825260e+00 -9.395071788826399484e+00
2.301686414114124002e+00 -9.353535353535352925e+00
2.306272668041052576e+00 -9.252525252525252597e+00
2.310858922005652349e+00 -9.151515151515152269e+00
2.312942214513744155e+00 -9.105631607276166051e+00
2.315445175970252123e+00 -9.050505050505050164e+00
2.320031429933963274e+00 -8.949494949494949836e+00
2.324617683898213549e+00 -8.848484848484847731e+00
2.326083931641663494e+00 -8.816191426905408690e+00
2.328638314480055982e+00 -8.747474747474747403e+00
2.332393130312449880e+00 -8.646464646464647075e+00
2.336147946169467193e+00 -8.545454545454546746e+00
2.339225648769582389e+00 -8.462659792701042960e+00
2.339792632087454916e+00 -8.444444444444444642e+00
2.342936741187243044e+00 -8.343434343434342537e+00
2.346080850287030284e+00 -8.242424242424242209e+00
2.349224959661400103e+00 -8.141414141414141881e+00
2.352367365897501728e+00 -8.040458760816767025e+00
2.352369069162500104e+00 -8.040404040404041552e+00
2.355513178638530825e+00 -7.939393939393939448e+00
2.358657288106704719e+00 -7.838383838383838231e+00
2.361801397562055094e+00 -7.737373737373738791e+00
2.364945507527365542e+00 -7.636363636363636687e+00
2.365509083025420622e+00 -7.618257778736446717e+00
2.368002436764626850e+00 -7.535353535353535470e+00
2.371040326295212886e+00 -7.434343434343434254e+00
2.374078215825798477e+00 -7.333333333333333037e+00
2.377116105356384512e+00 -7.232323232323232709e+00
2.378650800153339517e+00 -7.181294510061671410e+00
2.379683153108517857e+00 -7.131313131313131493e+00
2.381769493724342546e+00 -7.030303030303030276e+00
2.383855834340166790e+00 -6.929292929292929060e+00
2.385942174955991479e+00 -6.828282828282828731e+00
2.388028515865564305e+00 -6.727272727272726627e+00
2.390114857658951486e+00 -6.626262626262626299e+00
2.391792517281258412e+00 -6.545039254500396808e+00
2.392201209951809737e+00 -6.525252525252525082e+00
2.394287561555221711e+00 -6.424242424242424754e+00
2.396373912666628136e+00 -6.323232323232323537e+00
2.398460263502247614e+00 -6.222222222222222321e+00
2.400546614263697975e+00 -6.121212121212121104e+00
2.402632997649370328e+00 -6.020202020202020776e+00
2.404719387128712693e+00 -5.919191919191918672e+00
2.404934234409177307e+00 -5.908790341196813678e+00
2.406805776654799445e+00 -5.818181818181818343e+00
2.408892162910598600e+00 -5.717171717171718015e+00
2.410978548990403425e+00 -5.616161616161615910e+00
2.413065002626623823e+00 -5.515151515151515582e+00
2.415151512438864945e+00 -5.414141414141413478e+00
2.417238030336369192e+00 -5.313131313131313149e+00
2.418075951537096202e+00 -5.272566878707921845e+00
2.419003822584386398e+00 -5.212121212121212821e+00
2.420554377876495522e+00 -5.111111111111110716e+00
2.422105062802334174e+00 -5.010101010101010388e+00
2.423655925974549596e+00 -4.909090909090910060e+00
2.425206789146765463e+00 -4.808080808080807955e+00
2.426757652318980885e+00 -4.707070707070707627e+00
2.428308523665267948e+00 -4.606060606060605522e+00
2.429859637768071678e+00 -4.505050505050505194e+00
2.431217668665015541e+00 -4.416659283031213690e+00
2.431388453956134565e+00 -4.404040404040404866e+00
2.432755535732538998e+00 -4.303030303030302761e+00
2.434122634609976021e+00 -4.202020202020202433e+00
2.435489772217839910e+00 -4.101010101010100328e+00
2.436857024325428611e+00 -4.000000000000000000e+00
