1.301029995663981254e+00 -8.414763729455611241e+00
1.307154176821576197e+00 -8.444444444444444642e+00
1.314171712791900148e+00 -8.478454784716753068e+00
1.327313429919819265e+00 -8.542145839977967725e+00
1.327996132871654300e+00 -8.545454545454546746e+00
1.340455147047738160e+00 -8.605836895240212669e+00
1.348838088921387790e+00 -8.646464646464647075e+00
1.353596864175657277e+00 -8.669527950502454061e+00
1.366738581303576172e+00 -8.733219005764651044e+00
1.369916121821975308e+00 -8.747474747474747403e+00
1.379880298431495511e+00 -8.792178104450966813e+00
1.392705301087444614e+00 -8.848484848484847731e+00
1.393022015559414184e+00 -8.849875348056928104e+00
1.406163732687333301e+00 -8.907572591661978123e+00
1.415712399721547943e+00 -8.949494949494949836e+00
1.419305449815252196e+00 -8.965269835266997944e+00
1.432447166943171313e+00 -9.022967078872019542e+00
1.438607502278936856e+00 -9.050505050505050164e+00
1.445588884071090208e+00 -9.081713269420585988e+00
1.458730601199009325e+00 -9.141222330472345448e+00
1.461003622151040737e+00 -9.151515151515152269e+00
1.471872318326928220e+00 -9.200731391516381308e+00
1.483310244894816110e+00 -9.252525252525252597e+00
1.485014035454847336e+00 -9.260240452560260849e+00
1.498155752582766231e+00 -9.319749513605618318e+00
1.505606145863548129e+00 -9.353535353535352925e+00
1.511297469710685348e+00 -9.379344213449417822e+00
1.524439186838604243e+00 -9.439085722661578970e+00
1.527839961709719141e+00 -9.454545454545455030e+00
1.537580903966523360e+00 -9.498827231873791632e+00
1.550059791641064555e+00 -9.555555555555555358e+00
1.550722621094442255e+00 -9.558568741086004295e+00
1.563864338222361372e+00 -9.618310250298303998e+00
1.572336533024700334e+00 -9.656565656565657463e+00
1.577006055350280267e+00 -9.677650449562889889e+00
1.590147772478199384e+00 -9.734850329101131905e+00
1.595368957470651772e+00 -9.757575757575757791e+00
1.603289489606118279e+00 -9.792050208639595965e+00
1.616431206734037396e+00 -9.849250088177052831e+00
1.618576107298091316e+00 -9.858585858585858119e+00
1.629572923861956291e+00 -9.906449967715104776e+00
1.641783257124067363e+00 -9.959595959595958448e+00
1.642714640989875408e+00 -9.963649847258858827e+00
1.655856358117794302e+00 -1.001705457370982799e+01
1.666615890448585269e+00 -1.006060606060606055e+01
1.668998075245713641e+00 -1.007024845832251536e+01
1.682139792373632314e+00 -1.012344234293525602e+01
1.691570754794387899e+00 -1.016161616161616266e+01
1.695281509501551431e+00 -1.017663622754801622e+01
1.708423226629470326e+00 -1.022983011216090787e+01
1.716740022970508317e+00 -1.026262626262626299e+01
1.721564943757389443e+00 -1.028165267876344124e+01
1.734706660885308338e+00 -1.033298548893442259e+01
1.742553593942635981e+00 -1.036363636363636331e+01
1.747848378013227233e+00 -1.038431829910562954e+01
1.760990095141146350e+00 -1.043565110927717221e+01
1.768413198552551524e+00 -1.046464646464646364e+01
1.774131812269065467e+00 -1.048698391944630259e+01
1.787273529396984362e+00 -1.053605665981097772e+01
1.795543183434467061e+00 -1.056565656565656575e+01
1.800415246524903257e+00 -1.058309533735088515e+01
1.813556963652822374e+00 -1.063013401489079257e+01
1.823763495823373937e+00 -1.066666666666666607e+01
1.826698680780741491e+00 -1.067717269243070355e+01
1.839840397908660385e+00 -1.072421136997066959e+01
1.852391740909419049e+00 -1.076767676767676818e+01
1.852982115036579280e+00 -1.076972123783673041e+01
1.866123832164498397e+00 -1.081191868474647677e+01
1.879265549292417514e+00 -1.085411613165767974e+01
1.883803371326670639e+00 -1.086868686868686851e+01
1.892407266420336409e+00 -1.089631357856754867e+01
1.905548983548255304e+00 -1.093851102547778886e+01
1.915539988547497519e+00 -1.096969696969696706e+01
1.918690700676174421e+00 -1.097953160922578775e+01
1.931832417804093316e+00 -1.101054885605584666e+01
1.944974134932012433e+00 -1.104156610288630702e+01
1.957320890207247643e+00 -1.107070707070707094e+01
1.958115852059931328e+00 -1.107258334971733582e+01
1.971257569187850223e+00 -1.110360059654853693e+01
1.984399286315769562e+00 -1.113461784337974692e+01
1.997541003443688457e+00 -1.114945247390257776e+01
2.010682720571607351e+00 -1.116238326720984730e+01
2.020168877361541160e+00 -1.117171717171717127e+01
2.023824437699526246e+00 -1.117531406051747567e+01
2.036966154827445585e+00 -1.118824485382515732e+01
2.050107871955364480e+00 -1.120117564713283898e+01
2.063249589083283375e+00 -1.119330736257816028e+01
2.076391306211202270e+00 -1.117583950367347967e+01
2.079492689201028366e+00 -1.117171717171716949e+01
2.089533023339121165e+00 -1.115837164476830878e+01
2.102674740467040504e+00 -1.114090378586298868e+01
2.115816457594959399e+00 -1.112343592695763661e+01
2.128958174722878294e+00 -1.108455449628825562e+01
2.131861741004348776e+00 -1.107070707070707094e+01
2.142099891850797633e+00 -1.102188020808637603e+01
2.153041816799543096e+00 -1.096969696969696884e+01
2.155241608978716528e+00 -1.095920591988337733e+01
2.168383326106635423e+00 -1.089653163167997008e+01
2.174221892594405681e+00 -1.086868686868686851e+01
2.181525043234554317e+00 -1.083385734347602991e+01
2.192192562312061721e+00 -1.076767676767676818e+01
2.194666760362473212e+00 -1.075232700824078158e+01
2.203047218042969213e+00 -1.066666666666666607e+01
2.207808477490392551e+00 -1.061799974104774336e+01
2.212929397605437831e+00 -1.056565656565656575e+01
2.220950194618311446e+00 -1.048367247385470868e+01
2.222811577167906893e+00 -1.046464646464646187e+01
2.232693756730375512e+00 -1.036363636363636331e+01
2.234091911746230341e+00 -1.034934520666188540e+01
2.242575936292990235e+00 -1.026262626262626299e+01
2.247233628874149680e+00 -1.021501793947053471e+01
2.252225987828929910e+00 -1.016161616161616266e+01
2.260375346002068575e+00 -1.007444490274519922e+01
2.261094193374021621e+00 -1.006060606060606055e+01
2.266341080716313350e+00 -9.959595959595958448e+00
2.271587968058605522e+00 -9.858585858585858119e+00
2.273517063129987470e+00 -9.821448013741811423e+00
2.276834855400524216e+00 -9.757575757575757791e+00
2.282081742741703057e+00 -9.656565656565657463e+00
2.286658780257906365e+00 -9.568451124697235244e+00
2.287328630082931635e+00 -9.555555555555553582e+00
2.292575517424463083e+00 -9.454545454545455030e+00
2.297822404766022508e+00 -9.353535353535352925e+00
2.299800497385825260e+00 -9.315454235658766180e+00
2.303069292107438049e+00 -9.252525252525252597e+00
2.308316179447627903e+00 -9.151515151515152269e+00
2.312942214513744155e+00 -9.062457346536149316e+00
2.313563066785639499e+00 -9.050505050505050164e+00
2.318809954122765582e+00 -8.949494949494949836e+00
2.324056841459891221e+00 -8.848484848484847731e+00
2.326083931641663494e+00 -8.809460457286544255e+00
2.327998582302542196e+00 -8.747474747474747403e+00
2.331118641049411355e+00 -8.646464646464647075e+00
2.334238699797028804e+00 -8.545454545454546746e+00
2.337358758544646253e+00 -8.444444444444444642e+00
2.339225648769582389e+00 -8.384004951008762418e+00
2.340390300039298932e+00 -8.343434343434342537e+00
2.343289974198228709e+00 -8.242424242424242209e+00
2.346189648344354062e+00 -8.141414141414141881e+00
2.349089322484570808e+00 -8.040404040404041552e+00
2.351988996624787109e+00 -7.939393939393939448e+00
2.352367365897501728e+00 -7.926213451946869881e+00
2.354888670746746016e+00 -7.838383838383838231e+00
2.357788344843061878e+00 -7.737373737373738791e+00
2.360688018869318228e+00 -7.636363636363636687e+00
2.363587692817731511e+00 -7.535353535353535470e+00
2.365509083025420622e+00 -7.468421934624856817e+00
2.366487366766144351e+00 -7.434343434343434254e+00
2.369387040768239583e+00 -7.333333333333333037e+00
2.372286714797517071e+00 -7.232323232323232709e+00
2.375186388783830260e+00 -7.131313131313131493e+00
2.378086062613140594e+00 -7.030303030303030276e+00
2.378650800153339517e+00 -7.010630402805094974e+00
2.380985736008055298e+00 -6.929292929292928171e+00
2.383885409342925588e+00 -6.828282828282828731e+00
2.386785082677794989e+00 -6.727272727272727515e+00
2.389684755996353438e+00 -6.626262626262626299e+00
2.391792517281258412e+00 -6.552838744731266374e+00
2.392296542651430880e+00 -6.525252525252525082e+00
2.394142088977420091e+00 -6.424242424242423866e+00
2.395987635303409746e+00 -6.323232323232323537e+00
2.397833181629398958e+00 -6.222222222222222321e+00
2.399678727955388169e+00 -6.121212121212121104e+00
2.401524268092357861e+00 -6.020202020202020776e+00
2.403369810038543442e+00 -5.919191919191918672e+00
2.404934234409177307e+00 -5.833567929974576849e+00
2.405166167985754555e+00 -5.818181818181818343e+00
2.406688816092910077e+00 -5.717171717171718015e+00
2.408211464200065155e+00 -5.616161616161615910e+00
2.409734093106943309e+00 -5.515151515151515582e+00
2.411256721448591822e+00 -5.414141414141413478e+00
2.412779357275848469e+00 -5.313131313131313149e+00
2.414301993103104671e+00 -5.212121212121212821e+00
2.415824628930361317e+00 -5.111111111111110716e+00
2.417347250744886544e+00 -5.010101010101010388e+00
2.418075951537096202e+00 -4.961758689400626032e+00
2.418869853291905514e+00 -4.909090909090910060e+00
2.420392455838925372e+00 -4.808080808080807955e+00
2.421915041446100147e+00 -4.707070707070707627e+00
2.423437574851777132e+00 -4.606060606060605522e+00
2.424960042811517891e+00 -4.505050505050505194e+00
2.426482294210373425e+00 -4.404040404040404866e+00
2.428004578357606746e+00 -4.303030303030302761e+00
2.429526960715110206e+00 -4.202020202020202433e+00
2.431049416667171670e+00 -4.101010101010100328e+00
2.431217668665015541e+00 -4.089847117099594698e+00
2.432571872619234021e+00 -4.000000000000000000e+00
