1.301029995663981254e+00 -7.829574122242781264e+00
1.302876780347848928e+00 -7.838383838383837343e+00
1.314171712791900148e+00 -7.892264049506287904e+00
1.324051572418273315e+00 -7.939393939393939448e+00
1.327313429919819487e+00 -7.954953976744318034e+00
1.340455147047737938e+00 -8.017643903903131530e+00
1.345259779654967680e+00 -8.040404040404041552e+00
1.353596864175657277e+00 -8.079897836746228634e+00
1.366647386068072789e+00 -8.141414141414141881e+00
1.366738581303575950e+00 -8.141844008812539002e+00
1.379880298431495289e+00 -8.203790180902494455e+00
1.388176297896376976e+00 -8.242424242424242209e+00
1.393022015559414184e+00 -8.264990511310314147e+00
1.406163732687333301e+00 -8.322610801571105554e+00
1.410913050948508829e+00 -8.343434343434342537e+00
1.419305449815252196e+00 -8.380231091835732116e+00
1.432447166943171313e+00 -8.437851382100358677e+00
1.433892310231308809e+00 -8.444444444444444642e+00
1.445588884071090208e+00 -8.497806793472999942e+00
1.455905024736822817e+00 -8.545454545454546746e+00
1.458730601199009103e+00 -8.558505197903219397e+00
1.471872318326928220e+00 -8.619203602301656275e+00
1.477805151579940635e+00 -8.646464646464647075e+00
1.485014035454847336e+00 -8.679589073410362232e+00
1.498155752582766231e+00 -8.739379971227368316e+00
1.499934940779527714e+00 -8.747474747474747403e+00
1.511297469710685348e+00 -8.799170869097242331e+00
1.522136416617381416e+00 -8.848484848484847731e+00
1.524439186838604243e+00 -8.858961766971097163e+00
1.537580903966523582e+00 -8.917710600507669838e+00
1.544700202112913479e+00 -8.949494949494949836e+00
1.550722621094442255e+00 -8.976382244099770702e+00
1.563864338222361372e+00 -9.035053887697653607e+00
1.567363740095724323e+00 -9.050505050505050164e+00
1.577006055350280267e+00 -9.093079464141975876e+00
1.590147772478199384e+00 -9.150502044566428239e+00
1.590379631876432498e+00 -9.151515151515152269e+00
1.603289489606118279e+00 -9.207924624983347073e+00
1.613518886280634002e+00 -9.252525252525252597e+00
1.616431206734037396e+00 -9.265223100112784493e+00
1.629572923861956291e+00 -9.321445996050396587e+00
1.637073591549915497e+00 -9.353535353535352925e+00
1.642714640989875186e+00 -9.377668891989458189e+00
1.655856358117794525e+00 -9.433891787930228645e+00
1.660915319494472797e+00 -9.454545454545455030e+00
1.668998075245713419e+00 -9.487544034725967634e+00
1.682139792373632314e+00 -9.540039489404190221e+00
1.686024085853533805e+00 -9.555555555555555358e+00
1.695281509501551209e+00 -9.592534944072701464e+00
1.708423226629470326e+00 -9.644971699447072666e+00
1.711337471552998091e+00 -9.656565656565657463e+00
1.721564943757389443e+00 -9.697254369175881905e+00
1.734706660885308338e+00 -9.749537038904689368e+00
1.736727264794649006e+00 -9.757575757575757791e+00
1.747848378013227233e+00 -9.801819708638998208e+00
1.760990095141146350e+00 -9.852170799354730946e+00
1.762674776601531823e+00 -9.858585858585858119e+00
1.774131812269065467e+00 -9.902212837428471914e+00
1.787273529396984362e+00 -9.952254875502948295e+00
1.789257753860568512e+00 -9.959595959595958448e+00
1.800415246524903257e+00 -1.000087560986701440e+01
1.813556963652822374e+00 -1.004774704735731561e+01
1.817162347308334258e+00 -1.006060606060606055e+01
1.826698680780741491e+00 -1.009461848485224955e+01
1.839840397908660385e+00 -1.014141284953674926e+01
1.845788607289405414e+00 -1.016161616161616266e+01
1.852982115036579280e+00 -1.018604917542907273e+01
1.866123832164498175e+00 -1.023068550132139620e+01
1.875527752436330964e+00 -1.026262626262626299e+01
1.879265549292417514e+00 -1.027532182721458476e+01
1.892407266420336409e+00 -1.031657781421419529e+01
1.905548983548255304e+00 -1.035576803855366279e+01
1.908187480884011356e+00 -1.036363636363636331e+01
1.918690700676174421e+00 -1.039495826289567226e+01
1.931832417804093094e+00 -1.043253511363065300e+01
1.944974134932012433e+00 -1.046392736554830449e+01
1.945275170899725792e+00 -1.046464646464646364e+01
1.958115852059931106e+00 -1.049531961746668429e+01
1.971257569187850223e+00 -1.052671186938506409e+01
1.984399286315769118e+00 -1.054958727010639663e+01
1.994624041273941106e+00 -1.056565656565656575e+01
1.997541003443688457e+00 -1.057024088356017799e+01
2.010682720571607796e+00 -1.059089449701003005e+01
2.023824437699525802e+00 -1.060598069378187525e+01
2.036966154827445585e+00 -1.061195657233176171e+01
2.050107871955364480e+00 -1.061793245087671522e+01
2.063249589083283375e+00 -1.062390832942010022e+01
2.076391306211202270e+00 -1.060928626942657793e+01
2.089533023339121165e+00 -1.059392856878994493e+01
2.102674740467040504e+00 -1.057857086815920233e+01
2.108184488495047582e+00 -1.056565656565656575e+01
2.115816457594959399e+00 -1.054776798760435241e+01
2.128958174722878294e+00 -1.050441589833813794e+01
2.141013848549885967e+00 -1.046464646464646364e+01
2.142099891850797633e+00 -1.046106380907186306e+01
2.155241608978716528e+00 -1.041316975895100683e+01
2.163775205321822437e+00 -1.036363636363636331e+01
2.168383326106635423e+00 -1.033688845346328833e+01
2.181177190857471970e+00 -1.026262626262626299e+01
2.181525043234554317e+00 -1.026060714798751228e+01
2.194666760362473212e+00 -1.018432584253757156e+01
2.197336607455104396e+00 -1.016161616161616266e+01
2.207808477490392551e+00 -1.007254258590156226e+01
2.209060326354403969e+00 -1.006060606060606055e+01
2.219653809556089818e+00 -9.959595959595958448e+00
2.220950194618311446e+00 -9.947234776443067972e+00
2.230247292757764566e+00 -9.858585858585858119e+00
2.234091911746230341e+00 -9.821926967002882591e+00
2.239843625876779321e+00 -9.757575757575757791e+00
2.247233628874149680e+00 -9.674895078566066786e+00
2.248466965695037345e+00 -9.656565656565657463e+00
2.255263659931840969e+00 -9.555555555555555358e+00
2.260375346002068575e+00 -9.479587458667083411e+00
2.262060354168323073e+00 -9.454545454545453254e+00
2.268857048404995691e+00 -9.353535353535352925e+00
2.273517063129987470e+00 -9.284279838813915831e+00
2.275653742646216671e+00 -9.252525252525252597e+00
2.282450436934623905e+00 -9.151515151515152269e+00
2.286658780257906365e+00 -9.088972220275632452e+00
2.288481162261710722e+00 -9.050505050505050164e+00
2.293266515366218616e+00 -8.949494949494949836e+00
2.298051868470726511e+00 -8.848484848484847731e+00
2.299800497385825260e+00 -8.811574472283574266e+00
2.302736954223680410e+00 -8.747474747474747403e+00
2.307364303397799965e+00 -8.646464646464647075e+00
2.311991652584495682e+00 -8.545454545454546746e+00
2.312942214513744155e+00 -8.524704791709341478e+00
2.316619001802404210e+00 -8.444444444444444642e+00
2.321246351036801769e+00 -8.343434343434342537e+00
2.325873700271199773e+00 -8.242424242424242209e+00
2.326083931641663494e+00 -8.237835115966374744e+00
2.329685419873338326e+00 -8.141414141414141881e+00
2.333458320002876452e+00 -8.040404040404041552e+00
2.337231220137572674e+00 -7.939393939393939448e+00
2.339225648769581944e+00 -7.885998028984310793e+00
2.340710379032738597e+00 -7.838383838383839120e+00
2.343860128129863885e+00 -7.737373737373737903e+00
2.347009877741975004e+00 -7.636363636363636687e+00
2.350159627926292849e+00 -7.535353535353534582e+00
2.352367365897501728e+00 -7.464553052005365785e+00
2.353309378130454377e+00 -7.434343434343434254e+00
2.356459128558333393e+00 -7.333333333333332149e+00
2.359608879101861234e+00 -7.232323232323232709e+00
2.362758630769805634e+00 -7.131313131313131493e+00
2.365509083025420622e+00 -7.043108341935684358e+00
2.365894792335569541e+00 -7.030303030303030276e+00
2.368937321677790919e+00 -6.929292929292929060e+00
2.371979851020012298e+00 -6.828282828282828731e+00
2.375022380250630061e+00 -6.727272727272727515e+00
2.378064910609820171e+00 -6.626262626262626299e+00
2.378650800153339517e+00 -6.606811546156952986e+00
2.380333931834933026e+00 -6.525252525252525082e+00
2.382418475248291756e+00 -6.424242424242425642e+00
2.384503018512022621e+00 -6.323232323232323537e+00
2.386587561775753485e+00 -6.222222222222222321e+00
2.388672105039484794e+00 -6.121212121212121104e+00
2.390756680499320108e+00 -6.020202020202020776e+00
2.391792517281258412e+00 -5.970009697886380806e+00
2.392841261543880993e+00 -5.919191919191918672e+00
2.394925838571454690e+00 -5.818181818181819231e+00
2.397010415908037650e+00 -5.717171717171718015e+00
2.399094992734188025e+00 -5.616161616161615910e+00
2.401179637290668634e+00 -5.515151515151515582e+00
2.403264321356509026e+00 -5.414141414141413478e+00
2.404934234409177307e+00 -5.333228904600129106e+00
2.405349019703522551e+00 -5.313131313131313149e+00
2.407433732055726416e+00 -5.212121212121211933e+00
2.409518444407930282e+00 -5.111111111111110716e+00
2.411603331024989583e+00 -5.010101010101010388e+00
2.413688457256225384e+00 -4.909090909090910060e+00
2.415773583487460741e+00 -4.808080808080807955e+00
2.417858709386096816e+00 -4.707070707070707627e+00
2.418075951537096202e+00 -4.696546827177271233e+00
2.419454307983188279e+00 -4.606060606060606410e+00
2.420993173619413685e+00 -4.505050505050505194e+00
2.422532870799225968e+00 -4.404040404040404866e+00
2.424072567979037807e+00 -4.303030303030302761e+00
2.425612265158849645e+00 -4.202020202020202433e+00
2.427151962338661928e+00 -4.101010101010100328e+00
2.428691773523152797e+00 -4.000000000000000000e+00
