1.301029995663981254e+00 -7.804584097553600941e+00
1.308441090794786321e+00 -7.838383838383837343e+00
1.314171712791900148e+00 -7.864519454629457229e+00
1.327313429919819265e+00 -7.924454811690471168e+00
1.330589055531569587e+00 -7.939393939393939448e+00
1.340455147047738160e+00 -7.984390168670526755e+00
1.352647899433683687e+00 -8.040404040404041552e+00
1.353596864175657277e+00 -8.044763613013085291e+00
1.366738581303576172e+00 -8.105446295425560166e+00
1.374527941285777821e+00 -8.141414141414141881e+00
1.379880298431495511e+00 -8.166128977818216228e+00
1.393022015559414184e+00 -8.226717308403344475e+00
1.396454535178740741e+00 -8.242424242424242209e+00
1.406163732687333301e+00 -8.286852750285946811e+00
1.418528808393419327e+00 -8.343434343434342537e+00
1.419305449815252196e+00 -8.346988192193290246e+00
1.432447166943171313e+00 -8.407123634100631904e+00
1.440635342783372908e+00 -8.444444444444444642e+00
1.445588884071090430e+00 -8.467022144110037729e+00
1.458730601199009325e+00 -8.526845266682544278e+00
1.462818617123040177e+00 -8.545454545454546746e+00
1.471872318326928220e+00 -8.586668389222419151e+00
1.485014035454847336e+00 -8.646240030301342472e+00
1.485063987239439998e+00 -8.646464646464647075e+00
1.498155752582766231e+00 -8.705333856559963834e+00
1.507527352005137100e+00 -8.747474747474747403e+00
1.511297469710685348e+00 -8.764427682827536259e+00
1.524439186838604243e+00 -8.823521509139517605e+00
1.530057371860402693e+00 -8.848484848484847731e+00
1.537580903966523582e+00 -8.881914236144172747e+00
1.550722621094442255e+00 -8.940255029871941872e+00
1.552803984788820868e+00 -8.949494949494949836e+00
1.563864338222361372e+00 -8.998595823601666766e+00
1.575587122656248562e+00 -9.050505050505050164e+00
1.577006055350280267e+00 -9.056788173733197667e+00
1.590147772478199606e+00 -9.114841976494266973e+00
1.598449528255375007e+00 -9.151515151515152269e+00
1.603289489606118279e+00 -9.172895779237077107e+00
1.616431206734037396e+00 -9.230852125225558424e+00
1.621418311033219428e+00 -9.252525252525252597e+00
1.629572923861956291e+00 -9.287963846024050341e+00
1.642714640989875186e+00 -9.345075566832090175e+00
1.644661283854839340e+00 -9.353535353535352925e+00
1.655856358117794302e+00 -9.402187287642654212e+00
1.668697856850909877e+00 -9.454545454545455030e+00
1.668998075245713419e+00 -9.455769523881059513e+00
1.682139792373632314e+00 -9.507763492060208321e+00
1.694219458562660652e+00 -9.555555555555555358e+00
1.695281509501551209e+00 -9.559757460236680160e+00
1.708423226629470326e+00 -9.612137676371428796e+00
1.719358138203617603e+00 -9.656565656565657463e+00
1.721564943757389443e+00 -9.665531793399107841e+00
1.734706660885308338e+00 -9.718925910426785109e+00
1.744219419715968833e+00 -9.757575757575757791e+00
1.747848378013227233e+00 -9.772320027456899538e+00
1.760990095141146572e+00 -9.823766455647168883e+00
1.769938732118779390e+00 -9.858585858585858119e+00
1.774131812269065689e+00 -9.874901253621219510e+00
1.787273529396984362e+00 -9.926036051597913357e+00
1.796144851782841112e+00 -9.959595959595958448e+00
1.800415246524903257e+00 -9.975750716285606501e+00
1.813556963652822374e+00 -1.002371752461733045e+01
1.823663508617930029e+00 -1.006060606060606055e+01
1.826698680780741713e+00 -1.007168433294812182e+01
1.839840397908660385e+00 -1.011957721755877060e+01
1.851896868776230720e+00 -1.016161616161616443e+01
1.852982115036579280e+00 -1.016540023801201897e+01
1.866123832164498175e+00 -1.021122325846526735e+01
1.879265549292417514e+00 -1.025704627891886389e+01
1.880989416353427535e+00 -1.026262626262626299e+01
1.892407266420336409e+00 -1.029958469103009833e+01
1.905548983548255304e+00 -1.034011584248137083e+01
1.913175217312962362e+00 -1.036363636363636331e+01
1.918690700676174643e+00 -1.038064699393433798e+01
1.931832417804093538e+00 -1.041960047849875792e+01
1.944974134932012433e+00 -1.045250623999390527e+01
1.949822629268858964e+00 -1.046464646464646364e+01
1.958115852059931328e+00 -1.048541200148791219e+01
1.971257569187850223e+00 -1.051831776298191912e+01
1.984399286315769340e+00 -1.054282435159426790e+01
1.997541003443688457e+00 -1.056513985163199543e+01
1.997845299091745463e+00 -1.056565656565656575e+01
2.010682720571607351e+00 -1.058745535167373930e+01
2.023824437699526246e+00 -1.060421338305430794e+01
2.036966154827445585e+00 -1.061187737478611304e+01
2.050107871955364480e+00 -1.061954136651528202e+01
2.063249589083283375e+00 -1.062720535824362500e+01
2.076391306211202270e+00 -1.061408327139024088e+01
2.089533023339121165e+00 -1.060021882460664777e+01
2.102674740467040504e+00 -1.058635437782964139e+01
2.111888775000153373e+00 -1.056565656565656575e+01
2.115816457594959399e+00 -1.055683367310817999e+01
2.128958174722878294e+00 -1.051459225878334180e+01
2.142099891850797633e+00 -1.047235084445853914e+01
2.144261230521974149e+00 -1.046464646464646364e+01
2.155241608978716528e+00 -1.042550544189086281e+01
2.165993558022956567e+00 -1.036363636363636331e+01
2.168383326106635423e+00 -1.034988511277580692e+01
2.181525043234554317e+00 -1.027426478367412344e+01
2.183547649499538501e+00 -1.026262626262626299e+01
2.194666760362473212e+00 -1.019864445459512048e+01
2.199033333342197416e+00 -1.016161616161616266e+01
2.207808477490392551e+00 -1.008720343338266900e+01
2.210602813846041848e+00 -1.006060606060606055e+01
2.220950194618311446e+00 -9.962116434222302530e+00
2.221214997233998290e+00 -9.959595959595958448e+00
2.231827180621957396e+00 -9.858585858585858119e+00
2.234091911746230341e+00 -9.837029435072730976e+00
2.241203556360225502e+00 -9.757575757575757791e+00
2.247233628874149680e+00 -9.690205766241936303e+00
2.249499270971767384e+00 -9.656565656565657463e+00
2.256302243357193760e+00 -9.555555555555555358e+00
2.260375346002068575e+00 -9.495078386709495888e+00
2.263105215742049037e+00 -9.454545454545455030e+00
2.269908188127213400e+00 -9.353535353535352925e+00
2.273517063129987470e+00 -9.299951007211106457e+00
2.276711160516896371e+00 -9.252525252525252597e+00
2.283514132954819864e+00 -9.151515151515152269e+00
2.286658780257906365e+00 -9.104823628919774592e+00
2.289243227003537662e+00 -9.050505050505050164e+00
2.294049229561967440e+00 -8.949494949494949836e+00
2.298855232120397218e+00 -8.848484848484847731e+00
2.299800497385825260e+00 -8.828617747129529292e+00
2.303534753806823154e+00 -8.747474747474747403e+00
2.308183307948006302e+00 -8.646464646464647075e+00
2.312831862101935254e+00 -8.545454545454546746e+00
2.312942214513744155e+00 -8.543056658315794749e+00
2.317480416290957024e+00 -8.444444444444444642e+00
2.322128970493745559e+00 -8.343434343434342537e+00
2.326083931641663494e+00 -8.257495574601097843e+00
2.326650024782244142e+00 -8.242424242424242209e+00
2.330444057613705322e+00 -8.141414141414141881e+00
2.334238090622674733e+00 -8.040404040404041552e+00
2.338032123636058834e+00 -7.939393939393939448e+00
2.339225648769582389e+00 -7.907618228990255460e+00
2.341398250518903712e+00 -7.838383838383837343e+00
2.344567986256179459e+00 -7.737373737373737903e+00
2.347737722516095360e+00 -7.636363636363636687e+00
2.350907459356722740e+00 -7.535353535353535470e+00
2.352367365897501728e+00 -7.488830648892018438e+00
2.354077196234024338e+00 -7.434343434343434254e+00
2.357246933330675809e+00 -7.333333333333332149e+00
2.360416670537668793e+00 -7.232323232323232709e+00
2.363586408886245493e+00 -7.131313131313131493e+00
2.365509083025420622e+00 -7.070043306549914419e+00
2.366713582542612659e+00 -7.030303030303031164e+00
2.369775126884738459e+00 -6.929292929292929060e+00
2.372836671226864702e+00 -6.828282828282828731e+00
2.375898215482801668e+00 -6.727272727272727515e+00
2.378650800153339517e+00 -6.636456222370472169e+00
2.378862299159539617e+00 -6.626262626262626299e+00
2.380958088677418427e+00 -6.525252525252525970e+00
2.383053878454034269e+00 -6.424242424242424754e+00
2.385149668022082281e+00 -6.323232323232323537e+00
2.387245457590130293e+00 -6.222222222222223209e+00
2.389341247158178305e+00 -6.121212121212121104e+00
2.391437069660117043e+00 -6.020202020202020776e+00
2.391792517281258412e+00 -6.003070940405967448e+00
2.393532897378578106e+00 -5.919191919191918672e+00
2.395628721568804131e+00 -5.818181818181818343e+00
2.397724545828741505e+00 -5.717171717171718015e+00
2.399820369453193436e+00 -5.616161616161615910e+00
2.401916261778166639e+00 -5.515151515151515582e+00
2.404012194178444251e+00 -5.414141414141413478e+00
2.404934234409177307e+00 -5.369705448032103590e+00
2.406108143142561939e+00 -5.313131313131313149e+00
2.408204104336804097e+00 -5.212121212121212821e+00
2.410300065531046698e+00 -5.111111111111110716e+00
2.412396203544863837e+00 -5.010101010101010388e+00
2.414492584685596910e+00 -4.909090909090910060e+00
2.416588965826329982e+00 -4.808080808080807955e+00
2.418075951537096202e+00 -4.736433256055714303e+00
2.418528291463848845e+00 -4.707070707070707627e+00
2.420084387620097033e+00 -4.606060606060605522e+00
2.421640692336828771e+00 -4.505050505050505194e+00
2.423197842420488080e+00 -4.404040404040404866e+00
2.424754992504147388e+00 -4.303030303030302761e+00
2.426312142587806697e+00 -4.202020202020202433e+00
2.427869292671466006e+00 -4.101010101010100328e+00
2.429426575492403817e+00 -4.000000000000000000e+00
