1.301029995663981254e+00 -8.418350027834378579e+00
1.306736106447382806e+00 -8.444444444444444642e+00
1.314171712791900148e+00 -8.478447957006222779e+00
1.327313429919819265e+00 -8.538545886177807631e+00
1.328824158279406031e+00 -8.545454545454546746e+00
1.340455147047738160e+00 -8.598643815345575092e+00
1.350912210112859446e+00 -8.646464646464647075e+00
1.353596864175657499e+00 -8.658741744513154259e+00
1.366738581303576172e+00 -8.718839673680633950e+00
1.372977845798910579e+00 -8.747474747474747403e+00
1.379880298431495289e+00 -8.779153519971140796e+00
1.393022015559414184e+00 -8.839524944160114472e+00
1.394972417255420538e+00 -8.848484848484847731e+00
1.406163732687333301e+00 -8.899896368349281772e+00
1.416960405651683352e+00 -8.949494949494949836e+00
1.419305449815252196e+00 -8.960267792538450848e+00
1.432447166943171313e+00 -9.020639216727618148e+00
1.438996367991325576e+00 -9.050505050505050164e+00
1.445588884071090208e+00 -9.080568410595176942e+00
1.458730601199009325e+00 -9.140175982409765254e+00
1.461230554616218313e+00 -9.151515151515152269e+00
1.471872318326928220e+00 -9.199783554223945004e+00
1.483500312201309512e+00 -9.252525252525252597e+00
1.485014035454847336e+00 -9.259391126038432063e+00
1.498155752582766231e+00 -9.318998697855246149e+00
1.505823670524374824e+00 -9.353535353535352925e+00
1.511297469710685348e+00 -9.378189597255605747e+00
1.524439186838604243e+00 -9.436666201087964723e+00
1.528457274005058597e+00 -9.454545454545455030e+00
1.537580903966523138e+00 -9.495142804920336133e+00
1.550722621094442255e+00 -9.553619408752707542e+00
1.551157740303383825e+00 -9.555555555555555358e+00
1.563864338222361372e+00 -9.612096012585098492e+00
1.573872797698148140e+00 -9.656565656565657463e+00
1.577006055350280267e+00 -9.670487364759287274e+00
1.590147772478199384e+00 -9.728424041422051971e+00
1.596760226446030106e+00 -9.757575757575757791e+00
1.603289489606118279e+00 -9.786360718084749166e+00
1.616431206734037396e+00 -9.844297394746805097e+00
1.619672244376921588e+00 -9.858585858585858119e+00
1.629572923861956291e+00 -9.902234071408624771e+00
1.642584262307749343e+00 -9.959595959595960224e+00
1.642714640989875186e+00 -9.960170748071201174e+00
1.655856358117794302e+00 -1.001360911328559666e+01
1.667468286699756108e+00 -1.006060606060606055e+01
1.668998075245713197e+00 -1.006679757230873129e+01
1.682139792373632314e+00 -1.011998603133181618e+01
1.692425696613835129e+00 -1.016161616161616266e+01
1.695281509501551209e+00 -1.017317449035489041e+01
1.708423226629470104e+00 -1.022636294937783852e+01
1.717469831356141619e+00 -1.026262626262626299e+01
1.721564943757389443e+00 -1.027904151987268122e+01
1.734706660885308338e+00 -1.033153798732110040e+01
1.742742016449282838e+00 -1.036363636363636331e+01
1.747848378013227011e+00 -1.038403445476992104e+01
1.760990095141146350e+00 -1.043653092221937229e+01
1.768028406925193696e+00 -1.046464646464646364e+01
1.774131812269065467e+00 -1.048902738966961934e+01
1.787273529396984362e+00 -1.053927781231218574e+01
1.794461367456273493e+00 -1.056565656565656575e+01
1.800415246524903257e+00 -1.058750679462641386e+01
1.813556963652822596e+00 -1.063573577694062067e+01
1.821985194641535744e+00 -1.066666666666666785e+01
1.826698680780741268e+00 -1.068396475925480793e+01
1.839840397908660385e+00 -1.073219374156851202e+01
1.849811564132732400e+00 -1.076767676767676818e+01
1.852982115036579280e+00 -1.077895937373996205e+01
1.866123832164498397e+00 -1.082255441393730955e+01
1.879265549292417514e+00 -1.086614945413438527e+01
1.880030452458792967e+00 -1.086868686868686851e+01
1.892407266420336409e+00 -1.090974449432996707e+01
1.905548983548255304e+00 -1.095333953452623277e+01
1.910612652557284630e+00 -1.096969696969696884e+01
1.918690700676174199e+00 -1.099579191156171021e+01
1.931832417804093316e+00 -1.102853165170400018e+01
1.944974134932012433e+00 -1.106127139184631858e+01
1.948761612228968598e+00 -1.107070707070707094e+01
1.958115852059931328e+00 -1.109401113198880218e+01
1.971257569187850223e+00 -1.112675087213130709e+01
1.984399286315769340e+00 -1.115949061227382799e+01
1.993956550666277305e+00 -1.117171717171717127e+01
1.997541003443688457e+00 -1.117630274383776978e+01
2.010682720571607351e+00 -1.119124103909577528e+01
2.023824437699526246e+00 -1.120617933435475777e+01
2.036966154827445585e+00 -1.122111762961378290e+01
2.050107871955364480e+00 -1.123605592487281157e+01
2.063249589083283375e+00 -1.123016004317373984e+01
2.076391306211202270e+00 -1.121464838754234705e+01
2.089533023339121165e+00 -1.119913673191122960e+01
2.102674740467040504e+00 -1.118362507628021874e+01
2.112763303356544498e+00 -1.117171717171717127e+01
2.115816457594959843e+00 -1.116811342064920431e+01
2.128958174722878294e+00 -1.113102013310053451e+01
2.141936393916973547e+00 -1.107070707070707094e+01
2.142099891850797633e+00 -1.106994725451531281e+01
2.155241608978716528e+00 -1.100887437593296170e+01
2.163671838608189901e+00 -1.096969696969696884e+01
2.168383326106635423e+00 -1.094780149735336217e+01
2.181525043234554317e+00 -1.088672861877376086e+01
2.184488828552078932e+00 -1.086868686868686851e+01
2.194666760362473212e+00 -1.080672971509526903e+01
2.198525816991981241e+00 -1.076767676767676818e+01
2.207808477490392995e+00 -1.067373794087149541e+01
2.208507232626760963e+00 -1.066666666666666607e+01
2.218488648261520257e+00 -1.056565656565656575e+01
2.220950194618311446e+00 -1.054074616664714981e+01
2.228470063896273778e+00 -1.046464646464646364e+01
2.234091911746229897e+00 -1.040775439242272427e+01
2.238451479531026855e+00 -1.036363636363636331e+01
2.247233628874149680e+00 -1.027476261820086378e+01
2.248379724185756157e+00 -1.026262626262626299e+01
2.257918601197372421e+00 -1.016161616161616266e+01
2.260375346002068575e+00 -1.013560093565440923e+01
2.264314125088975782e+00 -1.006060606060606055e+01
2.269619240580780684e+00 -9.959595959595958448e+00
2.273517063129987470e+00 -9.885380902445351836e+00
2.274924356072585141e+00 -9.858585858585858119e+00
2.280229471563997912e+00 -9.757575757575757791e+00
2.285534587054573574e+00 -9.656565656565657463e+00
2.286658780257906365e+00 -9.635160869200744216e+00
2.290839702545217182e+00 -9.555555555555553582e+00
2.296144818035966484e+00 -9.454545454545455030e+00
2.299800497385825260e+00 -9.384940835941893766e+00
2.301449933526835689e+00 -9.353535353535352925e+00
2.306755049017606307e+00 -9.252525252525252597e+00
2.312060164507544258e+00 -9.151515151515152269e+00
2.312942214513744155e+00 -9.134720802659742844e+00
2.317365279994733740e+00 -9.050505050505050164e+00
2.322670395481666539e+00 -8.949494949494949836e+00
2.326083931641663494e+00 -8.884500769222682948e+00
2.327211965255679527e+00 -8.848484848484847731e+00
2.330375643622364379e+00 -8.747474747474747403e+00
2.333539321978840952e+00 -8.646464646464647075e+00
2.336703000337839065e+00 -8.545454545454546746e+00
2.339225648769582389e+00 -8.464911284102262456e+00
2.339821575760719252e+00 -8.444444444444444642e+00
2.342762657362754464e+00 -8.343434343434342537e+00
2.345703738964789675e+00 -8.242424242424242209e+00
2.348644820555392698e+00 -8.141414141414141881e+00
2.351585902140719497e+00 -8.040404040404041552e+00
2.352367365897501728e+00 -8.013565025328041713e+00
2.354526983724223310e+00 -7.939393939393939448e+00
2.357468065286650205e+00 -7.838383838383837343e+00
2.360409146828996718e+00 -7.737373737373737903e+00
2.363350228305610479e+00 -7.636363636363636687e+00
2.365509083025420622e+00 -7.562218754467862070e+00
2.366291309709188440e+00 -7.535353535353535470e+00
2.369232391112766400e+00 -7.434343434343434254e+00
2.372173472553078533e+00 -7.333333333333333037e+00
2.375114554026204861e+00 -7.232323232323232709e+00
2.378055635471774565e+00 -7.131313131313131493e+00
2.378650800153339517e+00 -7.110872470775815302e+00
2.380996716715206407e+00 -7.030303030303030276e+00
2.383937797571504369e+00 -6.929292929292929060e+00
2.386878878393559056e+00 -6.828282828282828731e+00
2.389819959215613743e+00 -6.727272727272727515e+00
2.391792517281258412e+00 -6.659526105415789488e+00
2.392411084381011133e+00 -6.626262626262625410e+00
2.394289465505287318e+00 -6.525252525252525082e+00
2.396167846433737481e+00 -6.424242424242424754e+00
2.398046227362187643e+00 -6.323232323232323537e+00
2.399924608290637806e+00 -6.222222222222222321e+00
2.401802989219087969e+00 -6.121212121212121104e+00
2.403681363189546616e+00 -6.020202020202020776e+00
2.404934234409177307e+00 -5.952828609271481497e+00
2.405450850036623400e+00 -5.919191919191918672e+00
2.407002233260961965e+00 -5.818181818181819231e+00
2.408553616485300530e+00 -5.717171717171718015e+00
2.410104999709638651e+00 -5.616161616161615910e+00
2.411656364076879555e+00 -5.515151515151515582e+00
2.413207725046919716e+00 -5.414141414141413478e+00
2.414759096514982772e+00 -5.313131313131313149e+00
2.416310467983045385e+00 -5.212121212121212821e+00
2.417861839451107997e+00 -5.111111111111110716e+00
2.418075951537096202e+00 -5.097170112483312643e+00
2.419413197715358788e+00 -5.010101010101010388e+00
2.420964537824367824e+00 -4.909090909090910060e+00
2.422515877933376416e+00 -4.808080808080807955e+00
2.424067191569635682e+00 -4.707070707070707627e+00
2.425618460507726226e+00 -4.606060606060605522e+00
2.427169667083716398e+00 -4.505050505050505194e+00
2.428720662016896181e+00 -4.404040404040404866e+00
2.430271666605253067e+00 -4.303030303030302761e+00
2.431217668665015541e+00 -4.241425668536255245e+00
2.431822779835567161e+00 -4.202020202020202433e+00
2.433373974607127899e+00 -4.101010101010100328e+00
2.434925173870205128e+00 -4.000000000000000000e+00
