0.00009539285099236408 0.0000019867948898792657
0.00014152657243572057 0.0000013549588982107083
0.00017993723508656206 0.0000010498038941726971
0.00033941126859903106 5.446879370423217e-7
0.006945655225187966 2.4575440965129485e-8
0.021544346900318867 7.79508006844634e-9
0.04992568385868953 3.309702196727565e-9
0.1260545885607483 1.3304867506613036e-9
0.2546590013536155 7.159476476567684e-10
0.3237740857059663 6.076327327348939e-10
0.39776591070610245 5.446879370423218e-10
0.4641588833612782 5.251902109956934e-10
0.5370087696496183 5.251902109956934e-10
0.5901327551109021 5.547065889056778e-10
0.6266434205819856 6.076327327348939e-10
0.6540974531071988 6.77851505020912e-10
0.6654129484558037 7.842582625510765e-10
0.6654129484558037 9.240579514234314e-10
0.6540974531071988 1.0887779426273595e-9
0.6374839775619059 1.2828604596993151e-9
0.6212924690620161 1.4842394060749658e-9
0.5901327551109021 1.7488157798149307e-9
0.5702327304853991 2.0984553655917097e-9
0.5510037599179284 2.38401348221969e-9
0.523369239301653 2.708430389608322e-9
0.49712067425454687 3.309702196727565e-9
0.47218855487389116 3.829247667285129e-9
0.4485068573907835 4.350332256407994e-9
0.4260128693298807 5.220091316040231e-9
0.39776591070610245 6.03952298630562e-9
0.38435273994124713 7.11611149641774e-9
0.36195886513146014 8.084473001718908e-9
0.3438055230885514 9.184609283936052e-9
0.31285601308104033 1.1430033240595393e-8
0.2681053006287062 1.645730959059935e-8
0.2357433651232536 2.2847519156442852e-8
0.20907300028072912 3.058356631729704e-8
0.16026611642769076 5.788059428125305e-8
0.1409210243635653 7.890374659130638e-8
0.12285291759493447 1.0756284214866024e-7
0.1080238254936561 1.4138253956893862e-7
0.09498469472869109 1.9627997294485023e-7
0.08351946611289436 2.6273931660642926e-7
0.07343816011313539 3.453492961359704e-7
0.06457372887791825 4.622827112512951e-7
0.05629444597400746 6.417824883746186e-7
0.04949936499032715 8.435704769856381e-7
0.043524491484949246 0.000001129198905559464
0.03827082144172171 0.000001457432300861607
0.033651301229576006 0.0000019867948898792657
0.02958938511858401 0.0000026595129588218137
0.0257955994009793 0.000003560009749456811
0.022681914135595158 0.000004594826628591136
0.019944069562306065 0.000006150610223796307
0.01753669943057764 0.000008384609669384596
0.013558636413132374 0.000014486046270779747
0.011922026782085442 0.00001939094366282183
0.010482965857473419 0.0000254878060575876
0.00913889851748527 0.000032896553161305035
0.00810498709608554 0.00004323982275014498
0.007065810913029702 0.00006002941569316084
0.006212924690620154 0.0000789037465913064
0.00546298700693172 0.00010562013101006305
0.004803571349088058 0.00013632159028619808
0.00422375115966811 0.00018247934790861737
