8.381518032277365 0.000003162277660168379
11.756756947565131 0.0000022782162051500734
16.73563411704897 0.0000016058175593044791
26.99665174198104 9.927398216684555e-7
37.86820856391958 6.997400131964153e-7
45.514205374844366 5.874722294346928e-7
55.10792485187359 4.932169289282775e-7
87.59756071944372 3.1165269449294305e-7
123.78036448545377 2.245255778503341e-7
176.20019705625904 1.6175613431177265e-7
210.22468290076907 1.3880498492723506e-7
299.25287994735197 1.0446897695733761e-7
354.4220773692512 9.3652416380774e-8
508.24169128591456 7.862662246773055e-8
584.4847212340259 7.692649574879146e-8
619.9151760373414 8.036432311789225e-8
687.16448071138 8.581126491295779e-8
734.2005347535273 9.3652416380774e-8
767.3332643996628 1.0446897695733761e-7
790.24831460466 1.0913767146512738e-7
790.2483146046591 1.244333257847552e-7
784.4561824183932 1.5148852842710537e-7
767.3332643996628 1.7271965909998637e-7
734.2005347535296 2.1027362904973335e-7
662.3480498835747 3.1854042631771206e-7
593.1478209856207 4.6190957194037663e-7
567.5362551840453 5.26646239348428e-7
527.2841641637644 6.553234307415898e-7
504.51652920192714 7.471670675868097e-7
458.5026531011231 9.712740198471168e-7
438.7049391845761 0.0000010834531250760104
404.6026789540287 0.0000013190254178484845
381.4781330740334 0.0000015371238487003207
354.4220773692512 0.0000018308730324309845
331.71626990145 0.0000021807586055719078
297.0595032507582 0.0000028348601926354778
260.2168787329608 0.000003934927263095861
224.61445394317963 0.0000057059651383158286
195.3146520550962 0.000008095204943308043
145.5255660136502 0.00001525964055441083
110.03568371733186 0.000028142786020919416
94.98079114920333 0.00003821892620633123
81.98568303081846 0.000053049774760049145
71.2910717611901 0.00007204352210579674
61.537150213443866 0.00009783772128882087
53.509945025360906 0.00013286718121487825
39.869333689201646 0.0002504575784079266
29.488220292854727 0.0004825522042741289
23.475077178120966 0.0007805577916700786
