10.252052247486576 0.000001572639622530675
10.598031968856894 0.0000015127782816797033
11.419777903551914 0.0000014458137795823295
12.20355847542957 0.000001337840978444045
13.149793077803478 0.000001262186688143088
13.936192742241428 0.0000011908106130658873
15.016771642618 0.000001109031343115596
16.181136034594434 0.0000010463161321624155
17.1488196987054 9.80783235168775e-7
18.099128258757272 9.253203955702538e-7
19.583571226727173 8.673657064423149e-7
20.754731392524036 8.130408367887946e-7
22.644094307549075 7.62118443669625e-7
36.18749812411281 4.973123145824387e-7
37.56425454493484 4.7223405554182546e-7
41.8428850790158 4.3696780307570717e-7
44.16162494371083 4.043352203934781e-7
49.19170684491739 3.7656737991896596e-7
51.70273455488837 3.529822027809694e-7
58.0716229989362 3.2451588108075605e-7
60.7832312829723 3.0419079466187953e-7
67.14706386063523 2.8885118749227545e-7
70.86804470306186 2.690142470265078e-7
78.94003185229234 2.489243694726022e-7
82.96958520834906 2.348478111861566e-7
91.6562663564108 2.2156727577851363e-7
97.9469667069539 2.0502071926879773e-7
111.85326061200071 1.897098530539019e-7
121.53033210126021 1.789818483604116e-7
148.92683946322887 1.6669021715334352e-7
175.81059553385475 1.6454782071316538e-7
201.60648811907936 1.721690393243538e-7
212.77859061870635 1.789818483604116e-7
231.1872952155588 1.9217985668013005e-7
241.98240223162927 2.0238567765312714e-7
253.28157819050085 2.1175939944708895e-7
260.7451362831876 2.3637171465970665e-7
270.66520700332416 2.6045358346754065e-7
278.64101602414047 2.94510730949199e-7
283.3037037356093 3.330212220137924e-7
296.5323450284774 3.889445052548889e-7
309.0936550196867 4.846109895433209e-7
322.18707056814986 5.883868003282531e-7
333.06003436245885 6.525394034395294e-7
370.99612147422636 7.720411508415319e-7
381.9284250573233 8.397640976892053e-7
389.9338978000296 9.31324705160514e-7
403.0931383166567 0.000001000000000000002
418.42885079015844 0.0000010531055707361898
430.75887517582356 0.0000011380983017100633
437.96705343524457 0.0000011985376615762646
456.51963299822 0.0000015225945455252939
469.9720949801636 0.0000016138574393902988
485.83241353374126 0.0000017898184836041162
510.6320948424483 0.0000019849647968045884
521.3352817450705 0.00000220138817463736
534.4756546908594 0.000002441408484036857
568.7939324495571 0.000002742851196678697
590.4337456231231 0.0000029451073094919962
595.353313081437 0.0000031216342887834396
615.4449170261307 0.0000034619902680051897
625.7435711605783 0.000003889445052548889
657.6851228427342 0.00000423062463899141
663.165037146648 0.000004426570808900499
699.9145874130818 0.000005169911943846727
717.5560918936922 0.000005883868003282532
735.6422544596406 0.000006317740709206739
751.0618033334287 0.000006483324404153719
769.9924848865794 0.00000762118443669625
816.0404970607518 0.000008506977436389435
843.5797113550593 0.000009253203955702539
879.3143164808777 0.00000980783235168775
