10.36272296137382 3.8400541574490666e-7
11.32813999211152 3.582752992908632e-7
12.49429623933849 3.2512337366005905e-7
13.7805004727215 2.991600619312755e-7
14.280350866789384 2.830135499548741e-7
15.472308840894877 2.6773851075234836e-7
16.913747593577035 2.429641341360074e-7
18.40731010298963 2.282620613708376e-7
20.94513539712754 2.0147300658619295e-7
24.69732423184024 1.741661915862068e-7
28.60748576592326 1.5160826983319594e-7
33.73233631689278 1.3105991426462065e-7
38.8993167254912 1.164836740045128e-7
43.67491901095855 1.064408744391757e-7
50.14104992516274 9.460271806598614e-8
59.123502610370494 8.350005220103231e-8
71.28498552694484 7.370040586690031e-8
81.83882418475034 6.828689241626039e-8
91.4777092143111 6.595946257418731e-8
96.9304766058035 6.505085543980856e-8
107.86536356130058 6.505085543980856e-8
113.78705133959632 6.781492740831088e-8
122.19139387224192 7.268516541520672e-8
127.7564921467113 7.790516739222408e-8
132.39051346333005 8.350005220103231e-8
138.42012156159942 9.329954333999899e-8
141.53713690213908 1.0139676431345217e-7
145.370345308646 1.1329659751376367e-7
148.64386935467806 1.2659298445180078e-7
154.03552380291725 1.3474667962914622e-7
165.4126294488978 1.474601593214189e-7
176.84069173231316 1.5695788303111993e-7
184.0731010298964 1.6476595119256483e-7
194.17850833297604 1.8156667671079804e-7
203.92842087861231 2.0008052545562064e-7
211.32537295154998 2.2048217983502037e-7
221.9362480820686 2.4635777045610776e-7
235.16533686146752 2.830135499548741e-7
241.53425010859442 3.206447226017882e-7
259.3740354565774 3.632795608152727e-7
274.83470117377556 4.290719464800932e-7
284.8035868435799 4.827640697258251e-7
309.9530670224932 5.662549978603175e-7
319.76843390857226 6.069215106410441e-7
326.9691436223671 6.688076080876855e-7
344.919383789759 7.57736263876535e-7
365.4792030591334 8.525559536781543e-7
377.0529309841965 9.394887117086166e-7
387.2645439670572 0.0000010497462632055026
403.10284261300023 0.0000011329659751376366
415.8680084204444 0.0000012227830151068527
434.80834671045 0.0000013015409337734517
446.58413253111695 0.00000148486423566271
473.2039442463288 0.0000016940088022878688
499.1823113585142 0.000001919254334575819
524.2467941473516 0.0000021594211437026174
538.4448149805648 0.0000023961724595562188
565.480710465505 0.000002714781867239066
601.8622420765862 0.0000031842858589242924
626.4771315164447 0.0000038936906635375595
669.7593143942469 0.00000466309967586993
725.6630497415526 0.000006069215106410441
814.751455671161 0.00000835000522010323
