1.0389898279212801 0.000017213306317190582
1.7748817964452974 0.000010225700141238049
3.003134276295918 0.000006074657677711177
6.03574519074585 0.000002996229814079111
10.115407631763986 0.0000017799339109193866
14.409133787232689 0.0000012735267674179555
20.525434471508714 9.457304376621162e-7
35.063115180345896 5.831109697332644e-7
58.762868822310644 3.7315575626721703e-7
120.38289525200894 2.2167611493410364e-7
171.4822878648663 1.8405323584329758e-7
203.6901836139791 1.840532358432972e-7
244.27203706814052 1.982684607140537e-7
290.1513427519626 2.135815886844233e-7
347.9591323183194 2.4784728622647225e-7
397.802743607594 2.9851050026864275e-7
421.2934602441977 3.595299352570357e-7
468.0214747313803 5.024939719579755e-7
524.9279139879965 7.852210299650612e-7
545.3947630254653 9.457304376621162e-7
594.4103717495466 0.0000015338522290700702
641.6659145864113 0.000002396870598131937
666.6843581790854 0.0000031097838944168873
719.6856730011514 0.000005433210643747667
776.9005850651579 0.000009492549611672668
822.7774720194136 0.000017213306317190582
871.3634427317114 0.000034898839497281434
922.8184717621249 0.00006817145836917453
977.3119803553511 0.00013316625432608286
1015.4172062948103 0.0002699857685991972
1044.9679970153318 0.0005681233633270239
1075.3787783158766 0.0011097732408729744
1138.8811511988447 0.004395138208505656
1172.0250041353406 0.008910851877063546
1241.2344495340299 0.035290475669073326
