41.74470741888953995157862664200366 0.00001000000000000000081803053914
42.11144067478448249630673672072589 0.00000992226911974056192088100570
42.83637709385929781547019956633449 0.00000977124153534650099757301323
43.24770481681943579133076127618551 0.00000968862093870520089239871397
43.96352540152128796080432948656380 0.00000954771611420806674689395338
44.41462799544368778015268617309630 0.00000946208386266980285949756285
45.13050592661921456283380393870175 0.00000932930402628469600560465191
45.61303746242881373973432346247137 0.00000924297290899291556706685036
46.34219322611180302828870480880141 0.00000911588829975080010563533162
46.84378279071411554923543008044362 0.00000903156487463729521587493809
47.60537311043380270803027087822556 0.00000890735463861043931402348278
48.10773647668320052162016509100795 0.00000882874502082504746815986435
48.93831095987013668491272255778313 0.00000870359136148516552818413250
49.40579455869166736192710231989622 0.00000863565871776454149603714089
50.28814869820325839100405573844910 0.00000850448934180266942462443625
50.73887725228379963482439052313566 0.00000843422148402409647103845219
51.50225348974893790909845847636461 0.00000830994194935338751153985903
52.10792960254939742981150629930198 0.00000820924448350634846532404565
52.65071957502511423854230088181794 0.00000811984499318400838711613093
53.51392215408213104410606320016086 0.00000798173087163644279619714728
53.82625896650951347055524820461869 0.00000793409666579749174358717617
54.95785163901525294249950093217194 0.00000776691760430006230089307329
55.05981686102402505866848514415324 0.00000775259748862946437885160234
56.36156071849029558507027104496956 0.00000757525025877192050379914032
56.44074168362210031091308337636292 0.00000756479938220692640107835000
57.74120135240503515206000884063542 0.00000740195999691565253590435844
57.96364353398215740753585123457015 0.00000737501709307223133981314470
59.20594058129528036715782945975661 0.00000723263389648351873710161938
59.52763680122745171274800668470562 0.00000719696619998464591657066219
60.76353362855027739897195715457201 0.00000706718127392749176954008308
61.13383022689703238938818685710430 0.00000702957542528792482164736247
62.42059689073693107275175862014294 0.00000690551352016233059886388818
62.78336246894336625246069161221385 0.00000687170126155470918996332613
64.18285225538329541450366377830505 0.00000674754405311068583219911640
64.47740290894570591717638308182359 0.00000672229132720174671149736267
66.05437060857187248075206298381090 0.00000659318827133352785321547887
66.21715248110517393342888681218028 0.00000658027743431540077250103959
68.00384452360739828691293951123953 0.00000644405601128145003909930555
68.02691132085176661803416209295392 0.00000644236350872137022120908142
69.83874565295690217681112699210644 0.00000631330829151542619764349296
70.10642675559610381696984404698014 0.00000629498899022188785609471448
71.72315666190323213413648772984743 0.00000618765065465507834005422921
72.29818621745019413538102526217699 0.00000615098578858050446611840240
73.65841344159527182000601897016168 0.00000606690094860417752475455905
74.61265312736938426496635656803846 0.00000601027678207038814982938676
75.64588792861715660365007352083921 0.00000595138575551259256605487677
77.08419950355244054662762209773064 0.00000587278661318948926733929383
77.68698907757767813109239796176553 0.00000584150465941273539476194174
79.76322067987301522862253477796912 0.00000573844164830240460072790024
79.78316385994195059083722298964858 0.00000573749832581993581123377957
81.93589828981475875480100512504578 0.00000563985431274189610660997965
82.69131428952566409407154424116015 0.00000560716993820545829904514537
84.14671847740065402376785641536117 0.00000554702267022172089958910457
85.87837106245626728195929899811745 0.00000547890117959394490993949023
86.41719171089016526821069419384003 0.00000545810841926574180215259863
88.74892756753685318926727632060647 0.00000536880229568523410934146115
89.14380162039360300241241930052638 0.00000535356667741071866323384829
91.14357905471419485365913715213537 0.00000527371587185128810459228133
92.20762639766840607080666813999414 0.00000523109930805625846053944980
93.60284378176048392106167739257216 0.00000517499156728604134468200992
95.22285422003363919429830275475979 0.00000511143348344016523027676102
96.12846516344353631211561150848866 0.00000507600241989655956371995174
98.30946706370102106120612006634474 0.00000499450511585514013294159058
98.72223365589699994870898080989718 0.00000497927541092024567931850418
101.38598802590509251331241102889180 0.00000488681907188154847316652676
101.58858393061878189200797351077199 0.00000488025158365443365618115482
104.12161665443599645186623092740774 0.00000479897603179141433337633396
105.13622481820853238332347245886922 0.00000476861169771447477021709266
106.93105887534748887901514535769820 0.00000471536374987714866727781318
108.88113971975697324978682445362210 0.00000465952566866468662271690698
109.81630635021323882938304450362921 0.00000463297449559508624022333839
112.74034991726978205406339839100838 0.00000455293507486695688517156291
112.77940448024689601425052387639880 0.00000455187494378780823766489361
115.82245385632054990310280118137598 0.00000447253178236525018228409920
116.77944445585644928087276639416814 0.00000444878283112758576964187313
118.94761174811007720109046204015613 0.00000439545882783303438421642836
121.03394390534599267539306310936809 0.00000434701315812501754351623515
122.15709363342128312979184556752443 0.00000432115930572036964838053205
125.45317476877828255510394228622317 0.00000425011822684097668182323301
125.57990715131120396108599379658699 0.00000424757155253689430398278057
128.83819180239314050595567096024752 0.00000418270196944837396716733446
130.60220963272664107535092625766993 0.00000415040475785047221742377066
132.31454443065513260080479085445404 0.00000411933376353218261490445398
135.88469709931618467635416891425848 0.00000406007576112955363532722522
136.18905095703121332917362451553345 0.00000405546073584082752299696806
139.55118075057930582261178642511368 0.00000400487920757004643793888418
142.66755328837538741026946809142828 0.00000396268863870147018208184644
143.31659461732630234109819866716862 0.00000395396454286320120043900575
147.18360806575805099782883189618587 0.00000390727289021429041059778678
150.49240723337817371429991908371449 0.00000387203878181254887327726599
151.15496248775451704204897396266460 0.00000386502472247629080755485995
155.23347324429391846933867782354355 0.00000382718589033493104242843533
159.42203166130980207526590675115585 0.00000379401112313794505414535525
161.01108374277984580658085178583860 0.00000378346261713193267659091287
163.72360707940214297195780090987682 0.00000376552271318394919850610671
168.14124895885331056888389866799116 0.00000374190508094226943487225351
172.67808904144197867935872636735439 0.00000372343525224197674931337666
177.33734357058929731465468648821115 0.00000371025196295891910805040889
182.12231557140844984132854733616114 0.00000370264666646896403422715462
187.03639719227467708151380065828562 0.00000370089206524706460277904067
192.08307210957931943084986414760351 0.00000370521267319241267074376479
197.26591799736479515559040009975433 0.00000371624799892474815232431065
202.58860906360101239442883525043726 0.00000373310176357463904239764561
208.05491865489341307693393900990486 0.00000375630914057667660168162230
213.11752395403308923960139509290457 0.00000378346261713193267659091287
213.66872193147210623465070966631174 0.00000378648333617919806545672884
219.43399861436040509943268261849880 0.00000382414711225445733361414519
225.35483580666647185353212989866734 0.00000386887842034544924998788751
225.72364389900792502885451540350914 0.00000387203878181255734360673854
231.43543089099978260492207482457161 0.00000392178395656853795046489775
235.65275678436077555488736834377050 0.00000396268863870147865241131899
237.68009450506878010855871252715588 0.00000398276579600755831136061486
244.09325359756473972083767876029015 0.00000405238775713092493166878755
244.35341645549971190121141262352467 0.00000405546073584082752299696806
250.67945456650073765558772720396519 0.00000413171449396998287985913537
252.11871361610963049315614625811577 0.00000415040475785047221742377066
257.44336648223224983667023479938507 0.00000422101490007102726916519975
259.31512902244588758549070917069912 0.00000424757155253689430398278057
264.38978439744005299871787428855896 0.00000432100586540267628699475005
266.07965114462518840809934772551060 0.00000434701315812502601384570769
271.52363274642436863359762355685234 0.00000443234883326223579860705243
272.51458718800989800001843832433224 0.00000444878283112757645227945333
278.68990872953474990936229005455971 0.00000455293507486694756780914312
278.84996883612188867118675261735916 0.00000455567817543031855688105344
284.60630980500178566217073239386082 0.00000465952566866468662271690698
286.37398643131621156499022617936134 0.00000469186364773743522335776313
290.37594772986335556197445839643478 0.00000476861169771447477021709266
294.10101943658543177662068046629429 0.00000484091212974316209295124955
296.04176345979499274108093231916428 0.00000488025158365443365618115482
301.61976310899984810021123848855495 0.00000499450511585514013294159058
302.03654567760111149254953488707542 0.00000500313800630980613066110807
307.06131392235340626939432695508003 0.00000511143348344016523027676102
310.18619078444902470437227748334408 0.00000517920547167143830130479898
312.49641704464352187642361968755722 0.00000523109930805625846053944980
317.90864378025969472219003364443779 0.00000535356667741071866323384829
318.55573217973568489469471387565136 0.00000536831295882825392494237110
323.25739493923975942379911430180073 0.00000547890117959394490993949023
327.15110317430423947371309623122215 0.00000557071129702970257183353500
328.67014593550720746861770749092102 0.00000560716993820546931047345968
334.05013609187250267495983280241489 0.00000573844164830238088380537712
335.97839717345550525351427495479584 0.00000578549246726279092859499334
339.50417761047071962821064516901970 0.00000587278661318948926733929383
344.98856767989320815104292705655098 0.00000601027678207038814982938676
345.04387199667058894192450679838657 0.00000601166933606164548742258752
350.49373850821973519487073644995689 0.00000615098578858050446611840240
354.35395431388485576462699100375175 0.00000625098101283036683244176412
356.03244727393655466585187241435051 0.00000629498899022188785609471448
361.60303355416374415653990581631660 0.00000644236350872137022120908142
363.91524420146288321120664477348328 0.00000650410012144304908269240931
367.21397249788077488119597546756268 0.00000659318827133354140574263494
372.86542493890726746030850335955620 0.00000674754405311068583219911640
373.73451982110731250941171310842037 0.00000677141617209369442919805748
378.56426106291235100798076018691063 0.00000690551352016234499842399150
383.81874222501267013285541906952858 0.00000705317035644175405998020090
384.31235114584552547967177815735340 0.00000706718127392749176954008308
390.11303870688226425045286305248737 0.00000723263389648353398369466996
394.17506029067260442388942465186119 0.00000734969583944958132775034099
395.97154262451715567294741049408913 0.00000740195999691565253590435844
401.88945591015675518065108917653561 0.00000757525025877192050379914032
404.81081578884396776629728265106678 0.00000766145115767483792477976490
407.87246244333766753698000684380531 0.00000775259748862946437885160234
413.92341810842322047392372041940689 0.00000793409666579749174358717617
415.73354858825206292749498970806599 0.00000798869559119100767737627761
420.04559889019338925209012813866138 0.00000811984499318400838711613093
426.24605940301205464493250474333763 0.00000830994194935338751153985903
426.95100200073125051858369261026382 0.00000833164179755527487002998710
432.52287633094113061815733090043068 0.00000850448934180266942462443625
438.47112827059333994839107617735863 0.00000869042176086305880879871039
438.88936874733252579972031526267529 0.00000870359136148518416290897209
445.34282290851405150533537380397320 0.00000890735463861043931402348278
450.30209421210827258619247004389763 0.00000906466049243354963084289000
451.90544214940643996669678017497063 0.00000911588829975081874036017121
458.58148000723303994163870811462402 0.00000932930402628469600560465191
462.45228699909682745783356949687004 0.00000945309316951370204361662641
465.38984850871406706573907285928726 0.00000954771611420806674689395338
472.34108195056148815638152882456779 0.00000977124153534650099757301323
474.93032011074404863393283449113369 0.00000985418658187791233018550108
479.44984598510507112223422154784203 0.00001000000000000000081803053914
