1.059051167982333 0.000012782729137271501
1.2459911285680256 0.00001061324383694918
1.7748817964452974 0.00000759368088476212
2.108241052253417 0.000006304881061350831
2.5525646130194977 0.000005234816395504294
3.6014584220229486 0.000003745464233977973
5.179474679231214 0.0000025819912475051274
7.033574303141291 0.000001917405880281264
10.310721028395584 0.0000013217921441858342
14.409133787232703 9.815726649811083e-7
24.614783103961102 6.052102858777695e-7
41.25233206427915 4.0197618402471614e-7
49.94649113736695 3.4640166250943105e-7
59.32746802784274 3.0982374639211933e-7
84.51042757649911 2.387971169519484e-7
100.38322164163112 2.1358158868442287e-7
120.38289525200881 1.910286673776774e-7
142.99327553401403 1.7733251291238942e-7
173.12990591741718 1.586072743116506e-7
205.6472581773533 1.4185930741871152e-7
251.38087056192748 1.2687982432491896e-7
292.93914431586063 1.1778294009106178e-7
351.3023565958583 1.1348208385936947e-7
425.34128768552 1.1348208385936947e-7
510.08340681272927 1.1348208385936947e-7
600.1215228620738 1.1348208385936947e-7
719.685673001152 1.1348208385936947e-7
863.0709751134202 1.1348208385936947e-7
996.1824134017224 1.1778294009106178e-7
1065.1447665829266 1.3168844137322846e-7
1217.7220573660145 1.7085719787396966e-7
1446.4352706276945 2.387971169519484e-7
1685.559881858929 3.2156575310436906e-7
2355.553775260732 6.281471437585911e-7
2744.9738151212505 8.458670352529197e-7
3078.733469549188 0.000001057383753527107
3260.536276832372 0.0000012270238058715564
3622.1805954778365 0.0000017149394401848372
4180.829516258272 0.0000026798461050240413
5677.4435386820915 0.000007049237855422536
7349.860051412062 0.000015979166408166043
8564.93857105796 0.000025916137450789825
