1.0389898279212801 0.000005639123833394562
2.456775364323292 0.000002309348620496072
4.196851359764276 0.0000013718867299300362
6.03574519074585 9.457304376621162e-7
10.019142759818887 5.831109697332644e-7
17.27991207109489 3.595299352570357e-7
34.72943151521768 1.982684607140537e-7
70.47038505496621 1.1778294009106178e-7
98.4816875074367 9.77928147890057e-8
122.7073089606748 9.422190004893491e-8
142.99327553401417 8.746648624221131e-8
174.7933544401637 7.537395858829648e-8
244.27203706814052 5.809459156613754e-8
301.46429367699267 5.0062824368916094e-8
413.31300412746657 4.156615981515527e-8
505.2291176307534 3.858599692561539e-8
605.8875472550495 3.717702525955493e-8
692.6782665822981 3.858599692561539e-8
706.0528482051125 5.0062824368916094e-8
719.685673001152 8.746648624221131e-8
733.5817272599606 1.7733251291238942e-7
747.7460935488782 2.876103584967247e-7
706.0528482051125 3.595299352570357e-7
629.5109984621702 5.21537985402084e-7
540.2044277534291 8.458670352529214e-7
405.4837197849044 0.0000018473916063760997
341.3678299414142 0.0000028868221727220384
292.93914431586063 0.0000043463631475340516
186.89370963662628 0.000012782729137271526
137.62721413750737 0.000025916137450789825
119.23725244475062 0.00003622147022652242
101.34771313640476 0.00005254325372583125
63.43450881519387 0.00014888791587436
34.07156062397348 0.0005896546643433404
21.325717629562362 0.0016098489820722294
15.406629587100449 0.003144682013582273
9.643157700460176 0.008585471199730087
6.03574519074585 0.02343967224763296
4.360485872092673 0.045787099623788
2.6775701869809687 0.1297435037519584
1.659967815603031 0.35421995292477937
1.2107555776371774 0.6666678802193113
