1.0000000000000000e-02, 9.9999999999999995e-08, 8.3964580322287385e-07
1.8016482306544110e-02, 9.9999999999999995e-08, 6.8882461729793113e-06
3.2459363470201695e-02, 9.9999999999999995e-08, 5.4036246758343097e-05
5.8480354764257315e-02, 9.9999999999999995e-08, 3.5109231294240702e-04
1.0536102768906644e-01, 9.9999999999999995e-08, 1.5873246937005501e-03
1.8982350911593698e-01, 9.9999999999999995e-08, 3.7714597348267086e-03
3.4199518933533929e-01, 9.9999999999999995e-08, 5.2408410477499780e-03
6.1615502775833431e-01, 9.9999999999999995e-08, 4.4787106916567886e-03
1.1100946155696227e+00, 9.9999999999999995e-08, 3.1903647621110335e-04
2.0000000000000000e+00, 9.9999999999999995e-08, 9.3400726729261286e-06
1.0000000000000000e-02, 1.6681005372000591e-07, 6.5010777610690912e-06
1.8016482306544110e-02, 1.6681005372000591e-07, 5.3333188567125665e-05
3.2459363470201695e-02, 1.6681005372000591e-07, 4.1838272029650096e-04
5.8480354764257315e-02, 1.6681005372000591e-07, 2.7183521657886149e-03
1.0536102768906644e-01, 1.6681005372000591e-07, 1.2294467524181325e-02
1.8982350911593698e-01, 1.6681005372000591e-07, 2.8367010477627790e-02
3.4199518933533929e-01, 1.6681005372000591e-07, 3.8030311392781978e-02
6.1615502775833431e-01, 1.6681005372000591e-07, 1.1181116189007516e-02
1.1100946155696227e+00, 1.6681005372000591e-07, 3.2020723820556414e-04
2.0000000000000000e+00, 1.6681005372000591e-07, 3.6678582551693635e-05
1.0000000000000000e-02, 2.7825594022071259e-07, 5.0335503792040723e-05
1.8016482306544110e-02, 2.7825594022071259e-07, 4.1293958183780246e-04
3.2459363470201695e-02, 2.7825594022071259e-07, 3.2393743140724275e-03
5.8480354764257315e-02, 2.7825594022071259e-07, 2.1046583046253963e-02
1.0536102768906644e-01, 2.7825594022071259e-07, 9.5125550673633819e-02
1.8982350911593698e-01, 2.7825594022071259e-07, 2.2211206963702018e-01
3.4199518933533929e-01, 2.7825594022071259e-07, 1.7785313026544255e-01
6.1615502775833431e-01, 2.7825594022071259e-07, 2.1500093145436348e-02
1.1100946155696227e+00, 2.7825594022071259e-07, 1.0854822938417708e-03
2.0000000000000000e+00, 2.7825594022071259e-07, 1.0847100827454049e-04
1.0000000000000000e-02, 4.6415888336127821e-07, 3.8972917231319465e-04
1.8016482306544110e-02, 4.6415888336127821e-07, 3.1972365327456141e-03
3.2459363470201695e-02, 4.6415888336127821e-07, 2.5081095333508805e-02
5.8480354764257315e-02, 4.6415888336127821e-07, 1.6294379101329859e-01
1.0536102768906644e-01, 4.6415888336127821e-07, 7.3325407279628729e-01
1.8982350911593698e-01, 4.6415888336127821e-07, 1.5151992775976300e+00
3.4199518933533929e-01, 4.6415888336127821e-07, 4.1841665134966538e-01
6.1615502775833431e-01, 4.6415888336127821e-07, 2.5786597685487647e-02
1.1100946155696227e+00, 4.6415888336127821e-07, 4.1508200291346491e-03
2.0000000000000000e+00, 4.6415888336127821e-07, 2.8974910170515434e-04
1.0000000000000000e-02, 7.7426368268112780e-07, 3.0175325178318771e-03
1.8016482306544110e-02, 7.7426368268112780e-07, 2.4754983616171910e-02
3.2459363470201695e-02, 7.7426368268112780e-07, 1.9418999316866445e-01
5.8480354764257315e-02, 7.7426368268112780e-07, 1.2611542642434537e+00
1.0536102768906644e-01, 7.7426368268112780e-07, 5.6666552397322247e+00
1.8982350911593698e-01, 7.7426368268112780e-07, 5.7918749278775827e+00
3.4199518933533929e-01, 7.7426368268112780e-07, 7.2925813587849653e-01
6.1615502775833431e-01, 7.7426368268112780e-07, 7.3113966082161072e-02
1.1100946155696227e+00, 7.7426368268112780e-07, 1.2103707823828233e-02
2.0000000000000000e+00, 7.7426368268112780e-07, 8.5122140959951217e-04
1.0000000000000000e-02, 1.2915496650148827e-06, 2.3363625782089267e-02
1.8016482306544110e-02, 1.2915496650148827e-06, 1.9166785704758629e-01
3.2459363470201695e-02, 1.2915496650148827e-06, 1.5033697759905706e+00
5.8480354764257315e-02, 1.2915496650148827e-06, 9.7619659448722444e+00
1.0536102768906644e-01, 1.2915496650148827e-06, 3.5772067738138531e+01
1.8982350911593698e-01, 1.2915496650148827e-06, 1.2861909195135668e+01
3.4199518933533929e-01, 1.2915496650148827e-06, 1.3907425116675884e+00
6.1615502775833431e-01, 1.2915496650148827e-06, 2.7286559661112492e-01
1.1100946155696227e+00, 1.2915496650148827e-06, 3.4171314926847302e-02
2.0000000000000000e+00, 1.2915496650148827e-06, 2.3611309030052608e-03
1.0000000000000000e-02, 2.1544346900318822e-06, 1.8089565309031858e-01
1.8016482306544110e-02, 2.1544346900318822e-06, 1.4839882072833623e+00
3.2459363470201695e-02, 2.1544346900318822e-06, 1.1638000533071571e+01
5.8480354764257315e-02, 2.1544346900318822e-06, 7.5685264839964617e+01
1.0536102768906644e-01, 2.1544346900318822e-06, 1.1124832833642412e+02
1.8982350911593698e-01, 2.1544346900318822e-06, 1.8065965722649953e+01
3.4199518933533929e-01, 2.1544346900318822e-06, 4.3844381761345206e+00
6.1615502775833431e-01, 2.1544346900318822e-06, 8.3680697043185581e-01
1.1100946155696227e+00, 2.1544346900318822e-06, 9.7584213265373310e-02
2.0000000000000000e+00, 2.1544346900318822e-06, 6.4439521355848682e-03
1.0000000000000000e-02, 3.5938136638046257e-06, 1.4006021642439472e+00
1.8016482306544110e-02, 3.5938136638046257e-06, 1.1489415952649656e+01
3.2459363470201695e-02, 3.5938136638046257e-06, 9.0062338677895582e+01
5.8480354764257315e-02, 3.5938136638046257e-06, 4.7853749713860162e+02
1.0536102768906644e-01, 3.5938136638046257e-06, 2.4145422647272855e+02
1.8982350911593698e-01, 3.5938136638046257e-06, 4.9297207157229266e+01
3.4199518933533929e-01, 3.5938136638046257e-06, 1.4821495826382474e+01
6.1615502775833431e-01, 3.5938136638046257e-06, 2.3449190007484928e+00
1.1100946155696227e+00, 3.5938136638046257e-06, 2.7007724572236197e-01
2.0000000000000000e+00, 3.5938136638046257e-06, 1.7905585553539525e-02
1.0000000000000000e-02, 5.9948425031894087e-06, 1.0844193434789306e+01
1.8016482306544110e-02, 5.9948425031894087e-06, 8.8945949003570007e+01
3.2459363470201695e-02, 5.9948425031894087e-06, 6.9654146819038658e+02
5.8480354764257315e-02, 5.9948425031894087e-06, 1.4562571327063167e+03
1.0536102768906644e-01, 5.9948425031894087e-06, 3.2621138194839045e+02
1.8982350911593698e-01, 5.9948425031894087e-06, 1.6327938478865050e+02
3.4199518933533929e-01, 5.9948425031894087e-06, 4.3699979407743633e+01
6.1615502775833431e-01, 5.9948425031894087e-06, 6.5285174782769211e+00
1.1100946155696227e+00, 5.9948425031894087e-06, 7.5663633496607818e-01
2.0000000000000000e+00, 5.9948425031894087e-06, 5.1511225069908524e-02
1.0000000000000000e-02, 1.0000000000000001e-05, 8.3959282277196621e+01
1.8016482306544110e-02, 1.0000000000000001e-05, 6.8832182615825309e+02
3.2459363470201695e-02, 1.0000000000000001e-05, 4.6781186737321877e+03
5.8480354764257315e-02, 1.0000000000000001e-05, 3.4249797390607041e+03
1.0536102768906644e-01, 1.0000000000000001e-05, 8.8444458481614731e+02
1.8982350911593698e-01, 1.0000000000000001e-05, 5.2378118009935542e+02
3.4199518933533929e-01, 1.0000000000000001e-05, 1.2246404986008865e+02
6.1615502775833431e-01, 1.0000000000000001e-05, 1.8139037102748311e+01
1.1100946155696227e+00, 1.0000000000000001e-05, 2.0556532995402601e+00
2.0000000000000000e+00, 1.0000000000000001e-05, 1.3896681579868728e-01
