[0.01, 1e-07, 7.821725300856454e-06]
[0.01801648230654411, 1e-07, 6.423892466301126e-05]
[0.032459363470201695, 1e-07, 0.0004958171775171153]
[0.058480354764257315, 1e-07, 0.003178238429712504]
[0.10536102768906644, 1e-07, 0.01540980962571728]
[0.18982350911593698, 1e-07, 0.03683998472434784]
[0.3419951893353393, 1e-07, 0.051525758656675635]
[0.6161550277583343, 1e-07, 0.04061222595870524]
[1.1100946155696227, 1e-07, 0.002694919816449811]
[2.0, 1e-07, 1.169221380566725e-05]
[0.01, 1.668100537200059e-07, 6.056081903206537e-05]
[0.01801648230654411, 1.668100537200059e-07, 0.0004973787941128519]
[0.032459363470201695, 1.668100537200059e-07, 0.003838925777731888]
[0.058480354764257315, 1.668100537200059e-07, 0.024607465748112317]
[0.10536102768906644, 1.668100537200059e-07, 0.11800039876444623]
[0.18982350911593698, 1.668100537200059e-07, 0.28440633447557606]
[0.3419951893353393, 1.668100537200059e-07, 0.37804886130001875]
[0.6161550277583343, 1.668100537200059e-07, 0.10255624542074662]
[1.1100946155696227, 1.668100537200059e-07, 0.0009876408802806705]
[2.0, 1.668100537200059e-07, 4.4911989701124816e-05]
[0.01, 2.782559402207126e-07, 0.00046890045726662085]
[0.01801648230654411, 2.782559402207126e-07, 0.003851020678524343]
[0.032459363470201695, 2.782559402207126e-07, 0.02972322300539473]
[0.058480354764257315, 2.782559402207126e-07, 0.19051606125380668]
[0.10536102768906644, 2.782559402207126e-07, 0.9231915024060318]
[0.18982350911593698, 2.782559402207126e-07, 2.2815452684728004]
[0.3419951893353393, 2.782559402207126e-07, 1.6731126494733275]
[0.6161550277583343, 2.782559402207126e-07, 0.16142006303422962]
[1.1100946155696227, 2.782559402207126e-07, 0.001395431945023709]
[2.0, 2.782559402207126e-07, 0.00013199942074930754]
[0.01, 4.641588833612782e-07, 0.003630523271250274]
[0.01801648230654411, 4.641588833612782e-07, 0.029816991131819525]
[0.032459363470201695, 4.641588833612782e-07, 0.23013231439645715]
[0.058480354764257315, 4.641588833612782e-07, 1.4748784948097586]
[0.10536102768906644, 4.641588833612782e-07, 7.106136115333283]
[0.18982350911593698, 4.641588833612782e-07, 14.249943482502916]
[0.3419951893353393, 4.641588833612782e-07, 3.386770110507385]
[0.6161550277583343, 4.641588833612782e-07, 0.14985799869307237]
[1.1100946155696227, 4.641588833612782e-07, 0.004840036222133689]
[2.0, 4.641588833612782e-07, 0.000337088896155368]
[0.01, 7.742636826811278e-07, 0.02810982421632007]
[0.01801648230654411, 7.742636826811278e-07, 0.2308611550509113]
[0.032459363470201695, 7.742636826811278e-07, 1.7817538528361616]
[0.058480354764257315, 7.742636826811278e-07, 11.414747357311262]
[0.10536102768906644, 7.742636826811278e-07, 54.60444584427801]
[0.18982350911593698, 7.742636826811278e-07, 53.877529104704855]
[0.3419951893353393, 7.742636826811278e-07, 5.530213669122373]
[0.6161550277583343, 7.742636826811278e-07, 0.1098093324988202]
[1.1100946155696227, 7.742636826811278e-07, 0.013038662739626606]
[2.0, 7.742636826811278e-07, 0.0010664882787945714]
[0.01, 1.2915496650148827e-06, 0.21764377724012166]
[0.01801648230654411, 1.2915496650148827e-06, 1.787452955675626]
[0.032459363470201695, 1.2915496650148827e-06, 13.793689250481311]
[0.058480354764257315, 1.2915496650148827e-06, 88.1486101649654]
[0.10536102768906644, 1.2915496650148827e-06, 327.7662326435972]
[0.18982350911593698, 1.2915496650148827e-06, 112.7040346616158]
[0.3419951893353393, 1.2915496650148827e-06, 5.246140571040825]
[0.6161550277583343, 1.2915496650148827e-06, 0.41085081016945774]
[1.1100946155696227, 1.2915496650148827e-06, 0.03634549265562153]
[2.0, 1.2915496650148827e-06, 0.002832451629013088]
[0.01, 2.1544346900318822e-06, 1.6851294441201499]
[0.01801648230654411, 2.1544346900318822e-06, 13.839109857400892]
[0.032459363470201695, 2.1544346900318822e-06, 106.76173424224204]
[0.058480354764257315, 2.1544346900318822e-06, 693.2855408188643]
[0.10536102768906644, 2.1544346900318822e-06, 1007.5887246483256]
[0.18982350911593698, 2.1544346900318822e-06, 105.15487072371295]
[0.3419951893353393, 2.1544346900318822e-06, 6.43009330683937]
[0.6161550277583343, 2.1544346900318822e-06, 1.1991106006489]
[1.1100946155696227, 2.1544346900318822e-06, 0.10990211119789757]
[2.0, 2.1544346900318822e-06, 0.007186930982402442]
[0.01, 3.5938136638046257e-06, 13.04720670696056]
[0.01801648230654411, 3.5938136638046257e-06, 107.1407264140373]
[0.032459363470201695, 3.5938136638046257e-06, 824.4233556008702]
[0.058480354764257315, 3.5938136638046257e-06, 4444.053907159522]
[0.10536102768906644, 3.5938136638046257e-06, 2190.2776213514003]
[0.18982350911593698, 3.5938136638046257e-06, 135.5911946730388]
[0.3419951893353393, 3.5938136638046257e-06, 20.75788544820411]
[0.6161550277583343, 3.5938136638046257e-06, 3.34859699766501]
[1.1100946155696227, 3.5938136638046257e-06, 0.28407752246839624]
[2.0, 3.5938136638046257e-06, 0.02007079687673674]
[0.01, 5.994842503189409e-06, 101.0167675501002]
[0.01801648230654411, 5.994842503189409e-06, 829.3237111936852]
[0.032459363470201695, 5.994842503189409e-06, 6311.440022349946]
[0.058480354764257315, 5.994842503189409e-06, 13686.434403002251]
[0.10536102768906644, 5.994842503189409e-06, 2129.5420003248614]
[0.18982350911593698, 5.994842503189409e-06, 276.0502410885616]
[0.3419951893353393, 5.994842503189409e-06, 59.4100909275405]
[0.6161550277583343, 5.994842503189409e-06, 9.31953168642847]
[1.1100946155696227, 5.994842503189409e-06, 0.8511537621294968]
[2.0, 5.994842503189409e-06, 0.06588028528736628]
[0.01, 1e-05, 782.0729535287045]
[0.01801648230654411, 1e-05, 6416.2492575931865]
[0.032459363470201695, 1e-05, 43741.41468924194]
[0.058480354764257315, 1e-05, 30016.345155941697]
[0.10536102768906644, 1e-05, 2768.566395026527]
[0.18982350911593698, 1e-05, 797.0084826042972]
[0.3419951893353393, 1e-05, 166.1545122766372]
[0.6161550277583343, 1e-05, 25.933632047233665]
[1.1100946155696227, 1e-05, 2.20301134468315]
[2.0, 1e-05, 0.1550718664135412]
