1.0000000000000000e-02, 9.9999999999999995e-08, 1.7182653950520064e-05
1.8016482306544110e-02, 9.9999999999999995e-08, 1.4220678868144819e-04
3.2459363470201695e-02, 9.9999999999999995e-08, 1.0947771122489969e-03
5.8480354764257315e-02, 9.9999999999999995e-08, 7.1161233736862879e-03
1.0536102768906644e-01, 9.9999999999999995e-08, 3.2349228980474071e-02
1.8982350911593698e-01, 9.9999999999999995e-08, 7.5322960466107453e-02
3.4199518933533929e-01, 9.9999999999999995e-08, 1.0340881235660178e-01
6.1615502775833431e-01, 9.9999999999999995e-08, 8.8960511488368324e-02
1.1100946155696227e+00, 9.9999999999999995e-08, 6.6818998454929411e-03
2.0000000000000000e+00, 9.9999999999999995e-08, 1.1501933158760849e-04
1.0000000000000000e-02, 1.6681005372000591e-07, 1.3303913448867605e-04
1.8016482306544110e-02, 1.6681005372000591e-07, 1.1010554671812129e-03
3.2459363470201695e-02, 1.6681005372000591e-07, 8.4764528641013432e-03
5.8480354764257315e-02, 1.6681005372000591e-07, 5.5097016391691615e-02
1.0536102768906644e-01, 1.6681005372000591e-07, 2.5002259661990733e-01
1.8982350911593698e-01, 1.6681005372000591e-07, 5.8352941479044385e-01
3.4199518933533929e-01, 1.6681005372000591e-07, 7.7994999017769195e-01
6.1615502775833431e-01, 1.6681005372000591e-07, 2.4360841364467159e-01
1.1100946155696227e+00, 1.6681005372000591e-07, 4.6155741184935890e-03
2.0000000000000000e+00, 1.6681005372000591e-07, 4.4088777810298791e-04
1.0000000000000000e-02, 2.7825594022071259e-07, 1.0300741439000184e-03
1.8016482306544110e-02, 2.7825594022071259e-07, 8.5250746995890383e-03
3.2459363470201695e-02, 2.7825594022071259e-07, 6.5629885548612474e-02
5.8480354764257315e-02, 2.7825594022071259e-07, 4.2658352918472314e-01
1.0536102768906644e-01, 2.7825594022071259e-07, 1.9386410739429376e+00
1.8982350911593698e-01, 2.7825594022071259e-07, 4.5635093331146486e+00
3.4199518933533929e-01, 2.7825594022071259e-07, 3.6434461552579598e+00
6.1615502775833431e-01, 2.7825594022071259e-07, 4.3276655339518894e-01
1.1100946155696227e+00, 2.7825594022071259e-07, 1.1281178667325953e-02
2.0000000000000000e+00, 2.7825594022071259e-07, 1.3239314989114087e-03
1.0000000000000000e-02, 4.6415888336127821e-07, 7.9754833706277457e-03
1.8016482306544110e-02, 4.6415888336127821e-07, 6.6006460012395074e-02
3.2459363470201695e-02, 4.6415888336127821e-07, 5.0883568345599428e-01
5.8480354764257315e-02, 4.6415888336127821e-07, 3.3264831951408653e+00
1.0536102768906644e-01, 4.6415888336127821e-07, 1.5001076336178643e+01
1.8982350911593698e-01, 4.6415888336127821e-07, 3.0491555112321052e+01
3.4199518933533929e-01, 4.6415888336127821e-07, 8.2146123678534622e+00
6.1615502775833431e-01, 4.6415888336127821e-07, 3.9624608376857290e-01
1.1100946155696227e+00, 4.6415888336127821e-07, 4.3364388676267858e-02
2.0000000000000000e+00, 4.6415888336127821e-07, 3.6826682968611434e-03
1.0000000000000000e-02, 7.7426368268112780e-07, 6.1751286178740920e-02
1.8016482306544110e-02, 7.7426368268112780e-07, 5.1106284267172153e-01
3.2459363470201695e-02, 7.7426368268112780e-07, 3.9342971110425662e+00
5.8480354764257315e-02, 7.7426368268112780e-07, 2.5565764331457565e+01
1.0536102768906644e-01, 7.7426368268112780e-07, 1.1590026632056295e+02
1.8982350911593698e-01, 7.7426368268112780e-07, 1.1924369378513482e+02
3.4199518933533929e-01, 7.7426368268112780e-07, 1.4406310554631514e+01
6.1615502775833431e-01, 7.7426368268112780e-07, 7.9368196008256764e-01
1.1100946155696227e+00, 7.7426368268112780e-07, 1.2962607967270798e-01
2.0000000000000000e+00, 7.7426368268112780e-07, 1.0431903713140156e-02
1.0000000000000000e-02, 1.2915496650148827e-06, 4.7811727353341660e-01
1.8016482306544110e-02, 1.2915496650148827e-06, 3.9569535729386724e+00
3.2459363470201695e-02, 1.2915496650148827e-06, 3.0459826265426244e+01
5.8480354764257315e-02, 1.2915496650148827e-06, 1.9752543271701774e+02
1.0536102768906644e-01, 1.2915496650148827e-06, 7.0845151122719528e+02
1.8982350911593698e-01, 1.2915496650148827e-06, 2.5424930505274909e+02
3.4199518933533929e-01, 1.2915496650148827e-06, 2.2483494456513228e+01
6.1615502775833431e-01, 1.2915496650148827e-06, 3.1585480779881614e+00
1.1100946155696227e+00, 1.2915496650148827e-06, 3.6511469975578564e-01
2.0000000000000000e+00, 1.2915496650148827e-06, 2.9006667488185991e-02
1.0000000000000000e-02, 2.1544346900318822e-06, 3.7018796321107135e+00
1.8016482306544110e-02, 2.1544346900318822e-06, 3.0636710307273844e+01
3.2459363470201695e-02, 2.1544346900318822e-06, 2.3579791957144690e+02
5.8480354764257315e-02, 2.1544346900318822e-06, 1.5232026689236154e+03
1.0536102768906644e-01, 2.1544346900318822e-06, 2.2705527282220605e+03
1.8982350911593698e-01, 2.1544346900318822e-06, 3.0910664476246183e+02
3.4199518933533929e-01, 2.1544346900318822e-06, 5.3945285923011127e+01
6.1615502775833431e-01, 2.1544346900318822e-06, 9.5971766528162181e+00
1.1100946155696227e+00, 2.1544346900318822e-06, 1.0337692247750332e+00
2.0000000000000000e+00, 2.1544346900318822e-06, 7.5986734386614158e-02
1.0000000000000000e-02, 3.5938136638046257e-06, 2.8662151541366036e+01
1.8016482306544110e-02, 3.5938136638046257e-06, 2.3719740709266762e+02
3.2459363470201695e-02, 3.5938136638046257e-06, 1.8247204397223527e+03
5.8480354764257315e-02, 3.5938136638046257e-06, 9.8204064949616841e+03
1.0536102768906644e-01, 3.5938136638046257e-06, 4.9579033251761703e+03
1.8982350911593698e-01, 3.5938136638046257e-06, 5.8396243606513724e+02
3.4199518933533929e-01, 3.5938136638046257e-06, 1.7433899387333150e+02
6.1615502775833431e-01, 3.5938136638046257e-06, 2.6961118064763124e+01
1.1100946155696227e+00, 3.5938136638046257e-06, 2.8388384943763572e+00
2.0000000000000000e+00, 3.5938136638046257e-06, 2.1286212326004680e-01
1.0000000000000000e-02, 5.9948425031894087e-06, 2.2191731601768444e+02
1.8016482306544110e-02, 5.9948425031894087e-06, 1.8362795924463098e+03
3.2459363470201695e-02, 5.9948425031894087e-06, 1.4037251061008434e+04
5.8480354764257315e-02, 5.9948425031894087e-06, 2.9497946521507412e+04
1.0536102768906644e-01, 5.9948425031894087e-06, 5.4075997264192238e+03
1.8982350911593698e-01, 5.9948425031894087e-06, 1.6874005188364308e+03
3.4199518933533929e-01, 5.9948425031894087e-06, 5.0848071418807763e+02
6.1615502775833431e-01, 5.9948425031894087e-06, 7.5236867052394544e+01
1.1100946155696227e+00, 5.9948425031894087e-06, 8.0025792647913150e+00
2.0000000000000000e+00, 5.9948425031894087e-06, 6.0496218596268980e-01
1.0000000000000000e-02, 1.0000000000000001e-05, 1.7181554249637145e+03
1.8016482306544110e-02, 1.0000000000000001e-05, 1.4212178168379613e+04
3.2459363470201695e-02, 1.0000000000000001e-05, 9.4904093167631465e+04
5.8480354764257315e-02, 1.0000000000000001e-05, 6.9504698971784266e+04
1.0536102768906644e-01, 1.0000000000000001e-05, 9.7250077032986173e+03
1.8982350911593698e-01, 1.0000000000000001e-05, 5.4048808957991232e+03
3.4199518933533929e-01, 1.0000000000000001e-05, 1.4281450869455157e+03
6.1615502775833431e-01, 1.0000000000000001e-05, 2.1001601706033307e+02
1.1100946155696227e+00, 1.0000000000000001e-05, 2.1991875760206241e+01
2.0000000000000000e+00, 1.0000000000000001e-05, 1.6494201038916991e+00
