1.0000000000e-02 1.0000000000e-07 2.7422128913e-28
1.8016482307e-02 1.0000000000e-07 2.8138085895e-27
3.2459363470e-02 1.0000000000e-07 1.4143736905e-26
5.8480354764e-02 1.0000000000e-07 4.8543410001e-26
1.0536102769e-01 1.0000000000e-07 3.8400532178e-24
1.8982350912e-01 1.0000000000e-07 4.3386078060e-24
3.4199518934e-01 1.0000000000e-07 3.5305731256e-23
6.1615502776e-01 1.0000000000e-07 7.5634884080e-24
1.1100946156e+00 1.0000000000e-07 5.4427277564e-24
2.0000000000e+00 1.0000000000e-07 1.5157121430e-24
1.0000000000e-02 1.6681005372e-07 2.1231978652e-27
1.8016482307e-02 1.6681005372e-07 2.1786359517e-26
3.2459363470e-02 1.6681005372e-07 1.0950941116e-25
5.8480354764e-02 1.6681005372e-07 3.7585304752e-25
1.0536102769e-01 1.6681005372e-07 2.9599642811e-23
1.8982350912e-01 1.6681005372e-07 4.2424304342e-23
3.4199518934e-01 1.6681005372e-07 2.0601728300e-22
6.1615502776e-01 1.6681005372e-07 4.4398758985e-23
1.1100946156e+00 1.6681005372e-07 3.4944032485e-23
2.0000000000e+00 1.6681005372e-07 5.8109338852e-24
1.0000000000e-02 2.7825594022e-07 1.6439144931e-26
1.8016482307e-02 2.7825594022e-07 1.6868335000e-25
3.2459363470e-02 2.7825594022e-07 8.4788849719e-25
5.8480354764e-02 2.7825594022e-07 2.9100179051e-24
1.0536102769e-01 2.7825594022e-07 2.2636765188e-22
1.8982350912e-01 2.7825594022e-07 7.2970479532e-22
3.4199518934e-01 2.7825594022e-07 1.1427217641e-21
6.1615502776e-01 2.7825594022e-07 3.5192779496e-22
1.1100946156e+00 2.7825594022e-07 1.7407932868e-22
2.0000000000e+00 2.7825594022e-07 1.7444282064e-23
1.0000000000e-02 4.6415888336e-07 1.2728268406e-25
1.8016482307e-02 4.6415888336e-07 1.3060525528e-24
3.2459363470e-02 4.6415888336e-07 8.0897305267e-24
5.8480354764e-02 4.6415888336e-07 2.2530110623e-23
1.0536102769e-01 4.6415888336e-07 1.6945850306e-21
1.8982350912e-01 4.6415888336e-07 3.1305857172e-21
3.4199518934e-01 4.6415888336e-07 4.7867838413e-21
6.1615502776e-01 4.6415888336e-07 2.1618268058e-21
1.1100946156e+00 4.6415888336e-07 6.9730978927e-22
2.0000000000e+00 4.6415888336e-07 4.9922686340e-23
1.0000000000e-02 7.7426368268e-07 9.8550113116e-25
1.8016482307e-02 7.7426368268e-07 1.0112295017e-23
3.2459363470e-02 7.7426368268e-07 5.0826981313e-23
5.8480354764e-02 7.7426368268e-07 2.5417802514e-22
1.0536102769e-01 7.7426368268e-07 3.6395627697e-21
1.8982350912e-01 7.7426368268e-07 2.3594655685e-20
3.4199518934e-01 7.7426368268e-07 2.6704157464e-20
6.1615502776e-01 7.7426368268e-07 1.0124804288e-20
1.1100946156e+00 7.7426368268e-07 2.1884680960e-21
2.0000000000e+00 7.7426368268e-07 1.5241458512e-22
1.0000000000e-02 1.2915496650e-06 7.6303713649e-24
1.8016482307e-02 1.2915496650e-06 7.8294986709e-23
3.2459363470e-02 1.2915496650e-06 3.9349856897e-22
5.8480354764e-02 1.2915496650e-06 1.9668806625e-21
1.0536102769e-01 1.2915496650e-06 2.8394183743e-20
1.8982350912e-01 1.2915496650e-06 1.2958302528e-19
3.4199518934e-01 1.2915496650e-06 1.2406467562e-19
6.1615502776e-01 1.2915496650e-06 3.7185228699e-20
1.1100946156e+00 1.2915496650e-06 6.1130892339e-21
2.0000000000e+00 1.2915496650e-06 3.7877229608e-22
1.0000000000e-02 2.1544346900e-06 5.9079067499e-23
1.8016482307e-02 2.1544346900e-06 6.0619790290e-22
3.2459363470e-02 2.1544346900e-06 3.0458922173e-21
5.8480354764e-02 2.1544346900e-06 1.0438529205e-20
1.0536102769e-01 2.1544346900e-06 2.9629862539e-19
1.8982350912e-01 2.1544346900e-06 7.7617990781e-19
3.4199518934e-01 2.1544346900e-06 5.0223236066e-19
6.1615502776e-01 2.1544346900e-06 1.1135439943e-19
1.1100946156e+00 2.1544346900e-06 1.6402750655e-20
2.0000000000e+00 2.1544346900e-06 1.1023996302e-21
1.0000000000e-02 3.5938136638e-06 4.5742673982e-22
1.8016482307e-02 3.5938136638e-06 4.6933370187e-21
3.2459363470e-02 3.5938136638e-06 2.0722578987e-20
5.8480354764e-02 3.5938136638e-06 1.4766958997e-19
1.0536102769e-01 3.5938136638e-06 1.4332166441e-18
1.8982350912e-01 3.5938136638e-06 4.0271585582e-18
3.4199518934e-01 3.5938136638e-06 1.6126823786e-18
6.1615502776e-01 3.5938136638e-06 3.1100342111e-19
1.1100946156e+00 3.5938136638e-06 4.7355603146e-20
2.0000000000e+00 3.5938136638e-06 2.9957907715e-21
1.0000000000e-02 5.9948425032e-06 3.5416199666e-21
1.8016482307e-02 5.9948425032e-06 3.6333845951e-20
3.2459363470e-02 5.9948425032e-06 1.4697864248e-19
5.8480354764e-02 5.9948425032e-06 2.1081846351e-18
1.0536102769e-01 5.9948425032e-06 9.7682338658e-18
1.8982350912e-01 5.9948425032e-06 1.5295672422e-17
3.4199518934e-01 5.9948425032e-06 4.7217484081e-18
6.1615502776e-01 5.9948425032e-06 8.7154707461e-19
1.1100946156e+00 5.9948425032e-06 1.2666562456e-19
2.0000000000e+00 5.9948425032e-06 8.4383232853e-21
1.0000000000e-02 1.0000000000e-05 2.7420560551e-20
1.8016482307e-02 1.0000000000e-05 2.8120809643e-19
3.2459363470e-02 1.0000000000e-05 1.1670487983e-18
5.8480354764e-02 1.0000000000e-05 1.4241241987e-17
1.0536102769e-01 1.0000000000e-05 5.7138006964e-17
1.8982350912e-01 1.0000000000e-05 4.7350510964e-17
3.4199518934e-01 1.0000000000e-05 1.3134068832e-17
6.1615502776e-01 1.0000000000e-05 2.4251614200e-18
1.1100946156e+00 1.0000000000e-05 3.6465652684e-19
2.0000000000e+00 1.0000000000e-05 2.3142146726e-20
