1.0000000000e-02 1.0000000000e-07 1.0000000000e-300
1.8016482307e-02 1.0000000000e-07 1.0000000000e-300
3.2459363470e-02 1.0000000000e-07 1.0000000000e-300
5.8480354764e-02 1.0000000000e-07 1.0000000000e-300
1.0536102769e-01 1.0000000000e-07 1.0000000000e-300
1.8982350912e-01 1.0000000000e-07 1.0000000000e-300
3.4199518934e-01 1.0000000000e-07 1.0000000000e-300
6.1615502776e-01 1.0000000000e-07 1.0000000000e-300
1.1100946156e+00 1.0000000000e-07 1.0000000000e-300
2.0000000000e+00 1.0000000000e-07 1.0000000000e-300
1.0000000000e-02 1.6681005372e-07 1.0000000000e-300
1.8016482307e-02 1.6681005372e-07 1.0000000000e-300
3.2459363470e-02 1.6681005372e-07 1.0000000000e-300
5.8480354764e-02 1.6681005372e-07 1.0000000000e-300
1.0536102769e-01 1.6681005372e-07 1.0000000000e-300
1.8982350912e-01 1.6681005372e-07 1.0000000000e-300
3.4199518934e-01 1.6681005372e-07 1.0000000000e-300
6.1615502776e-01 1.6681005372e-07 1.0000000000e-300
1.1100946156e+00 1.6681005372e-07 7.0984345813e-26
2.0000000000e+00 1.6681005372e-07 1.0000000000e-300
1.0000000000e-02 2.7825594022e-07 1.0000000000e-300
1.8016482307e-02 2.7825594022e-07 1.0000000000e-300
3.2459363470e-02 2.7825594022e-07 1.0000000000e-300
5.8480354764e-02 2.7825594022e-07 1.0000000000e-300
1.0536102769e-01 2.7825594022e-07 1.0000000000e-300
1.8982350912e-01 2.7825594022e-07 1.0000000000e-300
3.4199518934e-01 2.7825594022e-07 1.0000000000e-300
6.1615502776e-01 2.7825594022e-07 5.7108491177e-28
1.1100946156e+00 2.7825594022e-07 2.1395590182e-25
2.0000000000e+00 2.7825594022e-07 1.0000000000e-300
1.0000000000e-02 4.6415888336e-07 1.0000000000e-300
1.8016482307e-02 4.6415888336e-07 1.0000000000e-300
3.2459363470e-02 4.6415888336e-07 1.0000000000e-300
5.8480354764e-02 4.6415888336e-07 1.0000000000e-300
1.0536102769e-01 4.6415888336e-07 1.0000000000e-300
1.8982350912e-01 4.6415888336e-07 1.0000000000e-300
3.4199518934e-01 4.6415888336e-07 1.6370419162e-24
6.1615502776e-01 4.6415888336e-07 1.0000000000e-300
1.1100946156e+00 4.6415888336e-07 3.3621447607e-25
2.0000000000e+00 4.6415888336e-07 1.0000000000e-300
1.0000000000e-02 7.7426368268e-07 1.0000000000e-300
1.8016482307e-02 7.7426368268e-07 1.0000000000e-300
3.2459363470e-02 7.7426368268e-07 1.0000000000e-300
5.8480354764e-02 7.7426368268e-07 1.0000000000e-300
1.0536102769e-01 7.7426368268e-07 1.0000000000e-300
1.8982350912e-01 7.7426368268e-07 1.0000000000e-300
3.4199518934e-01 7.7426368268e-07 7.5150358146e-23
6.1615502776e-01 7.7426368268e-07 1.0000000000e-300
1.1100946156e+00 7.7426368268e-07 9.3613183770e-25
2.0000000000e+00 7.7426368268e-07 1.0000000000e-300
1.0000000000e-02 1.2915496650e-06 1.0000000000e-300
1.8016482307e-02 1.2915496650e-06 1.0000000000e-300
3.2459363470e-02 1.2915496650e-06 1.0000000000e-300
5.8480354764e-02 1.2915496650e-06 1.0000000000e-300
1.0536102769e-01 1.2915496650e-06 1.0000000000e-300
1.8982350912e-01 1.2915496650e-06 7.5367817271e-22
3.4199518934e-01 1.2915496650e-06 1.0000000000e-300
6.1615502776e-01 1.2915496650e-06 8.3853016425e-27
1.1100946156e+00 1.2915496650e-06 2.6047631001e-24
2.0000000000e+00 1.2915496650e-06 1.0000000000e-300
1.0000000000e-02 2.1544346900e-06 1.0000000000e-300
1.8016482307e-02 2.1544346900e-06 1.0000000000e-300
3.2459363470e-02 2.1544346900e-06 1.0000000000e-300
5.8480354764e-02 2.1544346900e-06 1.0000000000e-300
1.0536102769e-01 2.1544346900e-06 3.5836421704e-21
1.8982350912e-01 2.1544346900e-06 2.0638100501e-21
3.4199518934e-01 2.1544346900e-06 1.0000000000e-300
6.1615502776e-01 2.1544346900e-06 8.0786035830e-23
1.1100946156e+00 2.1544346900e-06 2.2502113871e-33
2.0000000000e+00 2.1544346900e-06 2.8587800157e-24
1.0000000000e-02 3.5938136638e-06 1.0000000000e-300
1.8016482307e-02 3.5938136638e-06 1.0000000000e-300
3.2459363470e-02 3.5938136638e-06 1.0000000000e-300
5.8480354764e-02 3.5938136638e-06 1.0000000000e-300
1.0536102769e-01 3.5938136638e-06 1.0000000000e-300
1.8982350912e-01 3.5938136638e-06 5.0305860080e-21
3.4199518934e-01 3.5938136638e-06 7.1104291387e-22
6.1615502776e-01 3.5938136638e-06 2.2478816337e-22
1.1100946156e+00 3.5938136638e-06 2.0167571747e-23
2.0000000000e+00 3.5938136638e-06 7.9545382580e-24
1.0000000000e-02 5.9948425032e-06 1.0000000000e-300
1.8016482307e-02 5.9948425032e-06 1.0000000000e-300
3.2459363470e-02 5.9948425032e-06 1.0000000000e-300
5.8480354764e-02 5.9948425032e-06 1.0000000000e-300
1.0536102769e-01 5.9948425032e-06 9.3278742061e-20
1.8982350912e-01 5.9948425032e-06 4.0435987771e-20
3.4199518934e-01 5.9948425032e-06 1.9784694996e-21
6.1615502776e-01 5.9948425032e-06 6.2548645633e-22
1.1100946156e+00 5.9948425032e-06 1.7422616718e-32
2.0000000000e+00 5.9948425032e-06 1.0000000000e-300
1.0000000000e-02 1.0000000000e-05 1.0000000000e-300
1.8016482307e-02 1.0000000000e-05 1.0000000000e-300
3.2459363470e-02 1.0000000000e-05 1.0000000000e-300
5.8480354764e-02 1.0000000000e-05 1.0000000000e-300
1.0536102769e-01 1.0000000000e-05 1.0000000000e-300
1.8982350912e-01 1.0000000000e-05 4.8012542371e-20
3.4199518934e-01 1.0000000000e-05 5.5051593599e-21
6.1615502776e-01 1.0000000000e-05 1.7404504006e-21
1.1100946156e+00 1.0000000000e-05 1.5615070663e-22
2.0000000000e+00 1.0000000000e-05 1.0000000000e-300
