1.0000000000e-02 1.0000000000e-07 1.0000000000e-300
1.8016482307e-02 1.0000000000e-07 1.0000000000e-300
3.2459363470e-02 1.0000000000e-07 1.0000000000e-300
5.8480354764e-02 1.0000000000e-07 1.0000000000e-300
1.0536102769e-01 1.0000000000e-07 1.0000000000e-300
1.8982350912e-01 1.0000000000e-07 1.0000000000e-300
3.4199518934e-01 1.0000000000e-07 1.0000000000e-300
6.1615502776e-01 1.0000000000e-07 1.0000000000e-300
1.1100946156e+00 1.0000000000e-07 7.6640948731e-27
2.0000000000e+00 1.0000000000e-07 1.0000000000e-300
1.0000000000e-02 1.6681005372e-07 1.0000000000e-300
1.8016482307e-02 1.6681005372e-07 1.0000000000e-300
3.2459363470e-02 1.6681005372e-07 1.0000000000e-300
5.8480354764e-02 1.6681005372e-07 1.0000000000e-300
1.0536102769e-01 1.6681005372e-07 1.0000000000e-300
1.8982350912e-01 1.6681005372e-07 1.0000000000e-300
3.4199518934e-01 1.6681005372e-07 1.0000000000e-300
6.1615502776e-01 1.6681005372e-07 8.3942979977e-26
1.1100946156e+00 1.6681005372e-07 3.3625268477e-34
2.0000000000e+00 1.6681005372e-07 6.1246860139e-26
1.0000000000e-02 2.7825594022e-07 1.0000000000e-300
1.8016482307e-02 2.7825594022e-07 1.0000000000e-300
3.2459363470e-02 2.7825594022e-07 1.0000000000e-300
5.8480354764e-02 2.7825594022e-07 1.0000000000e-300
1.0536102769e-01 2.7825594022e-07 1.0000000000e-300
1.8982350912e-01 2.7825594022e-07 1.0000000000e-300
3.4199518934e-01 2.7825594022e-07 2.6265664822e-24
6.1615502776e-01 2.7825594022e-07 1.0000000000e-300
1.1100946156e+00 2.7825594022e-07 1.0000000000e-300
2.0000000000e+00 2.7825594022e-07 1.0000000000e-300
1.0000000000e-02 4.6415888336e-07 1.0000000000e-300
1.8016482307e-02 4.6415888336e-07 1.0000000000e-300
3.2459363470e-02 4.6415888336e-07 1.0000000000e-300
5.8480354764e-02 4.6415888336e-07 1.0000000000e-300
1.0536102769e-01 4.6415888336e-07 1.0000000000e-300
1.8982350912e-01 4.6415888336e-07 1.0000000000e-300
3.4199518934e-01 4.6415888336e-07 1.0000000000e-300
6.1615502776e-01 4.6415888336e-07 6.6999007358e-25
1.1100946156e+00 4.6415888336e-07 1.7160933993e-24
2.0000000000e+00 4.6415888336e-07 1.0000000000e-300
1.0000000000e-02 7.7426368268e-07 1.0000000000e-300
1.8016482307e-02 7.7426368268e-07 1.0000000000e-300
3.2459363470e-02 7.7426368268e-07 1.0000000000e-300
5.8480354764e-02 7.7426368268e-07 1.0000000000e-300
1.0536102769e-01 7.7426368268e-07 1.0000000000e-300
1.8982350912e-01 7.7426368268e-07 1.0000000000e-300
3.4199518934e-01 7.7426368268e-07 3.4580753254e-23
6.1615502776e-01 7.7426368268e-07 1.0000000000e-300
1.1100946156e+00 7.7426368268e-07 6.9991627338e-34
2.0000000000e+00 7.7426368268e-07 1.0000000000e-300
1.0000000000e-02 1.2915496650e-06 1.0000000000e-300
1.8016482307e-02 1.2915496650e-06 1.0000000000e-300
3.2459363470e-02 1.2915496650e-06 1.0000000000e-300
5.8480354764e-02 1.2915496650e-06 1.0000000000e-300
1.0536102769e-01 1.2915496650e-06 1.0000000000e-300
1.8982350912e-01 1.2915496650e-06 1.0000000000e-300
3.4199518934e-01 1.2915496650e-06 1.3924843630e-22
6.1615502776e-01 1.2915496650e-06 3.4834072225e-23
1.1100946156e+00 1.2915496650e-06 1.9474416965e-33
2.0000000000e+00 1.2915496650e-06 2.2645119361e-24
1.0000000000e-02 2.1544346900e-06 1.0000000000e-300
1.8016482307e-02 2.1544346900e-06 1.0000000000e-300
3.2459363470e-02 2.1544346900e-06 1.0000000000e-300
5.8480354764e-02 2.1544346900e-06 1.0000000000e-300
1.0536102769e-01 2.1544346900e-06 1.0000000000e-300
1.8982350912e-01 2.1544346900e-06 1.4446292400e-21
3.4199518934e-01 2.1544346900e-06 9.7476365559e-23
6.1615502776e-01 2.1544346900e-06 9.6925835045e-23
1.1100946156e+00 2.1544346900e-06 7.1723627266e-23
2.0000000000e+00 2.1544346900e-06 1.0000000000e-300
1.0000000000e-02 3.5938136638e-06 1.0000000000e-300
1.8016482307e-02 3.5938136638e-06 1.0000000000e-300
3.2459363470e-02 3.5938136638e-06 1.0000000000e-300
5.8480354764e-02 3.5938136638e-06 1.0000000000e-300
1.0536102769e-01 3.5938136638e-06 1.2700737706e-20
1.8982350912e-01 3.5938136638e-06 1.2296448101e-20
3.4199518934e-01 3.5938136638e-06 1.4753364772e-20
6.1615502776e-01 3.5938136638e-06 2.6969778334e-22
1.1100946156e+00 3.5938136638e-06 1.9957657292e-22
2.0000000000e+00 3.5938136638e-06 1.0000000000e-300
1.0000000000e-02 5.9948425032e-06 1.0000000000e-300
1.8016482307e-02 5.9948425032e-06 1.0000000000e-300
3.2459363470e-02 5.9948425032e-06 1.0000000000e-300
5.8480354764e-02 5.9948425032e-06 1.0000000000e-300
1.0536102769e-01 5.9948425032e-06 1.0000000000e-300
1.8982350912e-01 5.9948425032e-06 7.4749096326e-20
3.4199518934e-01 5.9948425032e-06 4.4944028606e-20
6.1615502776e-01 5.9948425032e-06 7.5044682074e-22
1.1100946156e+00 5.9948425032e-06 1.0000000000e-300
2.0000000000e+00 5.9948425032e-06 1.0000000000e-300
1.0000000000e-02 1.0000000000e-05 1.0000000000e-300
1.8016482307e-02 1.0000000000e-05 1.0000000000e-300
3.2459363470e-02 1.0000000000e-05 1.0000000000e-300
5.8480354764e-02 1.0000000000e-05 1.3650602036e-19
1.0536102769e-01 1.0000000000e-05 1.0000000000e-300
1.8982350912e-01 1.0000000000e-05 2.1643700071e-19
3.4199518934e-01 1.0000000000e-05 2.2521959928e-19
6.1615502776e-01 1.0000000000e-05 2.0881666201e-21
1.1100946156e+00 1.0000000000e-05 1.5452424022e-21
2.0000000000e+00 1.0000000000e-05 1.0000000000e-300
