1.542025622701663545e+00 -5.000000000000000000e+00
1.543459345709583541e+00 -5.001124716627954214e+00
1.554668950071600220e+00 -5.010050251256281229e+00
1.555022310511914974e+00 -5.010330832686151759e+00
1.566585275314246628e+00 -5.019626784243701678e+00
1.567167937665242761e+00 -5.020100502512562457e+00
1.578148240116578283e+00 -5.028996091205194752e+00
1.579560312568632163e+00 -5.030150753768843686e+00
1.589711204918909715e+00 -5.038421664457693794e+00
1.591879204224460942e+00 -5.040201005025125802e+00
1.601274169721241369e+00 -5.047884167384635745e+00
1.604153469251029085e+00 -5.050251256281407031e+00
1.612837134523573024e+00 -5.057364531900078397e+00
1.616410729118135770e+00 -5.060301507537688259e+00
1.624400099325904456e+00 -5.066841717283185886e+00
1.628686864462610684e+00 -5.070351758793970376e+00
1.635963064128235889e+00 -5.076256779951577869e+00
1.641098895429244031e+00 -5.080402010050251604e+00
1.647526028930567543e+00 -5.085508086903427483e+00
1.653820942550986661e+00 -5.090452261306532833e+00
1.659088993732899198e+00 -5.094542170592367469e+00
1.666444559260714664e+00 -5.100502512562814061e+00
1.670651958535230630e+00 -5.104119438434490341e+00
1.677695115280061433e+00 -5.110552763819095290e+00
1.682214923337562285e+00 -5.114845440774267615e+00
1.688074700599194067e+00 -5.120603015075376518e+00
1.693777888139893939e+00 -5.126280657310214650e+00
1.698151252675243361e+00 -5.130653266331657747e+00
1.705340852942225371e+00 -5.137763547436163591e+00
1.708344717791784761e+00 -5.140703517587939864e+00
1.716903817744557026e+00 -5.148979809054226919e+00
1.718760358206858685e+00 -5.150753768844220204e+00
1.728466782546888680e+00 -5.159914991023840436e+00
1.729421471365753415e+00 -5.160804020100502321e+00
1.740029747349220113e+00 -5.170559922376468442e+00
1.740354668661096671e+00 -5.170854271356784437e+00
1.751590535061009479e+00 -5.180904522613065666e+00
1.751592712151551545e+00 -5.180906442904034570e+00
1.763155676953883200e+00 -5.190947527401953643e+00
1.763164178783431346e+00 -5.190954773869346894e+00
1.774718641756214854e+00 -5.200674598683020733e+00
1.775119044546789260e+00 -5.201005025125628123e+00
1.786281606558546287e+00 -5.210098089828483658e+00
1.787471307211286220e+00 -5.211055276381909351e+00
1.797844571360877941e+00 -5.219354259416307151e+00
1.800050701921196428e+00 -5.221105527638190580e+00
1.809407536163209596e+00 -5.228452496107160563e+00
1.812879808846968421e+00 -5.231155778894471808e+00
1.820970500965541028e+00 -5.237343337380763408e+00
1.826071938019231844e+00 -5.241206030150753925e+00
1.832533465767872460e+00 -5.246024271876061462e+00
1.839631003604298876e+00 -5.251256281407036042e+00
1.844096430570204337e+00 -5.254506186613813412e+00
1.853563047573602685e+00 -5.261306532663317270e+00
1.855659395372535769e+00 -5.262796913893290629e+00
1.867222360174867202e+00 -5.270895187548680028e+00
1.867892299374023457e+00 -5.271356783919598499e+00
1.878785324977198856e+00 -5.278795202495524919e+00
1.882675146428769208e+00 -5.281407035175879727e+00
1.890348289779530511e+00 -5.286570913562078644e+00
1.897603959392437201e+00 -5.291457286432160956e+00
1.901911254581861943e+00 -5.294433994514744057e+00
1.911943700805120550e+00 -5.301507537688442184e+00
1.913474219384193376e+00 -5.302634521622014319e+00
1.925037184186525252e+00 -5.311451619563881899e+00
1.925173842136448599e+00 -5.311557788944723413e+00
1.936600148988856684e+00 -5.320659861188339335e+00
1.937790200476049884e+00 -5.321608040201004641e+00
1.948163113791188117e+00 -5.330037576516815534e+00
1.950159530195783697e+00 -5.331658291457285870e+00
1.959726078593519993e+00 -5.339551987848611070e+00
1.962373254414349732e+00 -5.341708542713567986e+00
1.971289043395851426e+00 -5.349049363653019640e+00
1.974653932318923832e+00 -5.351758793969849215e+00
1.982852008198182858e+00 -5.358439239731895398e+00
1.987104136838714119e+00 -5.361809045226130443e+00
1.994414973000514291e+00 -5.367680574893314294e+00
1.999797338990339401e+00 -5.371859296482412560e+00
2.005977937802845723e+00 -5.376729077838922066e+00
2.012824718287603787e+00 -5.381909547738693789e+00
2.017540902605177600e+00 -5.385536417281134192e+00
2.026243751181087127e+00 -5.391959798994975905e+00
2.029103867407509476e+00 -5.394108292160137985e+00
2.039780530319572183e+00 -5.402010050251256246e+00
2.040666832209840464e+00 -5.402677916942760561e+00
2.052229797012172341e+00 -5.411241130410593847e+00
2.053361121772512732e+00 -5.412060301507537474e+00
2.063792761814504217e+00 -5.419725758132196702e+00
2.067147622058452150e+00 -5.422110552763818703e+00
2.075355726616835206e+00 -5.428011853828754063e+00
2.081342764294156211e+00 -5.432160804020099931e+00
2.086918691419167082e+00 -5.436071363378928822e+00
2.096027455726303224e+00 -5.442211055276382936e+00
2.098481656221498515e+00 -5.443881104537060089e+00
2.110044621023829947e+00 -5.451410555563810156e+00
2.111416976253216671e+00 -5.452261306532663276e+00
2.121607585826161824e+00 -5.458590689551002129e+00
2.127921321728410753e+00 -5.462311557788943617e+00
2.133170550628493256e+00 -5.465407895918142245e+00
2.144733515430824689e+00 -5.471838450969967127e+00
2.145740972678083835e+00 -5.472361809045226622e+00
2.156296480233156565e+00 -5.477843229238392730e+00
2.165758289512151435e+00 -5.482412060301507850e+00
2.167859445035487997e+00 -5.483425541481501853e+00
2.179422409837819430e+00 -5.488532954395061836e+00
2.189301695647317025e+00 -5.492462311557789079e+00
2.190985374640151306e+00 -5.493117459210084874e+00
2.202548339442482739e+00 -5.497019953180203089e+00
2.214111304244814171e+00 -5.500271883732261280e+00
2.223236219150683812e+00 -5.502512562814070307e+00
2.225674269047146048e+00 -5.503122401901431537e+00
2.237237233849477480e+00 -5.505806064021841806e+00
2.248800198651808913e+00 -5.508223748789632168e+00
2.260363163454140789e+00 -5.510095633601693521e+00
2.271926128256471777e+00 -5.511329701864143615e+00
2.283489093058803654e+00 -5.511886799773708212e+00
2.295052057861135086e+00 -5.511849455438875722e+00
2.306615022663466519e+00 -5.511230189329484830e+00
2.318177987465798395e+00 -5.510019475803851208e+00
2.329740952268129828e+00 -5.508244583672772698e+00
2.341303917070461260e+00 -5.505920376236661973e+00
2.352866881872792693e+00 -5.502977098897658514e+00
2.354292759132411650e+00 -5.502512562814070307e+00
2.364429846675124569e+00 -5.498974221326099254e+00
2.375992811477456002e+00 -5.493889744476402548e+00
2.378749488894613684e+00 -5.492462311557789079e+00
2.387555776279787878e+00 -5.487727453016240986e+00
2.396379797423744407e+00 -5.482412060301507850e+00
2.399118741082119310e+00 -5.480750802216808104e+00
2.410681705884450743e+00 -5.473055055868620400e+00
2.411641855827399983e+00 -5.472361809045226622e+00
2.422244670686782619e+00 -5.464644349259497602e+00
2.425216591855676285e+00 -5.462311557788945393e+00
2.433807635489114052e+00 -5.455511044529217202e+00
2.437641851822481609e+00 -5.452261306532662388e+00
2.445370600291445484e+00 -5.445649943345216570e+00
2.449148291480011785e+00 -5.442211055276382048e+00
2.456933565093777361e+00 -5.434969937061312706e+00
2.459788305248548745e+00 -5.432160804020099931e+00
2.468496529896108349e+00 -5.423363535298716620e+00
2.469675119938318009e+00 -5.422110552763818703e+00
2.478905831229802015e+00 -5.412060301507537474e+00
2.480059494698440226e+00 -5.410775543141838284e+00
2.487583348301639852e+00 -5.402010050251256246e+00
2.491622459500772102e+00 -5.397219637698917438e+00
2.495915778798313500e+00 -5.391959798994975017e+00
2.503185424303102646e+00 -5.382948576001068020e+00
2.504003175260733460e+00 -5.381909547738694677e+00
2.511847382505052906e+00 -5.371859296482412560e+00
2.514748389105434967e+00 -5.368105203487639088e+00
2.519533321409133997e+00 -5.361809045226129555e+00
2.526311353907766399e+00 -5.352808265531619369e+00
2.527092785654438512e+00 -5.351758793969849215e+00
2.534528750417176290e+00 -5.341708542713567986e+00
2.537874318710097832e+00 -5.337152021049291761e+00
2.541825853157274828e+00 -5.331658291457285870e+00
2.548997856733032474e+00 -5.321608040201004641e+00
2.549437283512429708e+00 -5.320988233888732211e+00
2.555966682044857663e+00 -5.311557788944723413e+00
2.561000248314761141e+00 -5.304223356687806756e+00
2.562822866845813952e+00 -5.301507537688442184e+00
2.569515089261967145e+00 -5.291457286432160956e+00
2.572563213117092573e+00 -5.286847520915385346e+00
2.576124817396396427e+00 -5.281407035175879727e+00
2.582772610875850194e+00 -5.271356783919598499e+00
2.584126177919424450e+00 -5.269331867911464684e+00
2.589441348972882473e+00 -5.261306532663316382e+00
2.595689142721755882e+00 -5.251591376182443760e+00
2.595900410064703401e+00 -5.251256281407035154e+00
2.602175846130282189e+00 -5.241206030150753925e+00
2.607252107524087315e+00 -5.233130896582155245e+00
2.608484059393701315e+00 -5.231155778894471808e+00
2.614791013558880550e+00 -5.221105527638190580e+00
2.618815072326419191e+00 -5.214744363293739582e+00
2.621131689389308850e+00 -5.211055276381909351e+00
2.627494244098605769e+00 -5.201005025125628123e+00
2.630378037128750623e+00 -5.196479901394230438e+00
2.633875140260963477e+00 -5.190954773869346894e+00
2.640267347723602054e+00 -5.180904522613065666e+00
2.641941001931082056e+00 -5.178278641211401023e+00
2.646647368856822613e+00 -5.170854271356784437e+00
2.652997197145392949e+00 -5.160804020100502321e+00
2.653503966733413932e+00 -5.159995796281563685e+00
2.659277044576510818e+00 -5.150753768844221092e+00
2.665066931535745365e+00 -5.141448856548037405e+00
2.665529159901960377e+00 -5.140703517587938975e+00
2.671714428318867185e+00 -5.130653266331657747e+00
2.676629896338076797e+00 -5.122644396189020455e+00
2.677879049951111146e+00 -5.120603015075376518e+00
2.683988196921992753e+00 -5.110552763819095290e+00
2.688192861140408674e+00 -5.103620229269576924e+00
2.690078791239568279e+00 -5.100502512562814061e+00
2.696125396288730602e+00 -5.090452261306532833e+00
2.699755825942739662e+00 -5.084406454204286163e+00
2.702154915643368405e+00 -5.080402010050251604e+00
2.708169799671432898e+00 -5.070351758793970376e+00
2.711318790745071539e+00 -5.065092126688417906e+00
2.714181628009741942e+00 -5.060301507537688259e+00
2.720222119615790746e+00 -5.050251256281407031e+00
2.722881755547402971e+00 -5.045853804085933092e+00
2.726296369934468444e+00 -5.040201005025125802e+00
2.732403908353600919e+00 -5.030150753768843686e+00
2.734444720349734403e+00 -5.026817094429683941e+00
2.738553918559225586e+00 -5.020100502512562457e+00
2.744742583037468542e+00 -5.010050251256281229e+00
2.746007685152066280e+00 -5.008015698446819819e+00
2.750989241225046733e+00 -5.000000000000000000e+00
