34.83578670042481917334953323006630 0.00001000000000000000081803053914
34.95097904686237200166942784562707 0.00000997413594783059372311882079
35.86484432461747928755357861518860 0.00000977124153534650099757301323
35.89403736031837155451285070739686 0.00000976493074026501417126897020
36.86254156990754893286066362634301 0.00000955813622173124440343193464
36.91203063899593672658738796599209 0.00000954771611420806674689395338
37.85717826480551195800217101350427 0.00000935414093147668925681305352
37.98046806162122379646461922675371 0.00000932930402628469600560465191
38.87865255995306767999863950535655 0.00000915331346599020705882658600
39.07322014251647601668082643300295 0.00000911588829975081874036017121
39.92768859592423069670985569246113 0.00000895603604123083010715277580
40.19328191720823184596156352199614 0.00000890735463861043931402348278
41.00503005228179631558305118232965 0.00000876265005571179795608189461
41.34383217937713794754017726518214 0.00000870359136148516552818413250
42.11144067478448249630673672072589 0.00000857350257677344545397327136
42.52916582481517338010235107503831 0.00000850448934180266942462443625
43.24770481681943579133076127618551 0.00000838963796050696081977714885
43.76217469107184854237857507541776 0.00000830994194935338751153985903
44.41462799544365935844325576908886 0.00000821281259791819580199159767
45.06308733737154881282549467869103 0.00000811984499318400838711613093
45.61303746242881373973432346247137 0.00000804373638971673252454075431
46.39215633576489494771522004157305 0.00000793409666579749174358717617
46.84378279071411554923543008044362 0.00000786829368359335057175017736
47.60966386632001245970968739129603 0.00000775259748862946437885160234
48.10773647668322894332959549501538 0.00000767634630996408765652144063
48.76123544031172230006632162258029 0.00000757525025877192050379914032
49.40579455869166736192710231989622 0.00000747686161636852543666215479
49.90582652949350972448883112519979 0.00000740195999691565253590435844
50.73887725228379963482439052313566 0.00000728176153701963847964971285
51.09103701183155976650596130639315 0.00000723263389648353398369466996
52.10792960254939742981150629930198 0.00000709610757973344941410519249
52.33115958557802116501989075914025 0.00000706718127392750616910018641
53.51392215408213104410606320016086 0.00000691966403445175208493161598
53.63168864628063658983592176809907 0.00000690551352016233059886388818
54.95785163901525294249950093217194 0.00000675211884282307511220225932
54.99898423358385457504482474178076 0.00000674754405311068583219911640
56.44045875049252458666160237044096 0.00000659318827133354140574263494
56.44074168362210031091308337636292 0.00000659315911873678903713140789
57.96364353398218582924528163857758 0.00000644247100436897263380908035
57.96477825215482226894891937263310 0.00000644236350872137022120908142
59.52763680122745171274800668470562 0.00000629978026062903989775679930
59.58254429776138749730307608842850 0.00000629498899022188785609471448
61.13383022689706791652497486211360 0.00000616455753331263332615722397
61.30152903705304368031647754833102 0.00000615098578858050446611840240
62.78336246894336625246069161221385 0.00000603456181834709290949135194
63.10310102032262591364997206255794 0.00000601027678207038814982938676
64.47740290894570591717638308182359 0.00000590945600706981933637751414
64.99497916136768083106289850547910 0.00000587278661318948926733929383
66.21715248110517393342888681218028 0.00000578970802249529436871427340
66.99955805785745610592130105942488 0.00000573844164830239274226663868
68.00384452360736986520350910723209 0.00000567512887327927704409890469
69.12434094233418591102235950529575 0.00000560716993820544644058388381
69.83874565295690217681112699210644 0.00000556536706222462663410776446
71.37778184425970096071978332474828 0.00000547890117959393389851117592
71.72315666190323213413648772984743 0.00000546013129722512267975572178
73.65841344159527182000601897016168 0.00000535925982062840360216609409
73.77212600537171738324104808270931 0.00000535356667741071866323384829
75.64588792861719923621421912685037 0.00000526265375524085772350598930
76.32646457603343037590093445032835 0.00000523109930805625846053944980
77.68698907757767813109239796176553 0.00000516926844930108972316637819
78.99579232214024671065999427810311 0.00000511143348344016523027676102
79.78316385994195059083722298964858 0.00000507651887748040848811906592
81.64765216361475097528455080464482 0.00000499450511585514013294159058
81.93589828981467348967271391302347 0.00000498156129464127029677278022
84.14671847740065402376785641536117 0.00000488144477548214118361189287
84.17320080203137422358850017189980 0.00000488025158365443365618115482
86.41719171089016526821069419384003 0.00000477903420392344123419697474
86.65431638701302574645524146035314 0.00000476861169771447477021709266
88.74892756753685318926727632060647 0.00000467694673130689217449172321
89.15783831270887560549454065039754 0.00000465952566866468662271690698
91.14357905471419485365913715213537 0.00000457559958731730717868078223
91.70082743504963218583725392818451 0.00000455293507486694756780914312
93.60284378176048392106167739257216 0.00000447662418178180801487352214
94.33089007546548998561775078997016 0.00000444878283112758576964187313
96.12846516344353631211561150848866 0.00000438087397801697634385593647
97.07427078445350332458474440500140 0.00000434701315812502601384570769
98.72223365589694310529012000188231 0.00000428863835272771067903688560
99.95334646417045121324918000027537 0.00000424757155253689430398278057
101.38598802590499303732940461486578 0.00000420020920290684380860599459
102.99703394236915698911616345867515 0.00000415040475785047221742377066
104.12161665443599645186623092740774 0.00000411588832531546869000120895
106.22916094034563627701572841033340 0.00000405546073584081905266749551
106.93105887534748887901514535769820 0.00000403544755764004940825706927
109.59242334860365986060060095041990 0.00000396268863870147865241131899
109.81630635021323882938304450362921 0.00000395659942056347465228231461
112.77940448024689601425052387639880 0.00000387934915684903308474114000
113.07357460396679016412235796451569 0.00000387203878181255734360673854
115.82245385632054990310280118137598 0.00000380429548523595349366179311
116.72062974757544395743025233969092 0.00000378346261713193267659091287
118.94761174811007720109046204015613 0.00000373239970277213026832673591
120.59873831130782662057754350826144 0.00000369691270719503204341435491
122.15709363342128312979184556752443 0.00000366377366479885174831761935
124.74623752563132939030765555799007 0.00000361234269970942281920253843
125.45317476877828255510394228622317 0.00000359847836105947918607897602
128.83819180239314050595567096024752 0.00000353662851676023350569314820
129.24595986669368130606017075479031 0.00000352970730273065006445056165
132.31454443065513260080479085445404 0.00000347863858991054828516506676
134.25217232851190374276484362781048 0.00000344896226040576671999595727
135.88469709931618467635416891425848 0.00000342446005013720040796804459
139.55118075057930582261178642511368 0.00000337412796260942921179213846
139.87528121659377688956737983971834 0.00000337006432927192491584371913
143.31659461732630234109819866716862 0.00000332779657756683604086385929
146.47324041051140852687240112572908 0.00000329297125509714798733112290
147.18360806575805099782883189618587 0.00000328529564907797521573274736
151.15496248775451704204897396266460 0.00000324688603764753069792423079
154.63282696790764703109744004905224 0.00000321764175025073525255171585
155.23347324429391846933867782354355 0.00000321279149009630363923849944
159.42203166130980207526590675115585 0.00000318405123064920929766650343
163.72360707940214297195780090987682 0.00000316029858186819551977924346
167.19997922877982432510179933160543 0.00000314403547159149995856674935
168.14124895885331056888389866799116 0.00000313962369513389013604308039
172.67808904144197867935872636735439 0.00000312028264801720171318401287
177.33734357058929731465468648821115 0.00000310296052903367935340141030
182.12231557140844984132854733616114 0.00000308961501045431592024311830
187.03639719227467708151380065828562 0.00000308084818519179408355455722
192.08307210957931943084986414760351 0.00000307689871358038741913708096
197.26591799736479515559040009975433 0.00000307716330288782480433559634
202.58860906360101239442883525043726 0.00000308155419954813857236295555
208.05491865489341307693393900990486 0.00000309015685226285575772043820
213.66872193147210623465070966631174 0.00000310281167089255032566280298
219.43399861436040509943268261849880 0.00000311946145526210036235856791
225.35483580666624447985668666660786 0.00000314067430272066665597279454
226.09593757077047371240041684359312 0.00000314403547159149995856674935
231.43543089099978260492207482457161 0.00000316975560651401963940354371
237.68009450506878010855871252715588 0.00000320708341216909502465067482
239.19356345845704936436959542334080 0.00000321764175025073525255171585
244.09325359756473972083767876029015 0.00000325291374050888182104467571
249.10348155350862953127943910658360 0.00000329297125509714798733112290
250.67945456650073765558772720396519 0.00000330559161179119348077147869
257.44336648223224983667023479938507 0.00000336468912231002706181076309
258.01315883789902727585285902023315 0.00000337006432927192491584371913
264.38978439744005299871787428855896 0.00000343048599568608200899907240
266.20523506818761916292714886367321 0.00000344896226040575274395232758
271.52363274642436863359762355685234 0.00000350339378718635254816317869
273.93142191090237247408367693424225 0.00000352970730273065726423061331
278.84996883612188867118675261735916 0.00000358385191806070597399756783
281.28611284250962398800766095519066 0.00000361234269970943044249906372
286.37398643131621156499022617936134 0.00000367307725567738220810633937
288.26260384457674490477074868977070 0.00000369691270719503204341435491
294.10101943658543177662068046629429 0.00000377256268452449788458310034
294.90023588677723864748259074985981 0.00000378346261713193267659091287
301.23527800740970405968255363404751 0.00000387203878181255734360673854
302.03654567760111149254953488707542 0.00000388351025987706302929807281
307.31470964855947158866911195218563 0.00000396268863870147865241131899
310.18619078444902470437227748334408 0.00000400664036757422936099390376
313.26781561468970949135837145149708 0.00000405546073584082752299696806
318.55573217973540067760040983557701 0.00000414048698650791527234391737
319.15611895024159139211405999958515 0.00000415040475785046374709429812
324.97307697852977526054019108414650 0.00000424757155253689430398278057
327.15110317430423947371309623122215 0.00000428444721384057438919252050
330.77548996082265375662245787680149 0.00000434701315812503533120812749
335.97839717345550525351427495479584 0.00000443804533699980617355912091
336.58347169782052787923021242022514 0.00000444878283112758576964187313
342.39605359150351659991429187357426 0.00000455293507486694756780914312
345.04387199667058894192450679838657 0.00000460095492919191644546261441
348.19766398025069520372198894619942 0.00000465952566866468662271690698
353.99559409154966260757646523416042 0.00000476861169771447477021709266
354.35395431388485576462699100375175 0.00000477542211281616601483649559
359.72173717107853008201345801353455 0.00000488025158365443365618115482
363.91524420146288321120664477348328 0.00000496336990785591068741419013
365.44570900522518286379636265337467 0.00000499450511585514013294159058
371.12062359879735140566481277346611 0.00000511143348344016523027676102
373.73451982110731250941171310842037 0.00000516597712861021715087658443
376.81208022331861684506293386220932 0.00000523109930805625846053944980
382.62435532733809395722346380352974 0.00000535356667741071866323384829
383.81874222501267013285541906952858 0.00000537858618568277443300080370
388.54502180188586635267711244523525 0.00000547890117959394490993949023
394.17506029067260442388942465186119 0.00000560284520294376942983315820
394.36685774549044936065911315381527 0.00000560716993820545829904514537
400.10672045034579014100017957389355 0.00000573844164830239274226663868
404.81081578884396776629728265106678 0.00000584613854668895424246920223
405.96076234971724261413328349590302 0.00000587278661318948926733929383
411.89926174134944858451490290462971 0.00000601027678207038814982938676
415.73354858825206292749498970806599 0.00000609895791677112332154373983
417.95708289857242334619513712823391 0.00000615098578858050446611840240
424.12536274778432243692805059254169 0.00000629498899022188785609471448
426.95100200073125051858369261026382 0.00000636092241709957449788577499
430.40285180753392069163965061306953 0.00000644236350872137022120908142
436.78463013306105722222127951681614 0.00000659318827133354140574263494
438.47112827059333994839107617735863 0.00000663317352684306223880358194
443.24859622385071133976452983915806 0.00000674754405311068583219911640
449.77695210837373451795428991317749 0.00000690551352016233059886388818
450.30209421210827258619247004389763 0.00000691837667473471848987066901
456.32792324295974140113685280084610 0.00000706718127392749176954008308
462.45228699909682745783356949687004 0.00000722023184933549507825978342
462.94474630522432789803133346140385 0.00000723263389648354838325477328
469.58522984255245091844699345529079 0.00000740195999691565253590435844
474.93032011074404863393283449113369 0.00000753972669933170696330345523
476.29832030799275344179477542638779 0.00000757525025877192050379914032
483.04567384339156888017896562814713 0.00000775259748862946437885160234
487.74503943784060311372741125524044 0.00000787734326369802870671920497
489.86768483348134850530186668038368 0.00000793409666579749174358717617
496.73572604672528996161418035626411 0.00000811984499318400838711613093
500.90552955378353772175614722073078 0.00000823367168767768050274477587
503.68024273957803416124079376459122 0.00000830994194935338751153985903
510.70463532141468476766021922230721 0.00000850448934180266942462443625
514.42112015479131059692008420825005 0.00000860811129347041922670307618
517.82334761889569563209079205989838 0.00000870359136148516552818413250
525.07594131782104796002386137843132 0.00000890735463861043931402348278
528.30139267387755808158544823527336 0.00000899800429051489795745540079
532.47150291281832323875278234481812 0.00000911588829975081874036017121
540.01261878932541549147572368383408 0.00000932930402628469600560465191
542.55618707329824701446341350674629 0.00000940119163688615615791233093
547.71409658015500099281780421733856 0.00000954771611420806674689395338
555.57485685084964188718004152178764 0.00000977124153534650099757301323
557.19560882026689796475693583488464 0.00000981712456409004654005624052
563.62369300617388034879695624113083 0.00001000000000000000081803053914
