[0.01, 1e-07, 1.9299077436527185e-07]
[0.01801648230654411, 1e-07, 1.4362605287573858e-06]
[0.032459363470201695, 1e-07, 9.543154867983272e-06]
[0.058480354764257315, 1e-07, 5.633863407528253e-05]
[0.10536102768906644, 1e-07, 0.00027491621011438747]
[0.18982350911593698, 1e-07, 0.0009979715640427392]
[0.3419951893353393, 1e-07, 0.002557224577764705]
[0.6161550277583343, 1e-07, 0.0030806762706632905]
[1.1100946155696227, 1e-07, 0.00022234104118914615]
[2.0, 1e-07, 8.93554454301577e-06]
[0.01, 1.668100537200059e-07, 1.4942573079470826e-06]
[0.01801648230654411, 1.668100537200059e-07, 1.1120437347757995e-05]
[0.032459363470201695, 1.668100537200059e-07, 7.388915193946583e-05]
[0.058480354764257315, 1.668100537200059e-07, 0.00043620532436790656]
[0.10536102768906644, 1.668100537200059e-07, 0.002126772605647708]
[0.18982350911593698, 1.668100537200059e-07, 0.007735745497322582]
[0.3419951893353393, 1.668100537200059e-07, 0.018902648192204094]
[0.6161550277583343, 1.668100537200059e-07, 0.008174112427131033]
[1.1100946155696227, 1.668100537200059e-07, 0.0002092803232195381]
[2.0, 1.668100537200059e-07, 3.635321992431095e-05]
[0.01, 2.782559402207126e-07, 1.156734302237545e-05]
[0.01801648230654411, 2.782559402207126e-07, 8.61015337902784e-05]
[0.032459363470201695, 2.782559402207126e-07, 0.0005720942867510014]
[0.058480354764257315, 2.782559402207126e-07, 0.003377603562199232]
[0.10536102768906644, 2.782559402207126e-07, 0.016452358999321008]
[0.18982350911593698, 2.782559402207126e-07, 0.06009102829858946]
[0.3419951893353393, 2.782559402207126e-07, 0.09919708291704109]
[0.6161550277583343, 2.782559402207126e-07, 0.011809757471967972]
[1.1100946155696227, 2.782559402207126e-07, 0.0008933886611558709]
[2.0, 2.782559402207126e-07, 0.00010953021196896876]
[0.01, 4.641588833612782e-07, 8.957838927695688e-05]
[0.01801648230654411, 4.641588833612782e-07, 0.0006666517673627267]
[0.032459363470201695, 4.641588833612782e-07, 0.004429475674453834]
[0.058480354764257315, 4.641588833612782e-07, 0.026147420856010767]
[0.10536102768906644, 4.641588833612782e-07, 0.12751556601342923]
[0.18982350911593698, 4.641588833612782e-07, 0.44602684614263266]
[0.3419951893353393, 4.641588833612782e-07, 0.2419580674198505]
[0.6161550277583343, 4.641588833612782e-07, 0.014909784551281589]
[1.1100946155696227, 4.641588833612782e-07, 0.003503189818557507]
[2.0, 4.641588833612782e-07, 0.0003159838019442229]
[0.01, 7.742636826811278e-07, 0.0006935723831148225]
[0.01801648230654411, 7.742636826811278e-07, 0.0051616211964536805]
[0.032459363470201695, 7.742636826811278e-07, 0.03429500311829061]
[0.058480354764257315, 7.742636826811278e-07, 0.20210558384339436]
[0.10536102768906644, 7.742636826811278e-07, 0.9991279089406977]
[0.18982350911593698, 7.742636826811278e-07, 2.014004648356913]
[0.3419951893353393, 7.742636826811278e-07, 0.35917767640907844]
[0.6161550277583343, 7.742636826811278e-07, 0.053028706880176836]
[1.1100946155696227, 7.742636826811278e-07, 0.010738252535379833]
[2.0, 7.742636826811278e-07, 0.0008475263149747987]
[0.01, 1.2915496650148827e-06, 0.005370070119238489]
[0.01801648230654411, 1.2915496650148827e-06, 0.03996419191025552]
[0.032459363470201695, 1.2915496650148827e-06, 0.2655068014839739]
[0.058480354764257315, 1.2915496650148827e-06, 1.5588229399610816]
[0.10536102768906644, 1.2915496650148827e-06, 7.040235312637801]
[0.18982350911593698, 1.2915496650148827e-06, 4.6149423853560165]
[0.3419951893353393, 1.2915496650148827e-06, 0.5442951784990993]
[0.6161550277583343, 1.2915496650148827e-06, 0.20776199931217584]
[1.1100946155696227, 1.2915496650148827e-06, 0.03042018319300994]
[2.0, 1.2915496650148827e-06, 0.0024765872823769644]
[0.01, 2.1544346900318822e-06, 0.0415783583530347]
[0.01801648230654411, 2.1544346900318822e-06, 0.30941939634773497]
[0.032459363470201695, 2.1544346900318822e-06, 2.0516301548331097]
[0.058480354764257315, 2.1544346900318822e-06, 12.063418102133838]
[0.10536102768906644, 2.1544346900318822e-06, 28.717050357376536]
[0.18982350911593698, 2.1544346900318822e-06, 7.135397660586728]
[0.3419951893353393, 2.1544346900318822e-06, 1.9900969401994397]
[0.6161550277583343, 2.1544346900318822e-06, 0.6472851311245368]
[1.1100946155696227, 2.1544346900318822e-06, 0.0837406570282024]
[2.0, 2.1544346900318822e-06, 0.0067421448544040825]
[0.01, 3.5938136638046257e-06, 0.3219227111465505]
[0.01801648230654411, 3.5938136638046257e-06, 2.3955389100553894]
[0.032459363470201695, 3.5938136638046257e-06, 15.91221090792278]
[0.058480354764257315, 3.5938136638046257e-06, 83.18025366390593]
[0.10536102768906644, 3.5938136638046257e-06, 68.57978729731235]
[0.18982350911593698, 3.5938136638046257e-06, 13.092338389480918]
[0.3419951893353393, 3.5938136638046257e-06, 7.516549128690309]
[0.6161550277583343, 3.5938136638046257e-06, 1.8342719622499482]
[1.1100946155696227, 3.5938136638046257e-06, 0.23545637037412337]
[2.0, 3.5938136638046257e-06, 0.01879410390988791]
[0.01, 5.994842503189409e-06, 2.492459754772274]
[0.01801648230654411, 5.994842503189409e-06, 18.543785581341183]
[0.032459363470201695, 5.994842503189409e-06, 122.08390988271357]
[0.058480354764257315, 5.994842503189409e-06, 332.58742799495]
[0.10536102768906644, 5.994842503189409e-06, 111.6362920604175]
[0.18982350911593698, 5.994842503189409e-06, 46.302458263121885]
[0.3419951893353393, 5.994842503189409e-06, 23.005978509852206]
[0.6161550277583343, 5.994842503189409e-06, 5.11577881501531]
[1.1100946155696227, 5.994842503189409e-06, 0.6450665446173647]
[2.0, 5.994842503189409e-06, 0.05171279345705599]
[0.01, 1e-05, 19.296697582064706]
[0.01801648230654411, 1e-05, 143.30070989371794]
[0.032459363470201695, 1e-05, 795.772928726677]
[0.058480354764257315, 1e-05, 847.5454347017433]
[0.10536102768906644, 1e-05, 210.90130967155093]
[0.18982350911593698, 1e-05, 167.6530283959951]
[0.3419951893353393, 1e-05, 65.03970931596531]
[0.6161550277583343, 1e-05, 14.249853736624061]
[1.1100946155696227, 1e-05, 1.809693038033146]
[2.0, 1e-05, 0.14727908806144205]
