[0.01, 1e-07, 1.927892430811906e-07]
[0.01801648230654411, 1e-07, 1.4333953542654601e-06]
[0.032459363470201695, 1e-07, 9.512484815651322e-06]
[0.058480354764257315, 1e-07, 5.605711613157496e-05]
[0.10536102768906644, 1e-07, 0.0002725024317209905]
[0.18982350911593698, 1e-07, 0.0009882055754288554]
[0.3419951893353393, 1e-07, 0.0025272057689914693]
[0.6161550277583343, 1e-07, 0.003061908004971851]
[1.1100946155696227, 1e-07, 0.0002293792806912933]
[2.0, 1e-07, 1.2023398298730066e-05]
[0.01, 1.668100537200059e-07, 1.4926965011497112e-06]
[0.01801648230654411, 1.668100537200059e-07, 1.1098259232775628e-05]
[0.032459363470201695, 1.668100537200059e-07, 7.365168319006008e-05]
[0.058480354764257315, 1.668100537200059e-07, 0.0004340255211767833]
[0.10536102768906644, 1.668100537200059e-07, 0.0021083771692225885]
[0.18982350911593698, 1.668100537200059e-07, 0.007656047661714513]
[0.3419951893353393, 1.668100537200059e-07, 0.018727361601975242]
[0.6161550277583343, 1.668100537200059e-07, 0.008192012433041778]
[1.1100946155696227, 1.668100537200059e-07, 0.00025524538340865224]
[2.0, 1.668100537200059e-07, 4.9705955191848204e-05]
[0.01, 2.782559402207126e-07, 1.1555257804706624e-05]
[0.01801648230654411, 2.782559402207126e-07, 8.59297746817545e-05]
[0.032459363470201695, 2.782559402207126e-07, 0.0005702557479754788]
[0.058480354764257315, 2.782559402207126e-07, 0.0033607254096939]
[0.10536102768906644, 2.782559402207126e-07, 0.01632274643691315]
[0.18982350911593698, 2.782559402207126e-07, 0.059383367716355245]
[0.3419951893353393, 2.782559402207126e-07, 0.09855486452732035]
[0.6161550277583343, 2.782559402207126e-07, 0.012282493253179202]
[1.1100946155696227, 2.782559402207126e-07, 0.0011157640516824593]
[2.0, 2.782559402207126e-07, 0.00015334843536671304]
[0.01, 4.641588833612782e-07, 8.948480223763154e-05]
[0.01801648230654411, 4.641588833612782e-07, 0.0006653218833925421]
[0.032459363470201695, 4.641588833612782e-07, 0.004415240704821475]
[0.058480354764257315, 4.641588833612782e-07, 0.026016750607724567]
[0.10536102768906644, 4.641588833612782e-07, 0.126524585395385]
[0.18982350911593698, 4.641588833612782e-07, 0.4414936720726521]
[0.3419951893353393, 4.641588833612782e-07, 0.2439812635416641]
[0.6161550277583343, 4.641588833612782e-07, 0.01759220744265745]
[1.1100946155696227, 4.641588833612782e-07, 0.0043102284513716616]
[2.0, 4.641588833612782e-07, 0.00042267460631815736]
[0.01, 7.742636826811278e-07, 0.0006928479249171674]
[0.01801648230654411, 7.742636826811278e-07, 0.005151327298736579]
[0.032459363470201695, 7.742636826811278e-07, 0.03418479645087]
[0.058480354764257315, 7.742636826811278e-07, 0.20111809803840922]
[0.10536102768906644, 7.742636826811278e-07, 0.9893762134507628]
[0.18982350911593698, 7.742636826811278e-07, 2.011268940485613]
[0.3419951893353393, 7.742636826811278e-07, 0.37373969593076456]
[0.6161550277583343, 7.742636826811278e-07, 0.06481028050236373]
[1.1100946155696227, 7.742636826811278e-07, 0.013286397722851133]
[2.0, 7.742636826811278e-07, 0.0011546655853214775]
[0.01, 1.2915496650148827e-06, 0.005364460713055938]
[0.01801648230654411, 1.2915496650148827e-06, 0.03988448776365109]
[0.032459363470201695, 1.2915496650148827e-06, 0.26465376411094044]
[0.058480354764257315, 1.2915496650148827e-06, 1.5474251872501215]
[0.10536102768906644, 1.2915496650148827e-06, 7.003483557262197]
[0.18982350911593698, 1.2915496650148827e-06, 4.662374313671116]
[0.3419951893353393, 1.2915496650148827e-06, 0.6212000346832403]
[0.6161550277583343, 1.2915496650148827e-06, 0.2494355346241137]
[1.1100946155696227, 1.2915496650148827e-06, 0.0374402832051595]
[2.0, 1.2915496650148827e-06, 0.00330470345489647]
[0.01, 2.1544346900318822e-06, 0.04153491854565716]
[0.01801648230654411, 2.1544346900318822e-06, 0.30880235491630204]
[0.032459363470201695, 2.1544346900318822e-06, 2.0430305992137034]
[0.058480354764257315, 2.1544346900318822e-06, 12.025106800186927]
[0.10536102768906644, 2.1544346900318822e-06, 28.71622110733567]
[0.18982350911593698, 2.1544346900318822e-06, 7.458716556885186]
[0.3419951893353393, 2.1544346900318822e-06, 2.319208291586511]
[0.6161550277583343, 2.1544346900318822e-06, 0.7731679063287099]
[1.1100946155696227, 2.1544346900318822e-06, 0.1027735184710253]
[2.0, 2.1544346900318822e-06, 0.009311658011442426]
[0.01, 3.5938136638046257e-06, 0.32158654449517127]
[0.01801648230654411, 3.5938136638046257e-06, 2.390761020473347]
[0.032459363470201695, 3.5938136638046257e-06, 15.826913891499808]
[0.058480354764257315, 3.5938136638046257e-06, 82.99217000719253]
[0.10536102768906644, 3.5938136638046257e-06, 69.46075320758709]
[0.18982350911593698, 3.5938136638046257e-06, 14.694056723933938]
[0.3419951893353393, 3.5938136638046257e-06, 8.60352096373668]
[0.6161550277583343, 3.5938136638046257e-06, 2.190082400874979]
[1.1100946155696227, 3.5938136638046257e-06, 0.28993988792496855]
[2.0, 3.5938136638046257e-06, 0.025915547176340425]
[0.01, 5.994842503189409e-06, 2.4898561966637622]
[0.01801648230654411, 5.994842503189409e-06, 18.50684084869761]
[0.032459363470201695, 5.994842503189409e-06, 121.730301263008]
[0.058480354764257315, 5.994842503189409e-06, 333.801092125704]
[0.10536102768906644, 5.994842503189409e-06, 116.52359856839429]
[0.18982350911593698, 5.994842503189409e-06, 52.51018585902962]
[0.3419951893353393, 5.994842503189409e-06, 26.337209877034436]
[0.6161550277583343, 5.994842503189409e-06, 6.109721620614064]
[1.1100946155696227, 5.994842503189409e-06, 0.7929688877835602]
[2.0, 5.994842503189409e-06, 0.07141217793112938]
[0.01, 1e-05, 19.27656244736171]
[0.01801648230654411, 1e-05, 142.977803712058]
[0.032459363470201695, 1e-05, 795.4722995983983]
[0.058480354764257315, 1e-05, 858.3287849450159]
[0.10536102768906644, 1e-05, 236.9314348817252]
[0.18982350911593698, 1e-05, 188.23216630754231]
[0.3419951893353393, 1e-05, 74.1180846707277]
[0.6161550277583343, 1e-05, 17.012479050460264]
[1.1100946155696227, 1e-05, 2.2414467513379615]
[2.0, 1e-05, 0.20175842743836692]
