[0.01, 1e-07, 2.3848646497608535e-06]
[0.01801648230654411, 1e-07, 1.9763295624785208e-05]
[0.032459363470201695, 1e-07, 0.00015278963648934776]
[0.058480354764257315, 1e-07, 0.0009435425074812362]
[0.10536102768906644, 1e-07, 0.0038064786978389996]
[0.18982350911593698, 1e-07, 0.008489829292030031]
[0.3419951893353393, 1e-07, 0.012171607893138729]
[0.6161550277583343, 1e-07, 0.011749671322617656]
[1.1100946155696227, 1e-07, 0.0006239805188917408]
[2.0, 1e-07, 2.9830718573359473e-05]
[0.01, 1.668100537200059e-07, 1.8465156482607244e-05]
[0.01801648230654411, 1.668100537200059e-07, 0.00015304502923904118]
[0.032459363470201695, 1.668100537200059e-07, 0.0011829938377910082]
[0.058480354764257315, 1.668100537200059e-07, 0.0073062882322006825]
[0.10536102768906644, 1.668100537200059e-07, 0.029474663265660027]
[0.18982350911593698, 1.668100537200059e-07, 0.06554648470762063]
[0.3419951893353393, 1.668100537200059e-07, 0.0936564092507976]
[0.6161550277583343, 1.668100537200059e-07, 0.028988312320086522]
[1.1100946155696227, 1.668100537200059e-07, 0.0007057997849395984]
[2.0, 1.668100537200059e-07, 0.00012494028497882627]
[0.01, 2.782559402207126e-07, 0.0001429690526093608]
[0.01801648230654411, 2.782559402207126e-07, 0.001184972243452157]
[0.032459363470201695, 2.782559402207126e-07, 0.00915841452957065]
[0.058480354764257315, 2.782559402207126e-07, 0.05656165316186882]
[0.10536102768906644, 2.782559402207126e-07, 0.22770120174403294]
[0.18982350911593698, 2.782559402207126e-07, 0.5094450601972411]
[0.3419951893353393, 2.782559402207126e-07, 0.45549081526752166]
[0.6161550277583343, 2.782559402207126e-07, 0.044114930831829095]
[1.1100946155696227, 2.782559402207126e-07, 0.0034097015966681925]
[2.0, 2.782559402207126e-07, 0.0003710917714987605]
[0.01, 4.641588833612782e-07, 0.0011071688030373766]
[0.01801648230654411, 4.641588833612782e-07, 0.009173297420091512]
[0.032459363470201695, 4.641588833612782e-07, 0.07090972326200462]
[0.058480354764257315, 4.641588833612782e-07, 0.43790494446582595]
[0.10536102768906644, 4.641588833612782e-07, 1.7642679100181347]
[0.18982350911593698, 4.641588833612782e-07, 3.549649751969461]
[0.3419951893353393, 4.641588833612782e-07, 0.9442819182121247]
[0.6161550277583343, 4.641588833612782e-07, 0.05330283963491224]
[1.1100946155696227, 4.641588833612782e-07, 0.013232973238785176]
[2.0, 4.641588833612782e-07, 0.0010018470051547474]
[0.01, 7.742636826811278e-07, 0.008570765291013437]
[0.01801648230654411, 7.742636826811278e-07, 0.07103695269263842]
[0.032459363470201695, 7.742636826811278e-07, 0.5490802658172257]
[0.058480354764257315, 7.742636826811278e-07, 3.3913159869295115]
[0.10536102768906644, 7.742636826811278e-07, 13.722796193795434]
[0.18982350911593698, 7.742636826811278e-07, 15.115198513622257]
[0.3419951893353393, 7.742636826811278e-07, 1.6955873837650124]
[0.6161550277583343, 7.742636826811278e-07, 0.22708352462923864]
[1.1100946155696227, 7.742636826811278e-07, 0.04043693739668803]
[2.0, 7.742636826811278e-07, 0.0028414048420836273]
[0.01, 1.2915496650148827e-06, 0.06636023962163227]
[0.01801648230654411, 1.2915496650148827e-06, 0.5499205336323608]
[0.032459363470201695, 1.2915496650148827e-06, 4.250645333662449]
[0.058480354764257315, 1.2915496650148827e-06, 26.235025055276466]
[0.10536102768906644, 1.2915496650148827e-06, 89.53602358697707]
[0.18982350911593698, 1.2915496650148827e-06, 25.536984255500382]
[0.3419951893353393, 1.2915496650148827e-06, 3.990977440233961]
[0.6161550277583343, 1.2915496650148827e-06, 0.8712022704254082]
[1.1100946155696227, 1.2915496650148827e-06, 0.11318617306369347]
[2.0, 1.2915496650148827e-06, 0.00793170988718025]
[0.01, 2.1544346900318822e-06, 0.5138020788584811]
[0.01801648230654411, 2.1544346900318822e-06, 4.257759969123167]
[0.032459363470201695, 2.1544346900318822e-06, 32.90852386414839]
[0.058480354764257315, 2.1544346900318822e-06, 202.69050981075418]
[0.10536102768906644, 2.1544346900318822e-06, 289.65602851985153]
[0.18982350911593698, 2.1544346900318822e-06, 43.70160651004658]
[0.3419951893353393, 2.1544346900318822e-06, 14.660830054699897]
[0.6161550277583343, 2.1544346900318822e-06, 2.6264476808662227]
[1.1100946155696227, 2.1544346900318822e-06, 0.31122397716318134]
[2.0, 2.1544346900318822e-06, 0.022431996792008]
[0.01, 3.5938136638046257e-06, 3.978162650527219]
[0.01801648230654411, 3.5938136638046257e-06, 32.96467156094357]
[0.032459363470201695, 3.5938136638046257e-06, 254.63321047315765]
[0.058480354764257315, 3.5938136638046257e-06, 1297.2599474167318]
[0.10536102768906644, 3.5938136638046257e-06, 525.2512203903194]
[0.18982350911593698, 3.5938136638046257e-06, 138.6824670017094]
[0.3419951893353393, 3.5938136638046257e-06, 49.39883348477924]
[0.6161550277583343, 3.5938136638046257e-06, 7.326701517678069]
[1.1100946155696227, 3.5938136638046257e-06, 0.876306396678943]
[2.0, 3.5938136638046257e-06, 0.06265134150469626]
[0.01, 5.994842503189409e-06, 30.80104088293864]
[0.01801648230654411, 5.994842503189409e-06, 255.19786890447733]
[0.032459363470201695, 5.994842503189409e-06, 1961.655638589936]
[0.058480354764257315, 5.994842503189409e-06, 3929.4372124870683]
[0.10536102768906644, 5.994842503189409e-06, 702.1489597196303]
[0.18982350911593698, 5.994842503189409e-06, 511.7490995885959]
[0.3419951893353393, 5.994842503189409e-06, 146.14488657288558]
[0.6161550277583343, 5.994842503189409e-06, 20.393371886969668]
[1.1100946155696227, 5.994842503189409e-06, 2.4173629060478525]
[2.0, 5.994842503189409e-06, 0.16879278003505213]
[0.01, 1e-05, 238.47227374949213]
[0.01801648230654411, 1e-05, 1974.9906138097774]
[0.032459363470201695, 1e-05, 13359.515202193528]
[0.058480354764257315, 1e-05, 7872.279597037069]
[0.10536102768906644, 1e-05, 2468.6648653757857]
[0.18982350911593698, 1e-05, 1657.188826478118]
[0.3419951893353393, 1e-05, 410.25805188679146]
[0.6161550277583343, 1e-05, 56.915314414107684]
[1.1100946155696227, 1e-05, 6.8076056434418355]
[2.0, 1e-05, 0.4767308671751268]
