[0.01, 1e-07, 6.00666219408263e-07]
[0.01801648230654411, 1e-07, 4.3860983069330456e-06]
[0.032459363470201695, 1e-07, 2.8341054557638093e-05]
[0.058480354764257315, 1e-07, 0.00016156938910656457]
[0.10536102768906644, 1e-07, 0.0007476494595956201]
[0.18982350911593698, 1e-07, 0.002695123072858707]
[0.3419951893353393, 1e-07, 0.006601923486584987]
[0.6161550277583343, 1e-07, 0.008436345379403421]
[1.1100946155696227, 1e-07, 0.0006907062573581146]
[2.0, 1e-07, 4.49301993512398e-06]
[0.01, 1.668100537200059e-07, 4.647823344199074e-06]
[0.01801648230654411, 1.668100537200059e-07, 3.40232639789962e-05]
[0.032459363470201695, 1.668100537200059e-07, 0.0002194342317923459]
[0.058480354764257315, 1.668100537200059e-07, 0.0012509529239496814]
[0.10536102768906644, 1.668100537200059e-07, 0.005788152036992861]
[0.18982350911593698, 1.668100537200059e-07, 0.02101494862597504]
[0.3419951893353393, 1.668100537200059e-07, 0.05103306258316465]
[0.6161550277583343, 1.668100537200059e-07, 0.02636290684756879]
[1.1100946155696227, 1.668100537200059e-07, 0.00030118064639511567]
[2.0, 1.668100537200059e-07, 1.4854771890493172e-05]
[0.01, 2.782559402207126e-07, 3.6008996199400625e-05]
[0.01801648230654411, 2.782559402207126e-07, 0.0002634296233159022]
[0.032459363470201695, 2.782559402207126e-07, 0.001695881529353632]
[0.058480354764257315, 2.782559402207126e-07, 0.009685255636196391]
[0.10536102768906644, 2.782559402207126e-07, 0.044748060809559155]
[0.18982350911593698, 2.782559402207126e-07, 0.16048749645666413]
[0.3419951893353393, 2.782559402207126e-07, 0.29082107173008004]
[0.6161550277583343, 2.782559402207126e-07, 0.038834992060106946]
[1.1100946155696227, 2.782559402207126e-07, 0.0004125728013928112]
[2.0, 2.782559402207126e-07, 4.225978032728616e-05]
[0.01, 4.641588833612782e-07, 0.0002788997311137689]
[0.01801648230654411, 4.641588833612782e-07, 0.002035839437844191]
[0.032459363470201695, 4.641588833612782e-07, 0.01313039297790407]
[0.058480354764257315, 4.641588833612782e-07, 0.07500931241443076]
[0.10536102768906644, 4.641588833612782e-07, 0.34284045711276884]
[0.18982350911593698, 4.641588833612782e-07, 1.2024009639769921]
[0.3419951893353393, 4.641588833612782e-07, 0.8028183584075397]
[0.6161550277583343, 4.641588833612782e-07, 0.024253286911050914]
[1.1100946155696227, 4.641588833612782e-07, 0.0013947828559364263]
[2.0, 4.641588833612782e-07, 0.00011986960339240458]
[0.01, 7.742636826811278e-07, 0.002157325838086006]
[0.01801648230654411, 7.742636826811278e-07, 0.015792050004477996]
[0.032459363470201695, 7.742636826811278e-07, 0.10184597714308993]
[0.058480354764257315, 7.742636826811278e-07, 0.5804959556159253]
[0.10536102768906644, 7.742636826811278e-07, 2.6633498842409304]
[0.18982350911593698, 7.742636826811278e-07, 6.097162433828714]
[0.3419951893353393, 7.742636826811278e-07, 1.0496109368749729]
[0.6161550277583343, 7.742636826811278e-07, 0.028808138806536272]
[1.1100946155696227, 7.742636826811278e-07, 0.004233257139075717]
[2.0, 7.742636826811278e-07, 0.0003335056065620472]
[0.01, 1.2915496650148827e-06, 0.016713828209467988]
[0.01801648230654411, 1.2915496650148827e-06, 0.12204253148513913]
[0.032459363470201695, 1.2915496650148827e-06, 0.7870184638469148]
[0.058480354764257315, 1.2915496650148827e-06, 4.5337312477307306]
[0.10536102768906644, 1.2915496650148827e-06, 20.38348284137687]
[0.18982350911593698, 1.2915496650148827e-06, 15.36119233816253]
[0.3419951893353393, 1.2915496650148827e-06, 0.7852413224563907]
[0.6161550277583343, 1.2915496650148827e-06, 0.09609995052651968]
[1.1100946155696227, 1.2915496650148827e-06, 0.011591356846471581]
[2.0, 1.2915496650148827e-06, 0.0009100763982096279]
[0.01, 2.1544346900318822e-06, 0.12940827569941088]
[0.01801648230654411, 2.1544346900318822e-06, 0.9448846868330768]
[0.032459363470201695, 2.1544346900318822e-06, 6.100202345686956]
[0.058480354764257315, 2.1544346900318822e-06, 34.56635140586857]
[0.10536102768906644, 2.1544346900318822e-06, 91.10167909638704]
[0.18982350911593698, 2.1544346900318822e-06, 21.319009838768764]
[0.3419951893353393, 2.1544346900318822e-06, 1.2427475600023958]
[0.6161550277583343, 2.1544346900318822e-06, 0.2767486159535414]
[1.1100946155696227, 2.1544346900318822e-06, 0.03272795594048796]
[2.0, 2.1544346900318822e-06, 0.0025178025802563273]
[0.01, 3.5938136638046257e-06, 1.0019429505643396]
[0.01801648230654411, 3.5938136638046257e-06, 7.314919841612311]
[0.032459363470201695, 3.5938136638046257e-06, 47.41232385105497]
[0.058480354764257315, 3.5938136638046257e-06, 252.0900975112574]
[0.10536102768906644, 3.5938136638046257e-06, 221.7381855060077]
[0.18982350911593698, 3.5938136638046257e-06, 19.685922586136794]
[0.3419951893353393, 3.5938136638046257e-06, 4.13626889738866]
[0.6161550277583343, 3.5938136638046257e-06, 0.7713081059154232]
[1.1100946155696227, 3.5938136638046257e-06, 0.09017293275729886]
[2.0, 3.5938136638046257e-06, 0.007063760952199987]
[0.01, 5.994842503189409e-06, 7.757280699602251]
[0.01801648230654411, 5.994842503189409e-06, 56.5614066391568]
[0.032459363470201695, 5.994842503189409e-06, 365.90427057452905]
[0.058480354764257315, 5.994842503189409e-06, 1052.9808832278693]
[0.10536102768906644, 5.994842503189409e-06, 343.94101094614297]
[0.18982350911593698, 5.994842503189409e-06, 33.62740304519146]
[0.3419951893353393, 5.994842503189409e-06, 11.777749820419253]
[0.6161550277583343, 5.994842503189409e-06, 2.155924039442157]
[1.1100946155696227, 5.994842503189409e-06, 0.2535219758076807]
[2.0, 5.994842503189409e-06, 0.02009208459924154]
[0.01, 1e-05, 60.0156674063489]
[0.01801648230654411, 1e-05, 437.81491329988296]
[0.032459363470201695, 1e-05, 2482.250212310467]
[0.058480354764257315, 1e-05, 2817.55518428064]
[0.10536102768906644, 1e-05, 355.19660857479255]
[0.18982350911593698, 1e-05, 107.22080623619864]
[0.3419951893353393, 1e-05, 32.80452076217018]
[0.6161550277583343, 1e-05, 6.0036669725577605]
[1.1100946155696227, 1e-05, 0.6973154155390745]
[2.0, 1e-05, 0.056236513205198665]
