[0.01, 1e-07, 1.310437758246308e-06]
[0.01801648230654411, 1e-07, 9.330764815333226e-06]
[0.032459363470201695, 1e-07, 6.209754077602529e-05]
[0.058480354764257315, 1e-07, 0.00035298828946671046]
[0.10536102768906644, 1e-07, 0.0016386447055533385]
[0.18982350911593698, 1e-07, 0.005660654703579554]
[0.3419951893353393, 1e-07, 0.013778436303786891]
[0.6161550277583343, 1e-07, 0.019082745051653284]
[1.1100946155696227, 1e-07, 0.0016380668982663605]
[2.0, 1e-07, 2.310985796706169e-05]
[0.01, 1.668100537200059e-07, 1.0141033828729113e-05]
[0.01801648230654411, 1.668100537200059e-07, 7.224066722090504e-05]
[0.032459363470201695, 1.668100537200059e-07, 0.0004808460593629476]
[0.058480354764257315, 1.668100537200059e-07, 0.002733036000373612]
[0.10536102768906644, 1.668100537200059e-07, 0.012686792683473572]
[0.18982350911593698, 1.668100537200059e-07, 0.04372194954855]
[0.3419951893353393, 1.668100537200059e-07, 0.1077001358497317]
[0.6161550277583343, 1.668100537200059e-07, 0.05835092902855614]
[1.1100946155696227, 1.668100537200059e-07, 0.0009315728465272968]
[2.0, 1.668100537200059e-07, 9.978854868059122e-05]
[0.01, 2.782559402207126e-07, 7.855868491714245e-05]
[0.01801648230654411, 2.782559402207126e-07, 0.000559333398284462]
[0.032459363470201695, 2.782559402207126e-07, 0.003719496545657219]
[0.058480354764257315, 2.782559402207126e-07, 0.02116043552555654]
[0.10536102768906644, 2.782559402207126e-07, 0.0981924292782892]
[0.18982350911593698, 2.782559402207126e-07, 0.33837531891711126]
[0.3419951893353393, 2.782559402207126e-07, 0.6213867774450492]
[0.6161550277583343, 2.782559402207126e-07, 0.0908567376092639]
[1.1100946155696227, 2.782559402207126e-07, 0.002234685716730866]
[2.0, 2.782559402207126e-07, 0.00030409405511733505]
[0.01, 4.641588833612782e-07, 0.0006084070684689814]
[0.01801648230654411, 4.641588833612782e-07, 0.0043309500440818546]
[0.032459363470201695, 4.641588833612782e-07, 0.02879847938889795]
[0.058480354764257315, 4.641588833612782e-07, 0.16379610757645582]
[0.10536102768906644, 4.641588833612782e-07, 0.7604868872825103]
[0.18982350911593698, 4.641588833612782e-07, 2.5756329760969945]
[0.3419951893353393, 4.641588833612782e-07, 1.7581130052320861]
[0.6161550277583343, 4.641588833612782e-07, 0.06450641765515079]
[1.1100946155696227, 4.641588833612782e-07, 0.008856227812774597]
[2.0, 4.641588833612782e-07, 0.0008584674373183739]
[0.01, 7.742636826811278e-07, 0.004707048365172574]
[0.01801648230654411, 7.742636826811278e-07, 0.03353098674761672]
[0.032459363470201695, 7.742636826811278e-07, 0.2231600920882328]
[0.058480354764257315, 7.742636826811278e-07, 1.2679210312369746]
[0.10536102768906644, 7.742636826811278e-07, 5.827457855018424]
[0.18982350911593698, 7.742636826811278e-07, 13.116769847411426]
[0.3419951893353393, 7.742636826811278e-07, 2.5033195707563265]
[0.6161550277583343, 7.742636826811278e-07, 0.14081453696637028]
[1.1100946155696227, 7.742636826811278e-07, 0.02798063614248402]
[2.0, 7.742636826811278e-07, 0.0023737218992234466]
[0.01, 1.2915496650148827e-06, 0.03646362814377951]
[0.01801648230654411, 1.2915496650148827e-06, 0.25963063153811994]
[0.032459363470201695, 1.2915496650148827e-06, 1.7262800086960304]
[0.058480354764257315, 1.2915496650148827e-06, 9.824276513634999]
[0.10536102768906644, 1.2915496650148827e-06, 43.523279880397574]
[0.18982350911593698, 1.2915496650148827e-06, 34.583075750923]
[0.3419951893353393, 1.2915496650148827e-06, 2.3246064058280576]
[0.6161550277583343, 1.2915496650148827e-06, 0.5487112514678193]
[1.1100946155696227, 1.2915496650148827e-06, 0.07938996399455786]
[2.0, 1.2915496650148827e-06, 0.006410002430308067]
[0.01, 2.1544346900318822e-06, 0.2823236766766021]
[0.01801648230654411, 2.1544346900318822e-06, 2.010175834321308]
[0.032459363470201695, 2.1544346900318822e-06, 13.365552918936492]
[0.058480354764257315, 2.1544346900318822e-06, 75.50304091761062]
[0.10536102768906644, 2.1544346900318822e-06, 197.7249123372217]
[0.18982350911593698, 2.1544346900318822e-06, 49.759516192654054]
[0.3419951893353393, 2.1544346900318822e-06, 5.318180547511833]
[0.6161550277583343, 2.1544346900318822e-06, 1.7069195211650556]
[1.1100946155696227, 2.1544346900318822e-06, 0.2174342600908312]
[2.0, 2.1544346900318822e-06, 0.017687067576428954]
[0.01, 3.5938136638046257e-06, 2.185909240210777]
[0.01801648230654411, 3.5938136638046257e-06, 15.563039830782174]
[0.032459363470201695, 3.5938136638046257e-06, 103.72462119128319]
[0.058480354764257315, 3.5938136638046257e-06, 546.4984948941267]
[0.10536102768906644, 3.5938136638046257e-06, 507.11775729003597]
[0.18982350911593698, 3.5938136638046257e-06, 55.18559541166201]
[0.3419951893353393, 3.5938136638046257e-06, 20.11072410204332]
[0.6161550277583343, 3.5938136638046257e-06, 4.824175887787623]
[1.1100946155696227, 3.5938136638046257e-06, 0.6202367644079494]
[2.0, 3.5938136638046257e-06, 0.04934047580384395]
[0.01, 5.994842503189409e-06, 16.924254068537184]
[0.01801648230654411, 5.994842503189409e-06, 120.42549506701206]
[0.032459363470201695, 5.994842503189409e-06, 794.9456753507146]
[0.058480354764257315, 5.994842503189409e-06, 2357.0042735552825]
[0.10536102768906644, 5.994842503189409e-06, 787.9167451271887]
[0.18982350911593698, 5.994842503189409e-06, 129.3783750401255]
[0.3419951893353393, 5.994842503189409e-06, 62.239896525002]
[0.6161550277583343, 5.994842503189409e-06, 13.48363991551692]
[1.1100946155696227, 5.994842503189409e-06, 1.6968897842571138]
[2.0, 5.994842503189409e-06, 0.14280150215361104]
[0.01, 1e-05, 130.96165693601205]
[0.01801648230654411, 1e-05, 933.539468902089]
[0.032459363470201695, 1e-05, 5521.2260026763315]
[0.058480354764257315, 1e-05, 6239.510059067729]
[0.10536102768906644, 1e-05, 954.965194796717]
[0.18982350911593698, 1e-05, 467.8926033148271]
[0.3419951893353393, 1e-05, 176.071457688216]
[0.6161550277583343, 1e-05, 37.518929710653765]
[1.1100946155696227, 1e-05, 4.769131598463985]
[2.0, 1e-05, 0.3719689684106969]
