[0.01, 1e-07, 1.3092484467917527e-06]
[0.01801648230654411, 1e-07, 9.307428439663847e-06]
[0.032459363470201695, 1e-07, 6.19926629055829e-05]
[0.058480354764257315, 1e-07, 0.00035210537545554336]
[0.10536102768906644, 1e-07, 0.0016304956889775517]
[0.18982350911593698, 1e-07, 0.005625698849904251]
[0.3419951893353393, 1e-07, 0.013696560146612342]
[0.6161550277583343, 1e-07, 0.018995162456564747]
[1.1100946155696227, 1e-07, 0.0016623347535158694]
[2.0, 1e-07, 3.395449210952009e-05]
[0.01, 1.668100537200059e-07, 1.0131498897255112e-05]
[0.01801648230654411, 1.668100537200059e-07, 7.206095671310733e-05]
[0.032459363470201695, 1.668100537200059e-07, 0.00048003381714183926]
[0.058480354764257315, 1.668100537200059e-07, 0.0027261996555163785]
[0.10536102768906644, 1.668100537200059e-07, 0.012623638080128051]
[0.18982350911593698, 1.668100537200059e-07, 0.043456882911171564]
[0.3419951893353393, 1.668100537200059e-07, 0.10673509634580103]
[0.6161550277583343, 1.668100537200059e-07, 0.05822713692555298]
[1.1100946155696227, 1.668100537200059e-07, 0.0011008413633711845]
[2.0, 1.668100537200059e-07, 0.00014635222163665994]
[0.01, 2.782559402207126e-07, 7.848739369955727e-05]
[0.01801648230654411, 2.782559402207126e-07, 0.0005579418971285018]
[0.032459363470201695, 2.782559402207126e-07, 0.0037129035450069714]
[0.058480354764257315, 2.782559402207126e-07, 0.021107485790215038]
[0.10536102768906644, 2.782559402207126e-07, 0.09767817261555332]
[0.18982350911593698, 2.782559402207126e-07, 0.33652087771672995]
[0.3419951893353393, 2.782559402207126e-07, 0.6173516896016267]
[0.6161550277583343, 2.782559402207126e-07, 0.09241529684821509]
[1.1100946155696227, 2.782559402207126e-07, 0.0030361196219890526]
[2.0, 2.782559402207126e-07, 0.00044288709729177684]
[0.01, 4.641588833612782e-07, 0.0006078490775791451]
[0.01801648230654411, 4.641588833612782e-07, 0.004320118195928303]
[0.032459363470201695, 4.641588833612782e-07, 0.02874743120098298]
[0.058480354764257315, 4.641588833612782e-07, 0.1633920210487481]
[0.10536102768906644, 4.641588833612782e-07, 0.7564109525168726]
[0.18982350911593698, 4.641588833612782e-07, 2.5578636366565366]
[0.3419951893353393, 4.641588833612782e-07, 1.759009271401733]
[0.6161550277583343, 4.641588833612782e-07, 0.07292533007570376]
[1.1100946155696227, 4.641588833612782e-07, 0.011796120711128037]
[2.0, 4.641588833612782e-07, 0.0012222465604850496]
[0.01, 7.742636826811278e-07, 0.00470262267148954]
[0.01801648230654411, 7.742636826811278e-07, 0.033447571212670016]
[0.032459363470201695, 7.742636826811278e-07, 0.22278289781862362]
[0.058480354764257315, 7.742636826811278e-07, 1.2638506452722695]
[0.10536102768906644, 7.742636826811278e-07, 5.798551683510824]
[0.18982350911593698, 7.742636826811278e-07, 13.049317243902369]
[0.3419951893353393, 7.742636826811278e-07, 2.5533156330898117]
[0.6161550277583343, 7.742636826811278e-07, 0.18066287265233033]
[1.1100946155696227, 7.742636826811278e-07, 0.036829289704050715]
[2.0, 7.742636826811278e-07, 0.0035046557076785995]
[0.01, 1.2915496650148827e-06, 0.03643053966924191]
[0.01801648230654411, 1.2915496650148827e-06, 0.2589812783230758]
[0.032459363470201695, 1.2915496650148827e-06, 1.723216928821485]
[0.058480354764257315, 1.2915496650148827e-06, 9.792520539043855]
[0.10536102768906644, 1.2915496650148827e-06, 43.330009462970594]
[0.18982350911593698, 1.2915496650148827e-06, 34.69626136037501]
[0.3419951893353393, 1.2915496650148827e-06, 2.601975685732156]
[0.6161550277583343, 1.2915496650148827e-06, 0.6902697045477971]
[1.1100946155696227, 1.2915496650148827e-06, 0.10387873858692925]
[2.0, 1.2915496650148827e-06, 0.009264224760871468]
[0.01, 2.1544346900318822e-06, 0.282067507629761]
[0.01801648230654411, 2.1544346900318822e-06, 2.0051478274993277]
[0.032459363470201695, 2.1544346900318822e-06, 13.340521847844098]
[0.058480354764257315, 2.1544346900318822e-06, 75.23163277468642]
[0.10536102768906644, 2.1544346900318822e-06, 197.15497445738265]
[0.18982350911593698, 2.1544346900318822e-06, 50.888226835134276]
[0.3419951893353393, 2.1544346900318822e-06, 6.511078820663105]
[0.6161550277583343, 2.1544346900318822e-06, 2.133225159693166]
[1.1100946155696227, 2.1544346900318822e-06, 0.2903023757180499]
[2.0, 2.1544346900318822e-06, 0.025922747758252547]
[0.01, 3.5938136638046257e-06, 2.1839256257916837]
[0.01801648230654411, 3.5938136638046257e-06, 15.524099521444187]
[0.032459363470201695, 3.5938136638046257e-06, 103.51433619830563]
[0.058480354764257315, 3.5938136638046257e-06, 544.85093493461]
[0.10536102768906644, 3.5938136638046257e-06, 509.2171572557549]
[0.18982350911593698, 3.5938136638046257e-06, 60.295841830152554]
[0.3419951893353393, 3.5938136638046257e-06, 24.25843986034911]
[0.6161550277583343, 3.5938136638046257e-06, 6.022220913638927]
[1.1100946155696227, 3.5938136638046257e-06, 0.8079011613167868]
[2.0, 3.5938136638046257e-06, 0.07221492020988429]
[0.01, 5.994842503189409e-06, 16.908899084946185]
[0.01801648230654411, 5.994842503189409e-06, 120.1352844407866]
[0.032459363470201695, 5.994842503189409e-06, 794.07349700868]
[0.058480354764257315, 5.994842503189409e-06, 2356.5561027386966]
[0.10536102768906644, 5.994842503189409e-06, 800.5172814542168]
[0.18982350911593698, 5.994842503189409e-06, 151.36025688972495]
[0.3419951893353393, 5.994842503189409e-06, 74.65701585168802]
[0.6161550277583343, 5.994842503189409e-06, 16.823923301740525]
[1.1100946155696227, 5.994842503189409e-06, 2.2555297005266146]
[2.0, 5.994842503189409e-06, 0.21185347221534565]
[0.01, 1e-05, 130.83857108426676]
[0.01801648230654411, 1e-05, 930.4390761158119]
[0.032459363470201695, 1e-05, 5510.36633823752]
[0.058480354764257315, 1e-05, 6257.910990077859]
[0.10536102768906644, 1e-05, 1020.4067458622108]
[0.18982350911593698, 1e-05, 542.7373297210596]
[0.3419951893353393, 1e-05, 210.82538922948703]
[0.6161550277583343, 1e-05, 46.85513504974192]
[1.1100946155696227, 1e-05, 6.237317561773403]
[2.0, 1e-05, 0.5581475019279364]
