1.242562699700840312e+03 1.000000000000000082e-05
1.213000000000000000e+03 9.595958729281411247e-06
1.199369696158716124e+03 9.326000000000000156e-06
1.174908030606467719e+03 8.696999999999999910e-06
1.122000000000000000e+03 8.280120502169663002e-06
1.120968622095792625e+03 8.111000000000000778e-06
1.117148929853312666e+03 7.565000000000000415e-06
1.101924765734124094e+03 7.054999999999999368e-06
1.089970276828925762e+03 6.579000000000000876e-06
1.044009912385404050e+03 6.136000000000000205e-06
1.037000000000000000e+03 6.061575443256926777e-06
1.035726610065608611e+03 5.722000000000000442e-06
1.033412219344546656e+03 5.336999999999999893e-06
1.024104867470905674e+03 4.976999999999999952e-06
1.007230573756281956e+03 4.641999999999999771e-06
9.828042427666100593e+02 4.329000000000000396e-06
9.580000000000000000e+02 4.175423556310013402e-06
9.526923997550418335e+02 4.036999999999999634e-06
9.407788331579837404e+02 3.765000000000000375e-06
9.225608052912508583e+02 3.510999999999999927e-06
8.860000000000000000e+02 3.306094127393027068e-06
8.856729871059185371e+02 3.274999999999999984e-06
8.826602548715115972e+02 3.053999999999999898e-06
8.776812802722225797e+02 2.848000000000000091e-06
8.665201001776607654e+02 2.656000000000000066e-06
8.410378997533982783e+02 2.477000000000000171e-06
8.190000000000000000e+02 2.340123367907162550e-06
8.179679303186370589e+02 2.309999999999999906e-06
8.065994387190911539e+02 2.154000000000000044e-06
7.798603027881795242e+02 2.009000000000000586e-06
7.570000000000000000e+02 1.918610641703243276e-06
7.560442929481830561e+02 1.873999999999999972e-06
7.506696236049834852e+02 1.748000000000000035e-06
7.388962345402148912e+02 1.630000000000000064e-06
7.207086498061177053e+02 1.520000000000000058e-06
7.000000000000000000e+02 1.447100752412040933e-06
6.911841826878315942e+02 1.416999999999999943e-06
6.469999999999998863e+02 1.323968346268310072e-06
6.467738119891956785e+02 1.321999999999999794e-06
6.375470621699267895e+02 1.233000000000000096e-06
6.203879426353585131e+02 1.150000000000000001e-06
5.980000000000000000e+02 1.089647758368744081e-06
5.935131797008211834e+02 1.072000000000000070e-06
5.755903316431447365e+02 1.000000000000000167e-06
5.530000000000000000e+02 9.553825622474596684e-07
5.471947816826693725e+02 9.325999999999999733e-07
5.323054420111355967e+02 8.696999999999999063e-07
5.110000000000000000e+02 8.236461765365498892e-07
4.720000000000000000e+02 8.144721020560383384e-07
4.715139144493113577e+02 8.110999999999999507e-07
4.619130370289763050e+02 7.564999999999998721e-07
4.476994944387933515e+02 7.054999999999999580e-07
4.360000000000000000e+02 6.785045597251257039e-07
4.030000000000000000e+02 6.601212883008728506e-07
3.769774248901652527e+02 7.054999999999999580e-07
3.750386789549995115e+02 7.564999999999999779e-07
3.787089965584217452e+02 8.110999999999999507e-07
3.799008583669536847e+02 8.697000000000000122e-07
3.866374285041733856e+02 9.326000000000000791e-07
3.933301358239906449e+02 1.000000000000000167e-06
4.030000000000000568e+02 1.052584687471596315e-06
4.039919164266696043e+02 1.071999999999999858e-06
4.097183812562322487e+02 1.150000000000000001e-06
4.175879727690225991e+02 1.232999999999999884e-06
4.359999999999999432e+02 1.305188678649533053e-06
4.417004320315141968e+02 1.322000000000000006e-06
4.618222505033866696e+02 1.416999999999999943e-06
4.720000000000000000e+02 1.449210992709789354e-06
4.734733819141530375e+02 1.520000000000000270e-06
4.750764209038060812e+02 1.630000000000000064e-06
4.811088759877718530e+02 1.748000000000000247e-06
5.110000000000000568e+02 1.868366946940271932e-06
5.116364067216709373e+02 1.873999999999999972e-06
5.219232679209355865e+02 2.009000000000000586e-06
5.530000000000000000e+02 2.136305552776629271e-06
5.533718687543419037e+02 2.154000000000000044e-06
5.547758347955904128e+02 2.309999999999999906e-06
5.608403389169100137e+02 2.477000000000000171e-06
5.980000000000000000e+02 2.654334910018148471e-06
5.980516041901717017e+02 2.656000000000000490e-06
6.003434323681119622e+02 2.848000000000000091e-06
6.043819509970830950e+02 3.053999999999999898e-06
6.356008826661974354e+02 3.274999999999999984e-06
6.470000000000000000e+02 3.332677255246944042e-06
6.482879331786657531e+02 3.511000000000000350e-06
6.567960402031486637e+02 3.764999999999999951e-06
7.000000000000000000e+02 4.009735858055204705e-06
7.000982275933566825e+02 4.036999999999999634e-06
7.003707144760238634e+02 4.329000000000000396e-06
7.012044350046332966e+02 4.641999999999999771e-06
7.085345052197009181e+02 4.976999999999999952e-06
7.570000000000000000e+02 5.295443959883178441e-06
7.573218509707392059e+02 5.336999999999999893e-06
7.586009062921575605e+02 5.721999999999999595e-06
7.802341892254955837e+02 6.135999999999999358e-06
8.190000000000000000e+02 6.426814631586285983e-06
8.192933560011383634e+02 6.579000000000000876e-06
8.193845028237069528e+02 7.055000000000000215e-06
8.198757391550759621e+02 7.565000000000000415e-06
8.222650527995077709e+02 8.111000000000000778e-06
8.463735290642232485e+02 8.696999999999999910e-06
8.860000000000000000e+02 9.093110794504034793e-06
8.882931359365462640e+02 9.326000000000000156e-06
8.918212983552035666e+02 1.000000000000000082e-05
