1.106713596995495891e+03 1.000000000000000082e-05
1.105254548029291300e+03 9.326000000000000156e-06
1.092387617888763998e+03 8.696999999999999910e-06
1.064334014039199019e+03 8.111000000000000778e-06
1.037000000000000000e+03 7.786486378737176415e-06
1.033909418961505025e+03 7.565000000000000415e-06
1.024615427825910501e+03 7.055000000000001062e-06
1.022380922107980268e+03 6.579000000000000876e-06
9.913010534593315697e+02 6.136000000000000205e-06
9.803763961651843601e+02 5.721999999999999595e-06
9.580000000000000000e+02 5.499356413607783822e-06
9.547811536419480944e+02 5.336999999999999893e-06
9.367523730965544928e+02 4.976999999999999952e-06
9.125323671574174114e+02 4.641999999999999771e-06
8.860000000000000000e+02 4.427808287490419664e-06
8.848133830600812644e+02 4.329000000000000396e-06
8.818448911268089887e+02 4.036999999999998787e-06
8.757665659829867764e+02 3.764999999999999951e-06
8.714049429096925223e+02 3.510999999999999927e-06
8.426148321385655890e+02 3.274999999999999984e-06
8.190000000000000000e+02 3.139600070768059002e-06
8.152948886119519329e+02 3.053999999999999898e-06
8.089961797935377490e+02 2.848000000000000091e-06
7.863005328782166998e+02 2.656000000000000066e-06
7.570000000000000000e+02 2.525792373698964593e-06
7.555090175684003952e+02 2.477000000000000171e-06
7.498531559372219135e+02 2.310000000000000330e-06
7.390369848547512674e+02 2.154000000000000044e-06
7.133289556570312016e+02 2.009000000000000586e-06
7.000000000000000000e+02 1.933656516451997142e-06
6.800141896596076094e+02 1.874000000000000184e-06
6.470000000000000000e+02 1.792130469052871004e-06
6.419020737364086244e+02 1.748000000000000247e-06
6.225050324302160334e+02 1.630000000000000064e-06
6.007751833813674693e+02 1.519999999999999847e-06
5.980000000000000000e+02 1.509238828191960447e-06
5.619144846260037411e+02 1.416999999999999732e-06
5.530000000000000000e+02 1.387991457878954569e-06
5.398897023904914931e+02 1.322000000000000006e-06
5.169333100292777772e+02 1.233000000000000096e-06
5.110000000000000000e+02 1.204065843788453753e-06
5.069860914259064657e+02 1.233000000000000096e-06
4.963766009819008787e+02 1.322000000000000006e-06
4.953503659767317231e+02 1.416999999999999943e-06
5.062372957392790909e+02 1.520000000000000058e-06
5.110000000000000000e+02 1.555302841235242430e-06
5.322920266938584746e+02 1.630000000000000064e-06
5.463986831661107999e+02 1.748000000000000247e-06
5.530000000000000000e+02 1.784068612235506560e-06
5.586891729223226548e+02 1.874000000000000184e-06
5.657905939073945092e+02 2.009000000000000586e-06
5.696355283503626197e+02 2.154000000000000044e-06
5.851166607296125903e+02 2.309999999999999906e-06
5.980000000000000000e+02 2.373146388565020016e-06
6.062794096142118860e+02 2.477000000000000171e-06
6.162712725432245406e+02 2.655999999999999643e-06
6.390729310117217210e+02 2.847999999999999668e-06
6.470000000000000000e+02 2.902133235637302603e-06
6.488678103867677009e+02 3.054000000000000321e-06
6.522205182816915112e+02 3.275000000000000408e-06
6.698157162735216161e+02 3.510999999999999927e-06
7.000000000000000000e+02 3.678916355838408223e-06
7.020940571011200291e+02 3.765000000000000375e-06
7.032338724843584714e+02 4.036999999999999634e-06
7.062231482500077391e+02 4.329000000000000396e-06
7.200743611505465651e+02 4.641999999999999771e-06
7.570000000000000000e+02 4.894679268254876963e-06
7.608412226626403481e+02 4.976999999999999952e-06
7.641260340641574658e+02 5.336999999999999893e-06
7.837553241127171759e+02 5.721999999999999595e-06
8.190000000000000000e+02 5.974793520902412972e-06
8.247150738845830347e+02 6.136000000000000205e-06
8.245571537144353442e+02 6.579000000000000876e-06
8.254199712217664455e+02 7.054999999999999368e-06
8.335957635575907716e+02 7.564999999999999568e-06
8.734175468407997869e+02 8.111000000000000778e-06
8.860000000000000000e+02 8.235953712712981744e-06
9.045205633155160285e+02 8.696999999999999910e-06
9.305035018247854168e+02 9.326000000000000156e-06
9.580000000000000000e+02 9.799819173598363296e-06
9.640226185230364990e+02 1.000000000000000082e-05
