1.239130727629322564e+03 1.000000000000000082e-05
1.244286345226998947e+03 9.326000000000000156e-06
1.213000000000000227e+03 8.730829395310736073e-06
1.208713733219392907e+03 8.696999999999999910e-06
1.151897949232668452e+03 8.111000000000000778e-06
1.122000000000000000e+03 7.860220203220571038e-06
1.110257644042347010e+03 7.565000000000000415e-06
1.070463999808246626e+03 7.054999999999999368e-06
1.037000000000000000e+03 6.743845996303102383e-06
1.035314363501694288e+03 6.579000000000000876e-06
1.036246030651334195e+03 6.135999999999999358e-06
1.030128988014047309e+03 5.721999999999998748e-06
1.022390158587402425e+03 5.336999999999999893e-06
1.017253255939679207e+03 4.976999999999999952e-06
1.003464454707461528e+03 4.641999999999999771e-06
9.898798875730965392e+02 4.329000000000000396e-06
9.769452571418712523e+02 4.036999999999999634e-06
9.580000000000000000e+02 3.840938496893459490e-06
9.531123481808543829e+02 3.765000000000000375e-06
9.408031325302642927e+02 3.510999999999999927e-06
9.175511010437421646e+02 3.274999999999999984e-06
9.004801156006096789e+02 3.053999999999999898e-06
8.860000000000000000e+02 2.982509057813859707e-06
8.794875189726404869e+02 2.848000000000000091e-06
8.732594126365548846e+02 2.656000000000000066e-06
8.592326675281335611e+02 2.477000000000000171e-06
8.494854923296363722e+02 2.309999999999999906e-06
8.270887452322698437e+02 2.154000000000000044e-06
8.190000000000000000e+02 2.088893600349340206e-06
8.134230568968289390e+02 2.009000000000000586e-06
7.939936811678894628e+02 1.873999999999999972e-06
7.784695132444272758e+02 1.748000000000000459e-06
7.570000000000000000e+02 1.657009755564502458e-06
7.553609621984571731e+02 1.630000000000000064e-06
7.491111097340782408e+02 1.520000000000000058e-06
7.372719858876604349e+02 1.416999999999999732e-06
7.228112271737015817e+02 1.322000000000000006e-06
7.094309817589371505e+02 1.233000000000000096e-06
7.000000000000000000e+02 1.199910320827784440e-06
6.891627950542542749e+02 1.150000000000000001e-06
6.718057627203759239e+02 1.072000000000000070e-06
6.511121727676249975e+02 1.000000000000000167e-06
6.470000000000000000e+02 9.885430754275284656e-07
6.388970859197022492e+02 9.326000000000000791e-07
6.261026230421198306e+02 8.696999999999999063e-07
6.110193806165566457e+02 8.110999999999999507e-07
5.980000000000000000e+02 7.699181109169032934e-07
5.954105568393571275e+02 7.564999999999999779e-07
5.807385442252107168e+02 7.054999999999999580e-07
5.613363411922172190e+02 6.578999999999998759e-07
5.530000000000000000e+02 6.383923334784195944e-07
5.471149799952413559e+02 6.136000000000000417e-07
5.323200974885774031e+02 5.722000000000000018e-07
5.124970706099810513e+02 5.337000000000000740e-07
5.110000000000000000e+02 5.309788081804380003e-07
4.968293538813010741e+02 4.977000000000000163e-07
4.765256683107032813e+02 4.641999999999999347e-07
4.720000000000000000e+02 4.570655585366643352e-07
4.635630074321493339e+02 4.329000000000000184e-07
4.492142781168533361e+02 4.036999999999999422e-07
4.360000000000000000e+02 3.837419701738459087e-07
4.318351297605547074e+02 3.765000000000000693e-07
4.154710829395451128e+02 3.511000000000000139e-07
4.030000000000000568e+02 3.353873193992289188e-07
3.969823261690845015e+02 3.274999999999999878e-07
3.786278994851056723e+02 3.054000000000000745e-07
3.730000000000000000e+02 3.004219160560380071e-07
3.623457008005033799e+02 2.848000000000000621e-07
3.458157399179105482e+02 2.655999999999999960e-07
3.450000000000000000e+02 2.647060126044838769e-07
3.286233819088628252e+02 2.476999999999999747e-07
3.190000000000000000e+02 2.398367209764656388e-07
3.113965963150490666e+02 2.309999999999999906e-07
2.940000000000000000e+02 2.167831285047384406e-07
2.923828418059462138e+02 2.154000000000000362e-07
2.745414795220789301e+02 2.009000000000000056e-07
2.720000000000000000e+02 1.990120146068165277e-07
2.582165445987843100e+02 1.873999999999999972e-07
2.520000000000000000e+02 1.829270003508052935e-07
2.411693806757215555e+02 1.748000000000000035e-07
2.330000000000000000e+02 1.694527926214206282e-07
2.235791725803425720e+02 1.630000000000000170e-07
2.150000000000000000e+02 1.574828930498459736e-07
2.050983542445921159e+02 1.520000000000000111e-07
1.990000000000000000e+02 1.489692916488954358e-07
1.839999999999999716e+02 1.421917098454780167e-07
1.830824438800356404e+02 1.417000000000000049e-07
1.700000000000000000e+02 1.352310366968721110e-07
1.636820470074468972e+02 1.322000000000000323e-07
1.570000000000000000e+02 1.285062926027457864e-07
1.462039753714732342e+02 1.232999999999999990e-07
1.450000000000000000e+02 1.227445727615641870e-07
1.340000000000000000e+02 1.160962743878041724e-07
1.331032706355628079e+02 1.149999999999999974e-07
1.291530676115343113e+02 1.072000000000000070e-07
1.254547667324917342e+02 1.000000000000000087e-07
1.240000000000000000e+02 9.678499697120791262e-08
1.232571931807474641e+02 9.326000000000001585e-08
1.215353589791861850e+02 8.697000000000001710e-08
1.204307755741556747e+02 8.111000000000000301e-08
1.186142491521771802e+02 7.565000000000000574e-08
1.167333646502767408e+02 7.055000000000000639e-08
1.150000000000000000e+02 6.718789992161455237e-08
1.143722718271171885e+02 6.578999999999999553e-08
1.114143255470405478e+02 6.136000000000001476e-08
1.064223681118311333e+02 5.721999999999999886e-08
1.060000000000000000e+02 5.689787300111128760e-08
1.012981040820684626e+02 5.336999999999999417e-08
9.800000000000000000e+01 5.175299993908470604e-08
9.359609578294569587e+01 4.977000000000000163e-08
9.000000000000000000e+01 4.832936938573054298e-08
8.492203201485619957e+01 4.642000000000000141e-08
8.400000000000000000e+01 4.609701886297137256e-08
7.700000000000000000e+01 4.406737515560886336e-08
7.100000000000000000e+01 4.417929829546004456e-08
6.600000000000000000e+01 4.457055507411613360e-08
6.100000000000000000e+01 4.477555505434731852e-08
5.600000000000000000e+01 4.570669558786874368e-08
5.357419137807593756e+01 4.642000000000000141e-08
5.200000000000000000e+01 4.677390455940539528e-08
4.800000000000000000e+01 4.861021652311341258e-08
4.543176451106738511e+01 4.977000000000000163e-08
4.500000000000000000e+01 4.990913106916640678e-08
4.100000000000000000e+01 5.230561961088752641e-08
3.998003303112596996e+01 5.337000000000000078e-08
3.800000000000000000e+01 5.511609399058345418e-08
3.591305951244223849e+01 5.721999999999999886e-08
3.500000000000000000e+01 5.811841541111268987e-08
3.300000000000000000e+01 6.061857399192777427e-08
3.241924614843276942e+01 6.136000000000001476e-08
3.000000000000000000e+01 6.460195618479896241e-08
2.937469519263878226e+01 6.578999999999999553e-08
2.800000000000000000e+01 6.810775512513130525e-08
2.674323155748296088e+01 7.055000000000000639e-08
2.600000000000000000e+01 7.193684255946008696e-08
2.444395996284309192e+01 7.565000000000000574e-08
2.400000000000000000e+01 7.670626280289268022e-08
2.243293504745214051e+01 8.111000000000000301e-08
2.200000000000000000e+01 8.247477126436069557e-08
2.056215864157869433e+01 8.697000000000001710e-08
2.000000000000000000e+01 8.898415489282661959e-08
1.900000000000000000e+01 9.322490918786629952e-08
1.899126082243456537e+01 9.326000000000001585e-08
1.743708774621126167e+01 1.000000000000000087e-07
1.700000000000000000e+01 1.026128131761911682e-07
1.613478210510575295e+01 1.072000000000000202e-07
1.600000000000000000e+01 1.078395984504994120e-07
1.500000000000000000e+01 1.141359519027058997e-07
1.488019497475966091e+01 1.149999999999999974e-07
1.400000000000000000e+01 1.215586575363015410e-07
1.378920292288706939e+01 1.232999999999999990e-07
1.300000000000000000e+01 1.305865767394379523e-07
1.282445369533903445e+01 1.322000000000000323e-07
1.200000000000000000e+01 1.402377771707324871e-07
1.185750525629763175e+01 1.417000000000000049e-07
1.100858038283577756e+01 1.520000000000000111e-07
1.100000000000000000e+01 1.521097635460573562e-07
1.013903683992884552e+01 1.630000000000000170e-07
1.000000000000000000e+01 1.652135889141877052e-07
