1.000000000000000000e+01 3.824373725170263944e-07
1.021720353951537774e+01 3.765000000000000163e-07
1.098634833703601998e+01 3.511000000000000139e-07
1.100000000000000000e+01 3.504600959704217223e-07
1.196286487278214317e+01 3.274999999999999878e-07
1.200000000000000178e+01 3.265178183126076876e-07
1.296285173366202237e+01 3.054000000000000745e-07
1.300000000000000000e+01 3.047700148879623137e-07
1.397356412528736236e+01 2.848000000000000621e-07
1.400000000000000000e+01 2.842758075883742698e-07
1.500000000000000000e+01 2.656405292824607138e-07
1.500215842346892714e+01 2.655999999999999960e-07
1.600000000000000000e+01 2.585759220637817467e-07
1.665027681543412186e+01 2.476999999999999747e-07
1.700000000000000000e+01 2.461316272327402688e-07
1.878204502835215095e+01 2.309999999999999906e-07
1.900000000000000000e+01 2.265145757184650527e-07
1.981561909425392187e+01 2.154000000000000362e-07
1.999999999999999645e+01 2.148186537790956089e-07
2.193808870334017058e+01 2.009000000000000056e-07
2.200000000000000000e+01 2.005028797592574541e-07
2.400000000000000000e+01 1.896769278372949386e-07
2.435282043410162700e+01 1.873999999999999972e-07
2.600000000000000000e+01 1.829414859918655848e-07
2.747764919771184111e+01 1.748000000000000035e-07
2.800000000000000000e+01 1.738401977422731566e-07
2.999999999999999645e+01 1.695473519819125205e-07
3.219396715241050799e+01 1.630000000000000170e-07
3.300000000000000000e+01 1.623578647551782725e-07
3.500000000000000000e+01 1.608573701867270247e-07
3.800000000000000000e+01 1.606832713047479099e-07
4.100000000000000000e+01 1.614785441087578656e-07
4.225672725129066976e+01 1.630000000000000170e-07
4.500000000000000000e+01 1.699861524724991380e-07
4.799999999999999289e+01 1.742117248803636175e-07
4.852138475442217214e+01 1.748000000000000035e-07
5.200000000000000000e+01 1.827798475491810909e-07
5.336490687250095988e+01 1.873999999999999972e-07
5.600000000000000000e+01 1.976212024101120827e-07
5.638696325687148203e+01 2.009000000000000056e-07
5.871455882436333695e+01 2.154000000000000362e-07
6.100000000000000000e+01 2.273176654601931063e-07
6.112724758428422689e+01 2.309999999999999906e-07
6.184884448609636820e+01 2.476999999999999747e-07
6.243383899414037330e+01 2.655999999999999431e-07
6.435097753423454492e+01 2.848000000000000621e-07
6.579621008334287069e+01 3.054000000000000745e-07
6.600000000000000000e+01 3.070324409619809040e-07
6.620925396717734657e+01 3.274999999999999878e-07
6.650862687810386831e+01 3.511000000000000139e-07
6.722211313219983708e+01 3.765000000000001222e-07
7.016219678753860478e+01 4.036999999999999952e-07
7.100000000000000000e+01 4.094099808078459654e-07
7.555686435854359218e+01 4.329000000000000184e-07
7.700000000000000000e+01 4.399700037870734959e-07
8.400000000000000000e+01 4.557950987931039453e-07
9.000000000000000000e+01 4.606411726143527755e-07
9.249611647614044330e+01 4.642000000000000406e-07
9.800000000000000000e+01 4.813399741617962160e-07
1.060000000000000000e+02 4.915727539606239115e-07
1.138141787015818238e+02 4.977000000000000163e-07
1.150000000000000000e+02 5.007917097554264715e-07
1.240000000000000000e+02 5.195862434477972416e-07
1.340000000000000000e+02 5.323038289470283478e-07
1.355802856080995866e+02 5.337000000000000740e-07
1.450000000000000000e+02 5.558411803272058879e-07
1.569999999999999716e+02 5.721788802898431794e-07
1.570243536590864437e+02 5.722000000000000018e-07
1.700000000000000000e+02 6.010998366140809832e-07
1.760454452663410052e+02 6.136000000000000417e-07
1.840000000000000000e+02 6.370368501678931009e-07
1.990000000000000000e+02 6.559943511301156894e-07
2.000280974071272340e+02 6.578999999999999818e-07
2.150000000000000000e+02 6.982354858186934658e-07
2.204363661613692500e+02 7.054999999999999580e-07
2.330000000000000000e+02 7.369277896591870810e-07
2.432063269053019212e+02 7.564999999999999779e-07
2.520000000000000000e+02 7.802994691785213508e-07
2.689000653898277733e+02 8.110999999999999507e-07
2.720000000000000000e+02 8.195391118942624949e-07
2.910709115775608780e+02 8.697000000000000122e-07
2.940000000000000000e+02 8.780408818897335316e-07
3.144791092642105355e+02 9.325999999999999733e-07
3.190000000000000000e+02 9.450890398970940858e-07
3.307647556590756039e+02 1.000000000000000167e-06
3.450000000000000000e+02 1.044456431817486897e-06
3.529015754723229747e+02 1.072000000000000070e-06
3.730000000000000000e+02 1.131003753817779829e-06
3.760171348530212185e+02 1.150000000000000001e-06
3.900232280155773879e+02 1.233000000000000096e-06
4.030000000000000000e+02 1.277608431540419557e-06
4.101423213432254897e+02 1.322000000000000006e-06
4.360000000000000568e+02 1.414763020951160501e-06
4.363351375840591686e+02 1.416999999999999943e-06
4.459161829924292419e+02 1.519999999999999847e-06
4.720000000000000000e+02 1.622937072556497859e-06
4.724893011509204825e+02 1.630000000000000276e-06
4.778985042692838761e+02 1.748000000000000247e-06
4.938487966318813278e+02 1.873999999999999761e-06
5.110000000000000000e+02 1.947663360159892792e-06
5.159944417531813770e+02 2.009000000000000586e-06
5.331999843158178010e+02 2.154000000000000044e-06
5.530000000000000000e+02 2.250291305515591481e-06
5.545837539124411251e+02 2.309999999999999906e-06
5.574327633285994352e+02 2.477000000000000171e-06
5.675316343612305445e+02 2.656000000000000066e-06
5.980000000000000000e+02 2.822268249358764597e-06
5.990582124539031383e+02 2.848000000000000515e-06
6.029538269664740255e+02 3.053999999999999898e-06
6.089967999780936907e+02 3.274999999999999984e-06
6.470000000000000000e+02 3.503009162961336817e-06
6.475430287522202661e+02 3.510999999999999927e-06
6.538471897721134383e+02 3.764999999999999528e-06
6.681003443395123895e+02 4.036999999999999634e-06
7.000000000000000000e+02 4.256376558610682283e-06
7.024647208946580577e+02 4.329000000000000396e-06
7.079438566224124543e+02 4.641999999999999771e-06
7.134075522364250901e+02 4.976999999999999952e-06
7.427440577521383602e+02 5.336999999999999893e-06
7.570000000000000000e+02 5.461846821228017316e-06
7.657950873141546708e+02 5.722000000000000442e-06
7.775147314881683087e+02 6.135999999999999358e-06
8.183371073884137559e+02 6.579000000000000876e-06
8.190000000000000000e+02 6.585614377813243165e-06
8.275101987302356292e+02 7.055000000000000215e-06
8.298679895085367662e+02 7.565000000000000415e-06
8.369852444536737721e+02 8.111000000000000778e-06
8.703053508574597572e+02 8.696999999999999910e-06
8.860000000000000000e+02 8.983007096306644266e-06
8.913314431515079832e+02 9.326000000000001850e-06
9.004778129396388522e+02 9.999999999999999124e-06
