1.000000000000000000e+01 3.646974605806557770e-07
1.052364847239114987e+01 3.511000000000000139e-07
1.100000000000000000e+01 3.287716387727294813e-07
1.105332801338053450e+01 3.274999999999999878e-07
1.198441642938488094e+01 3.054000000000001274e-07
1.200000000000000000e+01 3.050253930978414006e-07
1.300000000000000000e+01 2.861693133845163473e-07
1.306675580338422726e+01 2.848000000000001150e-07
1.400000000000000000e+01 2.662948613814557708e-07
1.403721129557547442e+01 2.655999999999999960e-07
1.500000000000000000e+01 2.540874803457927683e-07
1.538026013349579202e+01 2.476999999999999747e-07
1.600000000000000000e+01 2.420441357138443022e-07
1.677842275384911730e+01 2.309999999999999906e-07
1.700000000000000000e+01 2.294355535765409003e-07
1.868299204032735261e+01 2.154000000000000362e-07
1.900000000000000000e+01 2.107898297867424774e-07
1.990826178883995823e+01 2.009000000000000056e-07
1.999999999999999645e+01 2.005026097773044968e-07
2.195490758002367571e+01 1.873999999999999972e-07
2.200000000000000355e+01 1.870625894751472381e-07
2.400000000000000000e+01 1.774166675045754781e-07
2.444990167428172612e+01 1.748000000000000035e-07
2.600000000000000000e+01 1.699527132321592944e-07
2.738557141764037794e+01 1.630000000000000170e-07
2.800000000000000000e+01 1.611251547033873673e-07
3.000000000000000000e+01 1.552180588059642166e-07
3.120994407923137004e+01 1.520000000000000111e-07
3.300000000000000000e+01 1.496487639690835718e-07
3.500000000000000000e+01 1.458436750642710381e-07
3.800000000000000000e+01 1.439713427756403608e-07
4.100000000000000000e+01 1.437805673307828299e-07
4.500000000000000000e+01 1.486243256828662978e-07
4.800000000000000711e+01 1.519403532651991926e-07
4.807917307848870081e+01 1.520000000000000111e-07
5.200000000000000000e+01 1.571394494037837320e-07
5.484863948586988158e+01 1.630000000000000170e-07
5.600000000000000000e+01 1.662166535289231302e-07
5.806174370251017081e+01 1.748000000000000035e-07
6.100000000000000000e+01 1.851121286620298719e-07
6.158884543015119561e+01 1.873999999999999972e-07
6.373445368866939020e+01 2.009000000000000056e-07
6.600000000000000000e+01 2.121819857815713151e-07
6.625158272489277067e+01 2.154000000000000362e-07
6.671050417477043482e+01 2.309999999999999906e-07
6.781763083000511472e+01 2.476999999999999747e-07
6.866183672234218704e+01 2.655999999999999960e-07
6.937005876226911028e+01 2.848000000000000621e-07
6.999827645486251981e+01 3.054000000000000745e-07
7.100000000000000000e+01 3.169120901758547416e-07
7.150625589939870963e+01 3.274999999999999878e-07
7.253613943686684706e+01 3.511000000000000139e-07
7.550732032364504676e+01 3.765000000000000693e-07
7.700000000000000000e+01 3.849994240264367931e-07
8.209739964508324306e+01 4.036999999999999952e-07
8.400000000000000000e+01 4.095590264896243609e-07
9.000000000000000000e+01 4.145553100538097879e-07
9.800000000000000000e+01 4.202195676200438978e-07
1.060000000000000000e+02 4.309526356761456455e-07
1.076498202544119636e+02 4.329000000000000184e-07
1.150000000000000000e+02 4.493161461514020025e-07
1.240000000000000000e+02 4.580667797863952223e-07
1.298113961814904371e+02 4.641999999999999877e-07
1.340000000000000000e+02 4.733847487967242054e-07
1.450000000000000000e+02 4.884593237869195487e-07
1.512207609153071530e+02 4.977000000000000163e-07
1.570000000000000000e+02 5.102450406648849839e-07
1.700000000000000000e+02 5.277457286657972373e-07
1.729364031802775798e+02 5.337000000000000740e-07
1.840000000000000000e+02 5.599344923232749958e-07
1.960299376495753165e+02 5.722000000000000018e-07
1.990000000000000000e+02 5.777110466376345828e-07
2.150000000000000000e+02 6.117192778277686111e-07
2.167469726185117622e+02 6.136000000000001476e-07
2.330000000000000000e+02 6.404729332238206368e-07
2.420344564688141702e+02 6.578999999999999818e-07
2.520000000000000000e+02 6.814746425564380496e-07
2.708250958841148872e+02 7.054999999999999580e-07
2.720000000000000000e+02 7.077572345101972771e-07
2.924164494689191542e+02 7.564999999999999779e-07
2.940000000000000000e+02 7.603960203431260802e-07
3.190000000000000000e+02 8.022217610806004542e-07
3.227898715396570424e+02 8.110999999999999507e-07
3.428245481966603734e+02 8.697000000000000122e-07
3.450000000000000000e+02 8.761171463235491254e-07
3.730000000000000000e+02 9.293396516507338958e-07
3.740668922195317236e+02 9.326000000000000791e-07
3.907169981922517081e+02 1.000000000000000167e-06
4.030000000000000000e+02 1.056226066301936593e-06
4.073686931015626556e+02 1.072000000000000070e-06
4.293445126789101778e+02 1.150000000000000001e-06
4.360000000000000000e+02 1.173396489582098546e-06
4.562328882345804004e+02 1.233000000000000096e-06
4.720000000000000000e+02 1.313750154346904512e-06
4.738395105123370286e+02 1.322000000000000218e-06
4.896309326950349714e+02 1.416999999999999943e-06
4.982507748084603918e+02 1.520000000000000058e-06
5.110000000000000000e+02 1.592911298711891525e-06
5.258821000877419465e+02 1.630000000000000064e-06
5.463938415751009643e+02 1.748000000000000247e-06
5.530000000000000000e+02 1.783936039716937319e-06
5.678200644049841230e+02 1.873999999999999972e-06
5.743064259871769082e+02 2.009000000000000586e-06
5.882673732066472212e+02 2.154000000000000044e-06
5.980000000000000000e+02 2.276996197821049831e-06
6.045762834274584065e+02 2.309999999999999906e-06
6.206032726847305412e+02 2.477000000000000171e-06
6.336548263247570958e+02 2.656000000000000066e-06
6.470000000000000000e+02 2.815354372216990622e-06
6.581279969245561006e+02 2.848000000000000515e-06
6.817857574347488026e+02 3.053999999999999898e-06
6.963054927075950218e+02 3.274999999999999984e-06
7.000000000000000000e+02 3.318385630303964583e-06
7.078713367594004922e+02 3.274999999999999984e-06
7.183431726648707354e+02 3.053999999999999898e-06
7.161419186939081101e+02 2.848000000000000091e-06
7.068736640250408527e+02 2.656000000000000066e-06
7.000000000000000000e+02 2.518466350838224883e-06
6.972803411095920865e+02 2.477000000000000171e-06
6.757645039831008944e+02 2.309999999999999906e-06
6.672992314971211272e+02 2.154000000000000044e-06
6.470000000000000000e+02 2.050648283247241533e-06
6.410661748575986394e+02 2.009000000000000586e-06
6.315549795877203678e+02 1.873999999999999972e-06
6.242367342006270974e+02 1.748000000000000247e-06
6.079750110134739316e+02 1.630000000000000064e-06
5.979999999999998863e+02 1.520281269874783655e-06
5.979596500490870312e+02 1.519999999999999847e-06
5.740794717200628838e+02 1.416999999999999943e-06
5.530000000000000000e+02 1.333445787371342615e-06
5.508899876549230612e+02 1.322000000000000006e-06
5.425926202572217107e+02 1.233000000000000096e-06
5.328794460367222428e+02 1.150000000000000001e-06
5.150673145987602766e+02 1.072000000000000070e-06
5.110000000000000000e+02 1.056534714740855990e-06
4.950873587728376606e+02 1.000000000000000167e-06
4.740957892647502376e+02 9.326000000000000791e-07
4.720000000000000000e+02 9.245740991248819515e-07
4.634780663694864415e+02 8.697000000000000122e-07
4.524899120528957610e+02 8.110999999999999507e-07
4.360000000000000000e+02 7.566853642737392897e-07
4.359441427137153937e+02 7.564999999999999779e-07
4.207402909694349091e+02 7.055000000000000639e-07
4.030000000000000000e+02 6.631086866280099318e-07
4.007375112803903221e+02 6.578999999999999818e-07
3.825628550714872063e+02 6.136000000000000417e-07
3.730000000000000000e+02 5.966601047644733380e-07
3.673926233843096156e+02 5.722000000000000018e-07
3.549226529871403955e+02 5.337000000000000740e-07
3.450000000000000000e+02 5.115810592209109662e-07
3.394460359686178208e+02 4.977000000000000163e-07
3.231888909709107907e+02 4.641999999999999877e-07
3.190000000000000000e+02 4.575976874439275807e-07
3.091706165108469122e+02 4.329000000000000184e-07
2.940000000000000000e+02 4.077968924634049896e-07
2.915588962646697269e+02 4.036999999999999952e-07
2.746726326079667615e+02 3.765000000000000693e-07
2.720000000000000000e+02 3.730401024420626405e-07
2.600860666336944291e+02 3.511000000000000139e-07
2.520000000000000000e+02 3.399514116967018109e-07
2.403622100773607713e+02 3.274999999999999878e-07
2.330000000000000000e+02 3.176202409824660825e-07
2.254607676553937381e+02 3.054000000000000745e-07
2.150000000000000000e+02 2.935522084518461198e-07
2.078250071785244586e+02 2.848000000000000621e-07
1.990000000000000000e+02 2.747969686787758993e-07
1.881696523994601478e+02 2.655999999999999960e-07
1.840000000000000000e+02 2.620417863530576289e-07
1.700000000000000000e+02 2.479628042394391266e-07
1.695653621665539674e+02 2.476999999999999747e-07
1.570000000000000000e+02 2.393730145213266834e-07
1.487911718898525635e+02 2.309999999999999906e-07
1.450000000000000000e+02 2.270897609935985854e-07
1.340000000000000000e+02 2.185413502602397792e-07
1.284798986998789019e+02 2.154000000000000362e-07
1.240000000000000000e+02 2.117684429009014992e-07
1.150000000000000000e+02 2.067352076380515370e-07
1.106850304089688706e+02 2.009000000000000056e-07
1.060000000000000000e+02 1.939731760353938962e-07
1.016980951245520117e+02 1.873999999999999972e-07
1.000179852769879005e+02 1.748000000000000035e-07
9.800000000000000000e+01 1.701057718486518037e-07
9.670843090495121430e+01 1.630000000000000170e-07
9.504923643152220336e+01 1.520000000000000111e-07
9.352874555835728643e+01 1.417000000000000049e-07
9.258326339281512674e+01 1.322000000000000323e-07
9.025772359791133681e+01 1.232999999999999990e-07
9.000000000000000000e+01 1.223350990324409698e-07
8.862313942773675990e+01 1.149999999999999842e-07
8.731480872359861678e+01 1.072000000000000070e-07
8.441894719646367662e+01 1.000000000000000087e-07
8.400000000000000000e+01 9.917270963905660726e-08
8.175823513377203255e+01 9.326000000000002909e-08
7.854925109275686168e+01 8.697000000000001710e-08
7.700000000000000000e+01 8.496521642591999199e-08
7.213169764490008617e+01 8.111000000000000301e-08
7.100000000000000000e+01 8.031401816395902890e-08
6.600000000000000000e+01 7.674761956709114004e-08
6.413268742553918855e+01 7.565000000000001897e-08
6.100000000000000000e+01 7.386349916286332741e-08
5.600000000000000000e+01 7.267774468728841812e-08
5.200000000000000000e+01 7.183521535525900524e-08
4.800000000000000000e+01 7.331768867936529157e-08
4.500000000000000000e+01 7.303514826697909336e-08
4.144176060219261615e+01 7.564999999999999250e-08
4.100000000000000000e+01 7.590491398128551787e-08
3.800000000000000000e+01 7.921889028229637541e-08
3.646048386734263147e+01 8.111000000000000301e-08
3.500000000000000000e+01 8.238168992922901079e-08
3.300000000000000000e+01 8.510362649159530299e-08
3.191807137524073568e+01 8.697000000000001710e-08
3.000000000000000000e+01 8.993977913224941371e-08
2.865607712847697996e+01 9.326000000000000262e-08
2.800000000000000000e+01 9.461671899582862006e-08
2.600000000000000000e+01 9.989318702365560190e-08
2.596569143234023969e+01 1.000000000000000087e-07
2.400000000000000000e+01 1.056271690505923129e-07
2.356323062911077315e+01 1.072000000000000070e-07
2.200000000000000000e+01 1.132624506857552171e-07
2.155444115898094282e+01 1.149999999999999974e-07
2.000000000000000000e+01 1.215922342721249213e-07
1.971240438114920934e+01 1.232999999999999990e-07
1.900000000000000000e+01 1.265127054041884569e-07
1.795170647158312605e+01 1.322000000000000323e-07
1.700000000000000000e+01 1.396945905517084809e-07
1.673215449717555359e+01 1.417000000000000049e-07
1.600000000000000000e+01 1.460702700127588676e-07
1.532178836749850959e+01 1.520000000000000111e-07
1.500000000000000000e+01 1.545401167464630082e-07
1.417045435080228799e+01 1.630000000000000170e-07
1.400000000000000000e+01 1.647300332271871345e-07
1.314124305996680242e+01 1.747999999999999771e-07
1.300000000000000000e+01 1.764967503628150107e-07
1.214737686724661891e+01 1.873999999999999972e-07
1.200000000000000000e+01 1.894581574821584061e-07
1.120390771771015537e+01 2.009000000000000056e-07
1.100000000000000000e+01 2.043285199134078304e-07
1.033391728256103015e+01 2.154000000000000362e-07
1.000000000000000000e+01 2.224429615738357774e-07
