1.0000000000e-02 1.0000000000e-07 7.1068040295e-29
1.8016482307e-02 1.0000000000e-07 2.3470507164e-27
3.2459363470e-02 1.0000000000e-07 2.1281155543e-26
5.8480354764e-02 1.0000000000e-07 1.7433263787e-25
1.0536102769e-01 1.0000000000e-07 6.9248314136e-25
1.8982350912e-01 1.0000000000e-07 2.7729450925e-23
3.4199518934e-01 1.0000000000e-07 2.8571187986e-23
6.1615502776e-01 1.0000000000e-07 1.1451918516e-23
1.1100946156e+00 1.0000000000e-07 1.8792223929e-24
2.0000000000e+00 1.0000000000e-07 3.2303023302e-25
1.0000000000e-02 1.6681005372e-07 5.5026019721e-28
1.8016482307e-02 1.6681005372e-07 1.8172398559e-26
3.2459363470e-02 1.6681005372e-07 1.6477182065e-25
5.8480354764e-02 1.6681005372e-07 1.3497741256e-24
1.0536102769e-01 1.6681005372e-07 5.3610189517e-24
1.8982350912e-01 1.6681005372e-07 1.8123608033e-22
3.4199518934e-01 1.6681005372e-07 2.5281649003e-22
6.1615502776e-01 1.6681005372e-07 3.8712417038e-23
1.1100946156e+00 1.6681005372e-07 1.2199975818e-23
2.0000000000e+00 1.6681005372e-07 1.2266768864e-24
1.0000000000e-02 2.7825594022e-07 4.2604747017e-27
1.8016482307e-02 2.7825594022e-07 1.4070192250e-25
3.2459363470e-02 2.7825594022e-07 1.2757655604e-24
5.8480354764e-02 2.7825594022e-07 1.0450404242e-23
1.0536102769e-01 2.7825594022e-07 4.1493903310e-23
1.8982350912e-01 2.7825594022e-07 1.2018641355e-21
3.4199518934e-01 2.7825594022e-07 1.0672434367e-21
6.1615502776e-01 2.7825594022e-07 1.9666562322e-22
1.1100946156e+00 2.7825594022e-07 6.0890589042e-23
2.0000000000e+00 2.7825594022e-07 3.5702969278e-24
1.0000000000e-02 4.6415888336e-07 3.2987121016e-26
1.8016482307e-02 4.6415888336e-07 1.0894030722e-24
3.2459363470e-02 4.6415888336e-07 9.8777160172e-24
5.8480354764e-02 4.6415888336e-07 8.0905114925e-23
1.0536102769e-01 4.6415888336e-07 3.2096746714e-22
1.8982350912e-01 4.6415888336e-07 3.5833183495e-21
3.4199518934e-01 4.6415888336e-07 4.1370635491e-21
6.1615502776e-01 4.6415888336e-07 9.8476451764e-22
1.1100946156e+00 4.6415888336e-07 2.1004974943e-22
2.0000000000e+00 4.6415888336e-07 1.0045548200e-23
1.0000000000e-02 7.7426368268e-07 2.5540815553e-25
1.8016482307e-02 7.7426368268e-07 8.4348504846e-24
3.2459363470e-02 7.7426368268e-07 3.5141570826e-23
5.8480354764e-02 7.7426368268e-07 4.5857938164e-22
1.0536102769e-01 7.7426368268e-07 1.9528959142e-20
1.8982350912e-01 7.7426368268e-07 1.2522049745e-20
3.4199518934e-01 7.7426368268e-07 1.9997829783e-20
6.1615502776e-01 7.7426368268e-07 4.3084798217e-21
1.1100946156e+00 7.7426368268e-07 6.1703198586e-22
2.0000000000e+00 7.7426368268e-07 2.7586447675e-23
1.0000000000e-02 1.2915496650e-06 7.1697438916e-24
1.8016482307e-02 1.2915496650e-06 6.1118019473e-23
3.2459363470e-02 1.2915496650e-06 2.7207094002e-22
5.8480354764e-02 1.2915496650e-06 3.5487811067e-21
1.0536102769e-01 1.2915496650e-06 4.5200994392e-20
1.8982350912e-01 1.2915496650e-06 1.1082042656e-19
3.4199518934e-01 1.2915496650e-06 1.0268228671e-19
6.1615502776e-01 1.2915496650e-06 1.5531068651e-20
1.1100946156e+00 1.2915496650e-06 1.6989485410e-21
2.0000000000e+00 1.2915496650e-06 7.5042086000e-23
1.0000000000e-02 2.1544346900e-06 1.5311295549e-23
1.8016482307e-02 2.1544346900e-06 4.7321009399e-22
3.2459363470e-02 2.1544346900e-06 3.8830800298e-21
5.8480354764e-02 2.1544346900e-06 5.6331725341e-20
1.0536102769e-01 2.1544346900e-06 1.7389196787e-19
1.8982350912e-01 2.1544346900e-06 5.9629229319e-19
3.4199518934e-01 2.1544346900e-06 3.5752241387e-19
6.1615502776e-01 2.1544346900e-06 4.6897934534e-20
1.1100946156e+00 2.1544346900e-06 4.6253120746e-21
2.0000000000e+00 2.1544346900e-06 2.1444136002e-22
1.0000000000e-02 3.5938136638e-06 1.1854837599e-22
1.8016482307e-02 3.5938136638e-06 3.6636997835e-21
3.2459363470e-02 3.5938136638e-06 1.6299580058e-20
5.8480354764e-02 3.5938136638e-06 1.7089027509e-19
1.0536102769e-01 3.5938136638e-06 1.3795928138e-18
1.8982350912e-01 3.5938136638e-06 3.1215608124e-18
3.4199518934e-01 3.5938136638e-06 1.1119461140e-18
6.1615502776e-01 3.5938136638e-06 1.2527414845e-19
1.1100946156e+00 3.5938136638e-06 1.2994910759e-20
2.0000000000e+00 3.5938136638e-06 5.9929367056e-22
1.0000000000e-02 5.9948425032e-06 9.1786992811e-22
1.8016482307e-02 5.9948425032e-06 3.0306911029e-20
3.2459363470e-02 5.9948425032e-06 2.3243317137e-19
5.8480354764e-02 5.9948425032e-06 1.2847066769e-18
1.0536102769e-01 5.9948425032e-06 8.4303934129e-18
1.8982350912e-01 5.9948425032e-06 1.1902804527e-17
3.4199518934e-01 5.9948425032e-06 3.1775011343e-18
6.1615502776e-01 5.9948425032e-06 3.4863334171e-19
1.1100946156e+00 5.9948425032e-06 3.5981218659e-20
2.0000000000e+00 5.9948425032e-06 1.6647208278e-21
1.0000000000e-02 1.0000000000e-05 7.1065666280e-21
1.8016482307e-02 1.0000000000e-05 2.3456674466e-19
3.2459363470e-02 1.0000000000e-05 2.3072796327e-18
5.8480354764e-02 1.0000000000e-05 1.0993503285e-17
1.0536102769e-01 1.0000000000e-05 4.4710828431e-17
1.8982350912e-01 1.0000000000e-05 3.6299308396e-17
3.4199518934e-01 1.0000000000e-05 8.8675911493e-18
6.1615502776e-01 1.0000000000e-05 9.7759652388e-19
1.1100946156e+00 1.0000000000e-05 1.0282320361e-19
2.0000000000e+00 1.0000000000e-05 4.6296548057e-21
