1.114025036162825472e+03 1.000000000000000082e-05
1.099415610535529595e+03 9.351000000000000764e-06
1.078222180838242139e+03 8.745000000000000128e-06
1.066022323955861793e+03 8.176999999999999807e-06
1.037000000000000000e+03 7.867547996430859078e-06
1.035032855407238912e+03 7.646999999999999799e-06
1.026688716419413140e+03 7.150999999999999805e-06
1.014106446795745569e+03 6.686999999999999673e-06
1.009630384139254261e+03 6.253000000000000948e-06
9.871539194862557451e+02 5.847999999999999744e-06
9.580000000000001137e+02 5.626717947383468590e-06
9.533156970571152442e+02 5.467999999999999147e-06
9.441291518002381054e+02 5.113999999999999656e-06
9.133559089883124216e+02 4.782000000000000125e-06
8.860000000000000000e+02 4.525840918072420815e-06
8.855315278918401418e+02 4.471999999999999704e-06
8.829112397379840331e+02 4.181999999999999940e-06
8.814267791478338268e+02 3.909999999999999834e-06
8.735753731403905249e+02 3.656999999999999884e-06
8.599010526236052101e+02 3.419999999999999866e-06
8.374014545574735848e+02 3.198000000000000128e-06
8.190000000000000000e+02 3.093451113667152918e-06
8.117268254478398148e+02 2.990000000000000172e-06
8.003331387876341978e+02 2.795999999999999996e-06
7.783357612791563724e+02 2.615000000000000374e-06
7.570000000000000000e+02 2.518771920453809043e-06
7.550153607623191192e+02 2.445000000000000308e-06
7.494027310868899576e+02 2.286999999999999872e-06
7.342920840987807196e+02 2.137999999999999689e-06
7.055429355090008130e+02 2.000000000000000333e-06
7.000000000000000000e+02 1.973091894697786413e-06
6.609972232041533289e+02 1.869999999999999884e-06
6.470000000000000000e+02 1.836913627221818583e-06
6.375267202432248723e+02 1.748999999999999899e-06
6.265180517800972666e+02 1.635000000000000016e-06
5.979999999999998863e+02 1.529950207158657816e-06
5.963674322422181149e+02 1.529000000000000099e-06
5.650611973937764105e+02 1.430000000000000285e-06
5.530000000000000000e+02 1.399337312315741615e-06
5.352334897654142196e+02 1.337000000000000074e-06
5.183978840961517562e+02 1.250000000000000102e-06
5.110000000000000000e+02 1.220778496382891239e-06
5.065802746183590557e+02 1.250000000000000102e-06
4.996555575186470151e+02 1.337000000000000074e-06
4.976181015780008465e+02 1.430000000000000073e-06
5.086903616963654713e+02 1.529000000000000099e-06
5.110000000000000000e+02 1.551126690833266866e-06
5.306902022259559999e+02 1.635000000000000016e-06
5.427102633896005273e+02 1.748999999999999687e-06
5.530000000000000000e+02 1.792547377763637480e-06
5.594985606437395518e+02 1.869999999999999672e-06
5.631455126077186151e+02 2.000000000000000333e-06
5.690617697301769340e+02 2.138000000000000113e-06
5.809128854107107145e+02 2.286999999999999872e-06
5.980000000000000000e+02 2.372332542947243957e-06
6.041059240756136433e+02 2.445000000000000308e-06
6.089894688812401000e+02 2.615000000000000374e-06
6.202642604204113468e+02 2.795999999999999996e-06
6.470000000000000000e+02 2.941500124889710009e-06
6.482622128996274569e+02 2.990000000000000172e-06
6.512924104530550267e+02 3.198000000000000128e-06
6.556087428502776220e+02 3.419999999999999866e-06
6.973097133087433122e+02 3.656999999999999884e-06
7.000000000000000000e+02 3.671467113454017226e-06
7.026646538029457361e+02 3.909999999999999834e-06
7.036838814267729276e+02 4.181999999999999940e-06
7.108521017213936375e+02 4.471999999999999704e-06
7.570000000000000000e+02 4.778639861132834188e-06
7.573131125920807563e+02 4.782000000000000125e-06
7.600401149404746093e+02 5.113999999999999656e-06
7.703392677302393849e+02 5.467999999999999994e-06
8.190000000000000000e+02 5.836843624130102167e-06
8.195714569938696741e+02 5.847999999999999744e-06
8.220688862663147347e+02 6.253000000000001795e-06
8.229018806816158076e+02 6.686999999999999673e-06
8.290464014178616026e+02 7.150999999999999805e-06
8.465462102631759080e+02 7.646999999999999799e-06
8.859999999999998863e+02 8.120710958210218506e-06
8.877573408640184880e+02 8.176999999999999807e-06
8.960834454913340323e+02 8.745000000000000128e-06
9.254376064329953806e+02 9.351000000000000764e-06
9.580000000000000000e+02 9.714978256119482524e-06
9.641024612276911512e+02 1.000000000000000082e-05
