1.243084187556165034e+03 1.000000000000000082e-05
1.213000000000000000e+03 9.559394552942937452e-06
1.202041042400287097e+03 9.351000000000000764e-06
1.162907858464383935e+03 8.745000000000000128e-06
1.122000000000000000e+03 8.444540131186321192e-06
1.120861165933488337e+03 8.176999999999999807e-06
1.117255697375432874e+03 7.646999999999999799e-06
1.109609692423541901e+03 7.150999999999999805e-06
1.086434824520498751e+03 6.686999999999999673e-06
1.061217535679558978e+03 6.253000000000000948e-06
1.037000000000000000e+03 6.028192284048985301e-06
1.036123227062972319e+03 5.847999999999999744e-06
1.032507603614564687e+03 5.467999999999999994e-06
1.027129596203290248e+03 5.113999999999998809e-06
1.015513638343973980e+03 4.782000000000000125e-06
9.952048784965929826e+02 4.471999999999999704e-06
9.580000000000000000e+02 4.219868032033008988e-06
9.569255653962032966e+02 4.181999999999999940e-06
9.465889171704430964e+02 3.909999999999999834e-06
9.341873079747734891e+02 3.656999999999999884e-06
9.065539533541755191e+02 3.419999999999999866e-06
8.860000000000000000e+02 3.314126583429987524e-06
8.849303687977261461e+02 3.198000000000000128e-06
8.819290361190933254e+02 2.990000000000000172e-06
8.758464247513476266e+02 2.795999999999999996e-06
8.637770235819067466e+02 2.615000000000000374e-06
8.413416243751154298e+02 2.445000000000000308e-06
8.190000000000000000e+02 2.354714130656302191e-06
8.145847075784954541e+02 2.286999999999999872e-06
8.049708133653037976e+02 2.138000000000000113e-06
7.826484554364362793e+02 2.000000000000000333e-06
7.570000000000000000e+02 1.902244911389246519e-06
7.560088807508432183e+02 1.869999999999999884e-06
7.506120626004344558e+02 1.748999999999999899e-06
7.407296625980183080e+02 1.635000000000000016e-06
7.191938486757267128e+02 1.529000000000000099e-06
7.000000000000000000e+02 1.465507870338188229e-06
6.852595038191421963e+02 1.430000000000000073e-06
6.535276010637300033e+02 1.337000000000000074e-06
6.470000000000000000e+02 1.323317396562041192e-06
6.385248356058913259e+02 1.250000000000000102e-06
6.203781021115769363e+02 1.168999999999999946e-06
5.980000000000000000e+02 1.101998685874542661e-06
5.959569808578910397e+02 1.092999999999999954e-06
5.797222009794151063e+02 1.022999999999999989e-06
5.535369211873347695e+02 9.562000000000000522e-07
5.530000000000000000e+02 9.551154770922597779e-07
5.372100546201844509e+02 8.942000000000000529e-07
5.145805372702536715e+02 8.362000000000000365e-07
5.110000000000000000e+02 8.284781458612402429e-07
4.720000000000000000e+02 8.239166178290971228e-07
4.657035666021607767e+02 7.819000000000000863e-07
4.540990480576237474e+02 7.311999999999998771e-07
4.370010351920333278e+02 6.838000000000000218e-07
4.360000000000000000e+02 6.814323039301706314e-07
4.030000000000000000e+02 6.589968001895367482e-07
3.874965051839291164e+02 6.838000000000001277e-07
3.792224184135709493e+02 7.311999999999999830e-07
3.786880918060609247e+02 7.818999999999999804e-07
3.794069486904364794e+02 8.362000000000000365e-07
3.826411437309143935e+02 8.942000000000000529e-07
3.882241971624357575e+02 9.562000000000000522e-07
4.017607862801656324e+02 1.022999999999999989e-06
4.030000000000000000e+02 1.028072270496302593e-06
4.069353342668764526e+02 1.092999999999999954e-06
4.125207572229023754e+02 1.168999999999999946e-06
4.206967935637810569e+02 1.250000000000000102e-06
4.360000000000000000e+02 1.306764652091003549e-06
4.470397768502356257e+02 1.337000000000000074e-06
4.720000000000000000e+02 1.407391542519565867e-06
4.725022312867610026e+02 1.430000000000000073e-06
4.735581610686247132e+02 1.529000000000000099e-06
4.748979415604823657e+02 1.635000000000000016e-06
4.825365966946487788e+02 1.748999999999999899e-06
5.110000000000000000e+02 1.865597477337619534e-06
5.115145139797156162e+02 1.869999999999999884e-06
5.182293884927534009e+02 2.000000000000000333e-06
5.463569680556131516e+02 2.138000000000000113e-06
5.530000000000000000e+02 2.163825116316260912e-06
5.545006196668250595e+02 2.286999999999999872e-06
5.585723705331265592e+02 2.445000000000000308e-06
5.777879368408106302e+02 2.615000000000000374e-06
5.980000000000000000e+02 2.703094582595739916e-06
5.991583242571467736e+02 2.795999999999999996e-06
6.028507135996753732e+02 2.990000000000000172e-06
6.218178487320872136e+02 3.198000000000000128e-06
6.470000000000000000e+02 3.325616461077031582e-06
6.474092234302170255e+02 3.419999999999999866e-06
6.500021147437632862e+02 3.656999999999999884e-06
6.738059851722847498e+02 3.909999999999999834e-06
7.000000000000000000e+02 4.049064394656580262e-06
7.002072621614162244e+02 4.181999999999999940e-06
7.006507261494218710e+02 4.471999999999999704e-06
7.035871420107210952e+02 4.782000000000000125e-06
7.372896702979029442e+02 5.113999999999999656e-06
7.570000000000000000e+02 5.240497246291301000e-06
7.577631019806328823e+02 5.467999999999999994e-06
7.611757260284858830e+02 5.847999999999998897e-06
7.993002476760219679e+02 6.253000000000000948e-06
8.190000000000000000e+02 6.397310355526058401e-06
8.192197243516637855e+02 6.686999999999999673e-06
8.196023288450378459e+02 7.150999999999999805e-06
8.206527667621902538e+02 7.646999999999999799e-06
8.238444896807944815e+02 8.176999999999999807e-06
8.688829587654317947e+02 8.745000000000000128e-06
8.860000000000000000e+02 8.905911552735182370e-06
8.882528091565445720e+02 9.351000000000000764e-06
8.981346998315701740e+02 1.000000000000000082e-05
