1.000000000000000000e+01 1.528747545596716357e-06
1.096979286883504834e+01 1.430000000000000073e-06
1.100000000000000000e+01 1.423080816632464312e-06
1.191579668255528901e+01 1.337000000000000074e-06
1.200000000000000000e+01 1.324670649361422541e-06
1.285601303823383113e+01 1.250000000000000314e-06
1.300000000000000000e+01 1.235468513363755431e-06
1.381661741823826439e+01 1.168999999999999946e-06
1.400000000000000000e+01 1.150217018160527694e-06
1.475602214804652945e+01 1.092999999999999954e-06
1.500000000000000000e+01 1.079300661705973532e-06
1.581484964674692151e+01 1.022999999999999989e-06
1.600000000000000000e+01 1.015366291507115725e-06
1.692339169142809041e+01 9.562000000000000522e-07
1.700000000000000000e+01 9.540424695141461350e-07
1.888191645225930770e+01 8.942000000000000529e-07
1.900000000000000000e+01 8.738038867508020806e-07
1.968840493084510967e+01 8.361999999999999306e-07
2.000000000000000000e+01 8.314447379605517375e-07
2.179995641536028472e+01 7.818999999999999804e-07
2.200000000000000355e+01 7.716939738364628324e-07
2.358601419486492290e+01 7.312000000000000889e-07
2.400000000000000000e+01 7.152794835602510573e-07
2.532400876900069164e+01 6.837999999999999159e-07
2.600000000000000000e+01 6.673521399068701940e-07
2.726848674295324315e+01 6.393999999999999683e-07
2.799999999999999645e+01 6.278328682669771141e-07
2.945526734022062598e+01 5.980000000000000343e-07
3.000000000000000000e+01 5.909302798381325015e-07
3.243799329798218878e+01 5.591999999999999781e-07
3.300000000000000000e+01 5.491052899876226109e-07
3.449972054810156408e+01 5.229000000000000038e-07
3.500000000000000000e+01 5.194177673926301861e-07
3.771078526008929543e+01 4.889999999999999980e-07
3.800000000000000000e+01 4.865051280073471528e-07
4.079503438104995183e+01 4.572999999999999987e-07
4.100000000000000000e+01 4.555754920382598027e-07
4.474367237421763832e+01 4.275999999999999908e-07
4.500000000000000000e+01 4.250067563523350047e-07
4.800000000000000000e+01 4.073981556528498361e-07
4.909258951997172460e+01 3.998999999999999744e-07
5.200000000000000000e+01 3.891166984366861080e-07
5.445936543749068193e+01 3.739000000000000327e-07
5.600000000000000000e+01 3.699765496777804219e-07
6.032298859667498903e+01 3.497000000000000675e-07
6.100000000000000711e+01 3.476943265801782690e-07
6.600000000000000000e+01 3.270243763190680118e-07
6.600564144071007888e+01 3.270000000000000032e-07
7.100000000000000000e+01 3.202125362913782430e-07
7.558073015576762543e+01 3.057999999999999987e-07
7.700000000000000000e+01 3.042992264223748749e-07
8.400000000000000000e+01 2.922385394142173447e-07
8.746855156926980612e+01 2.859000000000000388e-07
9.000000000000000000e+01 2.853028235061952706e-07
9.800000000000000000e+01 2.793649581719145154e-07
1.060000000000000000e+02 2.769311763199197482e-07
1.150000000000000000e+02 2.714277869217717513e-07
1.240000000000000000e+02 2.767564042550057570e-07
1.340000000000000000e+02 2.790510233034735937e-07
1.450000000000000000e+02 2.842391248759709890e-07
1.475488723318907773e+02 2.859000000000000388e-07
1.570000000000000000e+02 2.991016250773989492e-07
1.612439114113001324e+02 3.057999999999999987e-07
1.700000000000000000e+02 3.207953883189138996e-07
1.735117390634231640e+02 3.270000000000000032e-07
1.840000000000000000e+02 3.474602615550757347e-07
1.843122897747431921e+02 3.497000000000000146e-07
1.869575850726551209e+02 3.739000000000000327e-07
1.904155791244816101e+02 3.998999999999999744e-07
1.990000000000000000e+02 4.222998983458628920e-07
1.995661677504796785e+02 4.275999999999999908e-07
2.016883647657601841e+02 4.572999999999999987e-07
2.022775242087110996e+02 4.889999999999999980e-07
2.038188857646437953e+02 5.229000000000000038e-07
2.099332892082298940e+02 5.591999999999999781e-07
2.150000000000000000e+02 5.960383943461320000e-07
2.150473065122708363e+02 5.980000000000000343e-07
2.162751508433938170e+02 6.393999999999999683e-07
2.205971322249176865e+02 6.838000000000000218e-07
2.330000000000000000e+02 7.270152251696528091e-07
2.339299546205419915e+02 7.311999999999998771e-07
2.520000000000000000e+02 7.817904269063137902e-07
2.520686648858808780e+02 7.818999999999999804e-07
2.720000000000000000e+02 8.282916838204054917e-07
2.761554367812817077e+02 8.362000000000000365e-07
2.940000000000000000e+02 8.824396814524727847e-07
2.979330475450641416e+02 8.941999999999999470e-07
3.190000000000000000e+02 9.510832029894975747e-07
3.202760382696648662e+02 9.562000000000000522e-07
3.404850219334172721e+02 1.022999999999999989e-06
3.450000000000000000e+02 1.036742846665204572e-06
3.643524316459207739e+02 1.092999999999999954e-06
3.730000000000000000e+02 1.118106166053299614e-06
3.781341201810563462e+02 1.168999999999999946e-06
3.990455844557155842e+02 1.250000000000000102e-06
4.030000000000000000e+02 1.263353322832691118e-06
4.127299469777101422e+02 1.337000000000000074e-06
4.360000000000000000e+02 1.417181185611166034e-06
4.377334452010099426e+02 1.429999999999999861e-06
4.474765825028204063e+02 1.529000000000000099e-06
4.720000000000000000e+02 1.619759499369619849e-06
4.731265977262512479e+02 1.635000000000000016e-06
4.780957840474720797e+02 1.748999999999999899e-06
4.938123863686952291e+02 1.869999999999999884e-06
5.110000000000000000e+02 1.941871879709118352e-06
5.151957815066382409e+02 2.000000000000000333e-06
5.247521640696102168e+02 2.138000000000000113e-06
5.530000000000000000e+02 2.263618848751609173e-06
5.541125325453809864e+02 2.286999999999999872e-06
5.575522766870860778e+02 2.445000000000000308e-06
5.669019184488712426e+02 2.615000000000000374e-06
5.980000000000000000e+02 2.789746587393824009e-06
5.982519056939568145e+02 2.795999999999999996e-06
6.017621413417422218e+02 2.990000000000000172e-06
6.067203362209334045e+02 3.198000000000000128e-06
6.264837620861782170e+02 3.420000000000000290e-06
6.470000000000000000e+02 3.550005058169432665e-06
6.502274447499301004e+02 3.656999999999999884e-06
6.594285578309493303e+02 3.909999999999999834e-06
6.890350869185920146e+02 4.181999999999999940e-06
7.000000000000000000e+02 4.260557368484033442e-06
7.042588409045057460e+02 4.471999999999999704e-06
7.081124440744208641e+02 4.782000000000000125e-06
7.269759288681655107e+02 5.114000000000000503e-06
7.570000000000000000e+02 5.460914507086738601e-06
7.572271751958647883e+02 5.467999999999999994e-06
7.678926672805365570e+02 5.847999999999999744e-06
7.849296755311172546e+02 6.253000000000000948e-06
8.189999999999998863e+02 6.632449422198513331e-06
8.204797116755404431e+02 6.686999999999999673e-06
8.272361322587156565e+02 7.150999999999999805e-06
8.313225027555920406e+02 7.646999999999999799e-06
8.377073194229947148e+02 8.176999999999999807e-06
8.599521123611248186e+02 8.745000000000000128e-06
8.860000000000000000e+02 9.078317596133545604e-06
8.939844533028102660e+02 9.350999999999999070e-06
9.059192058170707469e+02 1.000000000000000251e-05
