1.255304159361484380e+03 1.000000000000000082e-05
1.234196468725947170e+03 9.351000000000000764e-06
1.213000000000000000e+03 8.905382346415371001e-06
1.203447734112681246e+03 8.744999999999998434e-06
1.148677696376878430e+03 8.176999999999999807e-06
1.132651954746947467e+03 7.646999999999999799e-06
1.122000000000000000e+03 7.539022158873786760e-06
1.095022903015137899e+03 7.150999999999999805e-06
1.037000000000000000e+03 6.847327690990042532e-06
1.034276308911486012e+03 6.686999999999999673e-06
1.037000000000000000e+03 6.327279230162527632e-06
1.043591033367780938e+03 6.253000000000000948e-06
1.037000000000000000e+03 6.213830307720523969e-06
1.027278842826743812e+03 5.847999999999999744e-06
1.022234964110783949e+03 5.467999999999999994e-06
1.022235079122958950e+03 5.113999999999998809e-06
1.006679001045312361e+03 4.782000000000000125e-06
9.961413821700342623e+02 4.471999999999999704e-06
9.798850594049357596e+02 4.181999999999999940e-06
9.581924245869764718e+02 3.909999999999999834e-06
9.580000000000000000e+02 3.907477281877164798e-06
9.449388970329162021e+02 3.656999999999999884e-06
9.319977433875674251e+02 3.419999999999999866e-06
9.105800841755412876e+02 3.197999999999999705e-06
8.860000000000000000e+02 3.057911466730416695e-06
8.831422009066792498e+02 2.990000000000000172e-06
8.775407291801287784e+02 2.795999999999999996e-06
8.681028122429601126e+02 2.615000000000000374e-06
8.571512914701277168e+02 2.445000000000000308e-06
8.407948222841764618e+02 2.286999999999999872e-06
8.245198514749328069e+02 2.138000000000000113e-06
8.190000000000000000e+02 2.107068966048743347e-06
8.085241706618359103e+02 2.000000000000000333e-06
7.963679346268222616e+02 1.869999999999999884e-06
7.712807704197107341e+02 1.748999999999999899e-06
7.570000000000000000e+02 1.687939345012017987e-06
7.537191457041216154e+02 1.635000000000000016e-06
7.467676088490067059e+02 1.529000000000000099e-06
7.381538914233772175e+02 1.430000000000000073e-06
7.233189179116236573e+02 1.337000000000000074e-06
7.045356255347259093e+02 1.250000000000000102e-06
7.000000000000000000e+02 1.232338049600063232e-06
6.887092314510031201e+02 1.168999999999999946e-06
6.736183098414317101e+02 1.092999999999999954e-06
6.503230692570161864e+02 1.022999999999999989e-06
6.470000000000000000e+02 1.014319379346411134e-06
6.399521270656404113e+02 9.562000000000000522e-07
6.303261674011291689e+02 8.942000000000000529e-07
6.149925068432085027e+02 8.362000000000001424e-07
5.980000000000000000e+02 7.853832954874405650e-07
5.972878409914291069e+02 7.818999999999999804e-07
5.836009687386895166e+02 7.311999999999999830e-07
5.705842816951324039e+02 6.838000000000000218e-07
5.530000000000000000e+02 6.461230977046143918e-07
5.511468879196015678e+02 6.393999999999999683e-07
5.392668796685991310e+02 5.980000000000000343e-07
5.222302297452300763e+02 5.591999999999999781e-07
5.110000000000000000e+02 5.391421470053823138e-07
5.035129780806791473e+02 5.229000000000000038e-07
4.855651111092208794e+02 4.889999999999999980e-07
4.720000000000000000e+02 4.710951196573793114e-07
4.674591636108272610e+02 4.572999999999999457e-07
4.575912577228710916e+02 4.276000000000000438e-07
4.413503502930045101e+02 3.998999999999999744e-07
4.360000000000000000e+02 3.919772047838622513e-07
4.247110997808769071e+02 3.739000000000000327e-07
4.030000000000000000e+02 3.499431962238153490e-07
4.028592143207238223e+02 3.497000000000000675e-07
3.892567878887651318e+02 3.270000000000000032e-07
3.729999999999999432e+02 3.090622392038253085e-07
3.713715947511510649e+02 3.057999999999999987e-07
3.608408699945768490e+02 2.859000000000000918e-07
3.532888025299325818e+02 2.674000000000000254e-07
3.455442116634879994e+02 2.500000000000000416e-07
3.450000000000000000e+02 2.490254875571793724e-07
3.394104699670141372e+02 2.338000000000000157e-07
3.312905044907751062e+02 2.186999999999999930e-07
3.275007085522756256e+02 2.045000000000000114e-07
3.205599626734939420e+02 1.911999999999999916e-07
3.190000000000000000e+02 1.885290526575852244e-07
3.152955809179416065e+02 1.788000000000000129e-07
3.093062219031492646e+02 1.672000000000000149e-07
2.976360314260663813e+02 1.563999999999999976e-07
2.940000000000000000e+02 1.529698730814248952e-07
2.874589583963655741e+02 1.461999999999999989e-07
2.720000000000000000e+02 1.370946854990384804e-07
2.715744727044621527e+02 1.366999999999999998e-07
2.610056356977934229e+02 1.279000000000000005e-07
2.520000000000000000e+02 1.230563504603763425e-07
2.426666195126945240e+02 1.196000000000000122e-07
2.330000000000000000e+02 1.162835284412374544e-07
2.150000000000000000e+02 1.128428351330307698e-07
2.130479773263893719e+02 1.117999999999999953e-07
1.990000000000000000e+02 1.058937537451008692e-07
1.840000000000000000e+02 1.064018886217069560e-07
1.700000000000000000e+02 1.053474773459695817e-07
1.664847312970147470e+02 1.045999999999999837e-07
1.570000000000000000e+02 1.031506314340716885e-07
1.495877315159129353e+02 1.045999999999999970e-07
1.450000000000000000e+02 1.053849756888398190e-07
1.340000000000000000e+02 1.068949726176784046e-07
1.240000000000000000e+02 1.105253507464461216e-07
1.202941250287420871e+02 1.118000000000000085e-07
1.150000000000000000e+02 1.131678978853746297e-07
1.060000000000000000e+02 1.168145323205373318e-07
9.800000000000000000e+01 1.191778589598971870e-07
9.740192156123889333e+01 1.196000000000000122e-07
9.000000000000000000e+01 1.250728439882932512e-07
8.400000000000000000e+01 1.278699570427414106e-07
8.397139784933577289e+01 1.279000000000000005e-07
7.700000000000000000e+01 1.342067516436193634e-07
7.475444430845938371e+01 1.366999999999999998e-07
7.100000000000000000e+01 1.404191548104883835e-07
6.750303548258395381e+01 1.461999999999999989e-07
6.600000000000000000e+01 1.485137402479309232e-07
6.100000000000000000e+01 1.556492283972429140e-07
6.054704308743629326e+01 1.563999999999999976e-07
5.600000000000000000e+01 1.637439430662126370e-07
5.439838014981188508e+01 1.672000000000000149e-07
5.200000000000000000e+01 1.715486428617652538e-07
4.921330073007337091e+01 1.788000000000000393e-07
4.800000000000000000e+01 1.821207409984788945e-07
4.500000000000000000e+01 1.889748816354665120e-07
4.429017168245883340e+01 1.911999999999999916e-07
4.100000000000000000e+01 2.019890062928231991e-07
4.041549511256441463e+01 2.045000000000000114e-07
3.800000000000000000e+01 2.155408767955387813e-07
3.729134710332458269e+01 2.186999999999999665e-07
3.500000000000000000e+01 2.292857344987601512e-07
3.420622729162299436e+01 2.338000000000000157e-07
3.300000000000000000e+01 2.397766098963741796e-07
3.113637889737120190e+01 2.500000000000000416e-07
3.000000000000000000e+01 2.568490218245653679e-07
2.874711737158470015e+01 2.674000000000000254e-07
2.800000000000000000e+01 2.735597681242303267e-07
2.656172027418165271e+01 2.859000000000000388e-07
2.600000000000000000e+01 2.907439635883020194e-07
2.446184777791194875e+01 3.057999999999999987e-07
2.399999999999999645e+01 3.106947937186596057e-07
2.258546298327186719e+01 3.270000000000000032e-07
2.200000000000000000e+01 3.350163155913284886e-07
2.085637045732620720e+01 3.497000000000000675e-07
2.000000000000000000e+01 3.622141870626676335e-07
1.934168951767595956e+01 3.738999999999999798e-07
1.900000000000000000e+01 3.796698831182643913e-07
1.784393793973495690e+01 3.998999999999999744e-07
1.700000000000000000e+01 4.202468603692674671e-07
1.667292379158899251e+01 4.276000000000000438e-07
1.600000000000000000e+01 4.414146091103328939e-07
1.537883708558692852e+01 4.573000000000000516e-07
1.500000000000000000e+01 4.672092989027634873e-07
1.431269693811748489e+01 4.889999999999999980e-07
1.400000000000000000e+01 4.986878969329103538e-07
1.330191417625354688e+01 5.229000000000000038e-07
1.300000000000000000e+01 5.351107260796278916e-07
1.237493276312094537e+01 5.591999999999999781e-07
1.200000000000000000e+01 5.759797701296035181e-07
1.149576913902215125e+01 5.980000000000000343e-07
1.100000000000000000e+01 6.229485506124330218e-07
1.067257412890504398e+01 6.393999999999999683e-07
1.000582002262533265e+01 6.838000000000000218e-07
1.000000000000000000e+01 6.842051183615606548e-07
