1.000000000000000000e+01 1.467676259556794255e-06
1.037001595960449407e+01 1.430000000000000073e-06
1.096181120697219669e+01 1.337000000000000074e-06
1.100000000000000000e+01 1.331659933561943597e-06
1.189765154690003968e+01 1.250000000000000102e-06
1.200000000000000000e+01 1.237921995596933229e-06
1.283549336426111864e+01 1.168999999999999946e-06
1.299999999999999822e+01 1.156065427778481389e-06
1.381375227389590421e+01 1.092999999999999954e-06
1.400000000000000178e+01 1.076202135195761150e-06
1.477365589087214914e+01 1.022999999999999989e-06
1.500000000000000000e+01 1.010224868702924564e-06
1.584852112244809774e+01 9.562000000000000522e-07
1.600000000000000000e+01 9.486722912465435338e-07
1.699686455941788310e+01 8.942000000000000529e-07
1.700000000000000000e+01 8.940940382566277072e-07
1.877819693026200198e+01 8.362000000000000365e-07
1.900000000000000000e+01 8.211592637850243145e-07
1.983360467697474760e+01 7.818999999999998745e-07
2.000000000000000000e+01 7.778057205809076759e-07
2.174649884762214924e+01 7.311999999999998771e-07
2.200000000000000000e+01 7.218052881178172368e-07
2.355709929109143275e+01 6.838000000000000218e-07
2.400000000000000000e+01 6.705951999909954456e-07
2.539750784561381280e+01 6.393999999999999683e-07
2.600000000000000000e+01 6.262664553106868284e-07
2.739111806619251510e+01 5.980000000000000343e-07
2.800000000000000000e+01 5.876037798363075425e-07
2.951600364187590131e+01 5.591999999999999781e-07
3.000000000000000000e+01 5.524015972772194504e-07
3.237355654422556483e+01 5.229000000000000038e-07
3.300000000000000000e+01 5.135501654114159784e-07
3.460895173180161777e+01 4.889999999999999980e-07
3.500000000000000000e+01 4.852462748912736543e-07
3.771380903424426378e+01 4.572999999999999987e-07
3.800000000000000000e+01 4.547321123959072571e-07
4.080373464985966336e+01 4.275999999999999908e-07
4.100000000000000000e+01 4.260402497415530712e-07
4.462288350344237386e+01 3.998999999999999744e-07
4.500000000000000000e+01 3.970503340228836728e-07
4.800000000000000000e+01 3.839432311560400950e-07
4.961020147901868427e+01 3.738999999999999798e-07
5.200000000000000000e+01 3.628034048742629449e-07
5.440275344198138896e+01 3.497000000000000675e-07
5.600000000000000000e+01 3.443932364383767283e-07
6.006295715930488655e+01 3.270000000000000561e-07
6.100000000000000000e+01 3.237383919486644063e-07
6.600000000000000000e+01 3.069259626070577924e-07
6.630194529723610231e+01 3.057999999999999987e-07
7.100000000000000000e+01 2.963138473246931560e-07
7.489873399816329425e+01 2.859000000000000388e-07
7.700000000000000000e+01 2.828179080299818120e-07
8.400000000000000000e+01 2.682390793074495798e-07
8.466966963432480497e+01 2.674000000000000254e-07
9.000000000000000000e+01 2.647948864176777893e-07
9.800000000000000000e+01 2.509264737110995663e-07
1.060000000000000000e+02 2.505675334121200134e-07
1.067579900423132813e+02 2.500000000000000416e-07
1.150000000000000000e+02 2.474261439449159927e-07
1.240000000000000000e+02 2.482402861644132607e-07
1.340000000000000000e+02 2.472610427896548029e-07
1.429285888177328729e+02 2.500000000000000416e-07
1.450000000000000000e+02 2.513880804773595522e-07
1.570000000000000000e+02 2.602721460497930863e-07
1.620405799624469978e+02 2.674000000000000254e-07
1.700000000000000000e+02 2.791116141171259632e-07
1.786138243140863722e+02 2.859000000000000388e-07
1.840000000000000000e+02 2.930774866227487481e-07
1.877389478756103927e+02 3.057999999999999987e-07
1.956298415325252336e+02 3.270000000000000032e-07
1.990000000000000000e+02 3.360996993509931077e-07
2.029863419996782739e+02 3.497000000000000675e-07
2.080924757507953018e+02 3.738999999999999798e-07
2.150000000000000000e+02 3.948574147367934286e-07
2.163010984282188076e+02 3.998999999999999744e-07
2.185310490661121605e+02 4.275999999999999908e-07
2.206359790131951968e+02 4.572999999999999987e-07
2.205787886693283610e+02 4.889999999999999980e-07
2.235933432702986465e+02 5.228999999999998979e-07
2.272176106081495846e+02 5.591999999999999781e-07
2.330000000000000000e+02 5.797128570770555220e-07
2.357580292078122852e+02 5.979999999999999285e-07
2.387161564445876252e+02 6.393999999999999683e-07
2.520000000000000000e+02 6.783817711054397027e-07
2.550764638367861323e+02 6.838000000000000218e-07
2.720000000000000000e+02 7.161368300300244536e-07
2.813771143403988049e+02 7.311999999999998771e-07
2.940000000000000000e+02 7.607645362934991207e-07
3.101848694477807271e+02 7.819000000000000863e-07
3.190000000000000000e+02 8.014367117226001435e-07
3.274622230096709927e+02 8.362000000000000365e-07
3.450000000000000000e+02 8.836272017080602414e-07
3.574291010971597302e+02 8.942000000000000529e-07
3.730000000000000000e+02 9.163750427329720383e-07
3.837270517366949321e+02 9.562000000000000522e-07
3.971878455725274080e+02 1.022999999999999989e-06
4.030000000000000000e+02 1.048132397848921687e-06
4.178551893026258313e+02 1.092999999999999954e-06
4.360000000000000000e+02 1.167929671899330906e-06
4.366894179182132802e+02 1.168999999999999946e-06
4.599870102902027611e+02 1.250000000000000102e-06
4.720000000000000000e+02 1.292386728166476315e-06
4.816719731707499932e+02 1.337000000000000286e-06
4.926592686679844064e+02 1.430000000000000073e-06
5.076823990374412006e+02 1.529000000000000099e-06
5.110000000000000000e+02 1.550810564050377744e-06
5.307801811303312434e+02 1.635000000000000016e-06
5.454812571656352702e+02 1.748999999999999899e-06
5.530000000000000000e+02 1.791061030218081102e-06
5.689429477815901919e+02 1.869999999999999884e-06
5.777367874950757596e+02 2.000000000000000333e-06
5.843080062541722555e+02 2.138000000000000113e-06
5.980000000000000000e+02 2.258070764530688444e-06
6.074310289518941772e+02 2.286999999999999872e-06
6.215511352205114690e+02 2.445000000000000308e-06
6.334170922834484827e+02 2.615000000000000374e-06
6.470000000000000000e+02 2.785233145395001837e-06
6.533607937419434393e+02 2.795999999999999996e-06
6.864775070290967278e+02 2.990000000000000172e-06
7.000000000000000000e+02 3.114289671713410847e-06
7.102528593115271178e+02 2.990000000000000172e-06
7.112019940545358168e+02 2.795999999999999996e-06
7.091114341629786395e+02 2.615000000000000374e-06
7.000000000000000000e+02 2.538731193067485559e-06
6.871381034439475570e+02 2.445000000000000308e-06
6.782431201376584795e+02 2.286999999999999872e-06
6.620548399220372175e+02 2.138000000000000113e-06
6.470000000000000000e+02 2.051723110896635577e-06
6.368816458823455378e+02 2.000000000000000333e-06
6.268736478967401808e+02 1.869999999999999884e-06
6.181490112062233493e+02 1.748999999999999899e-06
6.113567809178855441e+02 1.635000000000000016e-06
5.980000000000000000e+02 1.547625589576489547e-06
5.915166250773041838e+02 1.528999999999999887e-06
5.756261297284652301e+02 1.429999999999999861e-06
5.575542493865860934e+02 1.337000000000000074e-06
5.530000000000000000e+02 1.317801651081568282e-06
5.405510549192318877e+02 1.250000000000000102e-06
5.317899304395218678e+02 1.168999999999999946e-06
5.216514886595002736e+02 1.092999999999999954e-06
5.110000000000000000e+02 1.061436496101081896e-06
4.951776427591069023e+02 1.022999999999999989e-06
4.734446922219561316e+02 9.562000000000000522e-07
4.720000000000000000e+02 9.506697272520778962e-07
4.649091829092542980e+02 8.942000000000000529e-07
4.519931360988073266e+02 8.362000000000000365e-07
4.437873320384647400e+02 7.818999999999998745e-07
4.360000000000000000e+02 7.563012703485354401e-07
4.256944947493931863e+02 7.311999999999999830e-07
4.032583080948985526e+02 6.838000000000000218e-07
4.030000000000000000e+02 6.831947162932769784e-07
3.935173893454835934e+02 6.393999999999999683e-07
3.744485045364313009e+02 5.980000000000000343e-07
3.730000000000000000e+02 5.939480621101244532e-07
3.657147160988395171e+02 5.591999999999999781e-07
3.501556209382125644e+02 5.229000000000000038e-07
3.450000000000000000e+02 5.105837433394838523e-07
3.360856025206639970e+02 4.889999999999999980e-07
3.190000000000000000e+02 4.638020945484131061e-07
3.165792310548260389e+02 4.572999999999999987e-07
3.075780355727054030e+02 4.275999999999999379e-07
2.970516166448087461e+02 3.998999999999999744e-07
2.940000000000000000e+02 3.933813067119050587e-07
2.881562996240730854e+02 3.738999999999999269e-07
2.838437462117143468e+02 3.497000000000000675e-07
2.775935430966949298e+02 3.270000000000000032e-07
2.720000000000000000e+02 3.172449979804848098e-07
2.677116256005197101e+02 3.057999999999999987e-07
2.652096209723890752e+02 2.859000000000000388e-07
2.639811928239280405e+02 2.673999999999999724e-07
2.541323684805343817e+02 2.500000000000000416e-07
2.520000000000000000e+02 2.451900640969065590e-07
2.485007588722138507e+02 2.337999999999999892e-07
2.424149008486011496e+02 2.186999999999999930e-07
2.341977725499165786e+02 2.045000000000000114e-07
2.330000000000000000e+02 2.033877701082568795e-07
2.150000000000000000e+02 1.914203876513985422e-07
2.148841227263941107e+02 1.911999999999999916e-07
2.083151422932451453e+02 1.788000000000000129e-07
1.990000000000000000e+02 1.684515423889582290e-07
1.944694169008297990e+02 1.672000000000000149e-07
1.840000000000000000e+02 1.646550348529873559e-07
1.700000000000000000e+02 1.606835455929679578e-07
1.570000000000000000e+02 1.598168460004989602e-07
1.477565453501720469e+02 1.563999999999999976e-07
1.450000000000000000e+02 1.552363426032930205e-07
1.340000000000000000e+02 1.544463297983483334e-07
1.274532199241917567e+02 1.563999999999999976e-07
1.240000000000000142e+02 1.572767928262998299e-07
1.150000000000000000e+02 1.588669733841282211e-07
1.060000000000000000e+02 1.647142092698486751e-07
9.800000000000000000e+01 1.667589590458933847e-07
9.760046367628952169e+01 1.672000000000000149e-07
9.000000000000000000e+01 1.727281421078640563e-07
8.400000000000000000e+01 1.759290123688391242e-07
8.172359764799900006e+01 1.788000000000000129e-07
7.700000000000000000e+01 1.834631650934235215e-07
7.163624118786954398e+01 1.911999999999999916e-07
7.100000000000000000e+01 1.920095799549428718e-07
6.600000000000000000e+01 2.037454546783764930e-07
6.560719653763284498e+01 2.045000000000000114e-07
6.100000000000000000e+01 2.111353810301406053e-07
5.756915640097521703e+01 2.187000000000000194e-07
5.600000000000000000e+01 2.215655589227618203e-07
5.206015073688180905e+01 2.338000000000000157e-07
5.200000000000000711e+01 2.339454708587574242e-07
4.800000000000000000e+01 2.472705982620408807e-07
4.712058554989125980e+01 2.500000000000000416e-07
4.500000000000000000e+01 2.543119872907174970e-07
4.197592140464250576e+01 2.674000000000000254e-07
4.100000000000000000e+01 2.720034274471021500e-07
3.868835381234482895e+01 2.859000000000000388e-07
3.800000000000000000e+01 2.900260229460869186e-07
3.549656460079073383e+01 3.057999999999999987e-07
3.500000000000000000e+01 3.089717972863436174e-07
3.300000000000000000e+01 3.244000221587234858e-07
3.246931925106828487e+01 3.270000000000000032e-07
3.000000000000000000e+01 3.458697613422296790e-07
2.975393225442970646e+01 3.497000000000000675e-07
2.800000000000000000e+01 3.689214697756648950e-07
2.756107401010594771e+01 3.738999999999999798e-07
2.600000000000000000e+01 3.898878959580689014e-07
2.522392932883754924e+01 3.998999999999999744e-07
2.400000000000000000e+01 4.162829255165910366e-07
2.323431751457410144e+01 4.276000000000000438e-07
2.200000000000000000e+01 4.512952592369539518e-07
2.163514746856050763e+01 4.572999999999999987e-07
2.001995743479844236e+01 4.889999999999999980e-07
2.000000000000000000e+01 4.894319447141119514e-07
1.900000000000000000e+01 5.078664531453138011e-07
1.827838466884028534e+01 5.229000000000000038e-07
1.714111805625181262e+01 5.591999999999999781e-07
1.700000000000000000e+01 5.645774708336124229e-07
1.600000000000000000e+01 5.965082660024410917e-07
1.595826901627855854e+01 5.980000000000000343e-07
1.500000000000000000e+01 6.283121021155118362e-07
1.472266938339731723e+01 6.393999999999999683e-07
1.400000000000000000e+01 6.715720650116704704e-07
1.373669793935917660e+01 6.838000000000000218e-07
1.300000000000000000e+01 7.211233783349146695e-07
1.279677934349721191e+01 7.311999999999998771e-07
1.200000000000000000e+01 7.774644087447955714e-07
1.191971820513691682e+01 7.818999999999999804e-07
1.105210346446821568e+01 8.362000000000000365e-07
1.100000000000000000e+01 8.401216103701338618e-07
1.018849814376760143e+01 8.942000000000000529e-07
1.000000000000000000e+01 9.114838461967036373e-07
