Contour Level: 0.001
0.301030	-5.609584
0.300694	-5.606061
0.298770	-5.585859
0.297811	-5.575788
0.292031	-5.515121
0.291072	-5.505051
0.289147	-5.484848
0.287223	-5.464646
0.277787	-5.453456
0.256074	-5.444444
0.254545	-5.442589
0.239426	-5.424242
0.231302	-5.414384
0.222777	-5.404040
0.208059	-5.386180
0.206129	-5.383838
0.189481	-5.363636
0.184816	-5.357976
0.172833	-5.343434
0.161574	-5.329771
0.156185	-5.323232
0.141615	-5.303030
0.138331	-5.290482
0.136328	-5.282828
0.131041	-5.262626
0.125755	-5.242424
0.120468	-5.222222
0.115088	-5.215873
0.103350	-5.202020
0.091845	-5.188444
0.086231	-5.181818
0.069112	-5.161616
0.068603	-5.161015
0.051993	-5.141414
0.045360	-5.133586
0.044034	-5.121212
0.041869	-5.101010
0.039704	-5.080808
0.037539	-5.060606
0.035374	-5.040404
0.033209	-5.020202
0.022117	-5.007070
0.005489	-5.000000

Contour Level: 0.01
0.301030	-6.120180
0.298465	-6.111111
0.288419	-6.090909
0.282987	-6.070707
0.277787	-6.051366
0.277556	-6.050505
0.272124	-6.030303
0.266692	-6.010101
0.261260	-5.989899
0.255828	-5.969697
0.254545	-5.964922
0.250397	-5.949495
0.244965	-5.929293
0.239533	-5.909091
0.234101	-5.888889
0.231973	-5.868687
0.231302	-5.862321
0.229844	-5.848485
0.227715	-5.828283
0.225587	-5.808081
0.223458	-5.787879
0.221329	-5.767677
0.219200	-5.747475
0.208059	-5.734031
0.192975	-5.727273
0.184816	-5.723617
0.161574	-5.713204
0.147884	-5.707071
0.138331	-5.702791
0.115088	-5.692377
0.102792	-5.686869
0.091845	-5.681964
0.068603	-5.671551
0.057701	-5.666667
0.045360	-5.652030
0.043697	-5.646465
0.037660	-5.626263
0.031623	-5.606061
0.025586	-5.585859
0.022117	-5.574249
0.019550	-5.565657
0.013513	-5.545455
0.007476	-5.525253
0.001439	-5.505051
-0.001125	-5.496469
-0.004598	-5.484848
-0.010635	-5.464646
-0.016671	-5.444444
-0.018736	-5.424242
-0.020801	-5.404040
-0.021832	-5.393954
-0.028028	-5.333319
-0.029059	-5.323232
-0.031124	-5.303030
-0.047611	-5.283365
-0.048860	-5.282828
-0.070854	-5.273381
-0.094096	-5.263397
-0.095891	-5.262626
-0.117339	-5.253413
-0.140582	-5.243430
-0.142923	-5.242424
-0.163825	-5.233446
-0.187067	-5.223462
-0.189954	-5.222222
-0.201136	-5.202020
-0.210310	-5.198120
-0.213519	-5.181818
-0.217496	-5.161616
-0.221473	-5.141414
-0.225449	-5.121212
-0.229426	-5.101010
-0.233403	-5.080808
-0.233553	-5.080048
-0.237380	-5.060606
-0.241357	-5.040404
-0.256795	-5.023842
-0.266198	-5.020202
-0.280038	-5.014844
-0.303281	-5.005846
-0.318383	-5.000000

Contour Level: 0.1
0.301030	-6.599643
0.300728	-6.595960
0.299068	-6.575758
0.288971	-6.555556
0.277787	-6.542154
0.272112	-6.535354
0.256508	-6.515152
0.254545	-6.508020
0.250945	-6.494949
0.245382	-6.474747
0.239819	-6.454545
0.234256	-6.434343
0.231302	-6.423616
0.228693	-6.414141
0.223130	-6.393939
0.217567	-6.373737
0.212004	-6.353535
0.208059	-6.339212
0.206440	-6.333333
0.204437	-6.313131
0.202433	-6.292929
0.200429	-6.272727
0.198425	-6.252525
0.196421	-6.232323
0.194418	-6.212121
0.184816	-6.200775
0.163450	-6.191919
0.161574	-6.191141
0.138331	-6.181508
0.115088	-6.171875
0.114708	-6.171717
0.091845	-6.162242
0.068603	-6.152608
0.065965	-6.151515
0.045360	-6.142975
0.041656	-6.131313
0.035238	-6.111111
0.033016	-6.090909
0.030794	-6.070707
0.028572	-6.050505
0.026349	-6.030303
0.024127	-6.010101
0.022117	-5.991831
0.021905	-5.989899
0.019682	-5.969697
0.017460	-5.949495
0.015238	-5.929293
-0.001125	-5.909415
-0.001827	-5.909091
-0.024368	-5.898682
-0.045576	-5.888889
-0.047611	-5.869049
-0.047648	-5.868687
-0.049720	-5.848485
-0.051791	-5.828283
-0.053863	-5.808081
-0.055935	-5.787879
-0.058006	-5.767677
-0.070854	-5.752397
-0.082404	-5.747475
-0.094096	-5.742492
-0.117339	-5.732587
-0.129808	-5.727273
-0.140582	-5.722681
-0.163825	-5.712776
-0.177213	-5.707071
-0.187067	-5.702871
-0.210310	-5.692966
-0.213632	-5.686869
-0.224639	-5.666667
-0.228591	-5.646465
-0.232543	-5.626263
-0.233553	-5.621098
-0.236494	-5.606061
-0.240446	-5.585859
-0.244397	-5.565657
-0.248349	-5.545455
-0.252300	-5.525253
-0.256252	-5.505051
-0.256795	-5.502272
-0.266188	-5.484848
-0.280038	-5.479437
-0.303281	-5.470355
-0.317892	-5.464646
-0.326524	-5.461274
-0.349766	-5.452193
-0.369597	-5.444444
-0.373009	-5.440787
-0.388446	-5.424242
-0.396252	-5.415877
-0.407296	-5.404040
-0.419495	-5.390967
-0.426146	-5.383838
-0.442737	-5.366056
-0.444995	-5.363636
-0.463845	-5.343434
-0.465980	-5.341146
-0.468411	-5.323232
-0.471152	-5.303030
-0.473893	-5.282828
-0.476634	-5.262626
-0.479375	-5.242424
-0.489223	-5.232084
-0.512465	-5.225004
-0.521597	-5.222222
-0.535708	-5.206673
-0.537316	-5.204902
-0.580586	-5.157225
-0.582194	-5.155454
-0.594936	-5.141414
-0.605436	-5.129844
-0.613270	-5.121212
-0.628679	-5.104234
-0.631605	-5.101010
-0.649940	-5.080808
-0.651922	-5.078624
-0.668275	-5.060606
-0.675165	-5.053014
-0.686609	-5.040404
-0.698407	-5.027405
-0.704944	-5.020202
-0.721650	-5.001795
-0.722045	-5.000000

Contour Level: 1.0
0.280051	-7.000000
0.278512	-6.979798
0.277787	-6.970283
0.276973	-6.959596
0.275434	-6.939394
0.273895	-6.919192
0.272357	-6.898990
0.270818	-6.878788
0.269279	-6.858586
0.267740	-6.838384
0.266201	-6.818182
0.254545	-6.804192
0.239407	-6.797980
0.231302	-6.794653
0.208059	-6.785114
0.190184	-6.777778
0.188525	-6.757576
0.186866	-6.737374
0.185207	-6.717172
0.184816	-6.712414
0.183548	-6.696970
0.181889	-6.676768
0.169541	-6.656566
0.161574	-6.653869
0.138331	-6.646003
0.115088	-6.638137
0.109847	-6.636364
0.091845	-6.630271
0.068603	-6.622406
0.050153	-6.616162
0.045360	-6.614540
0.039937	-6.595960
0.034040	-6.575758
0.028144	-6.555556
0.026478	-6.535354
0.024813	-6.515152
0.023148	-6.494949
0.022117	-6.482451
0.021482	-6.474747
0.019817	-6.454545
0.018152	-6.434343
0.016486	-6.414141
0.014821	-6.393939
0.013156	-6.373737
-0.001125	-6.357268
-0.011304	-6.353535
-0.024368	-6.348745
-0.047611	-6.340221
-0.066395	-6.333333
-0.070854	-6.328388
-0.084610	-6.313131
-0.094096	-6.302609
-0.102824	-6.292929
-0.117339	-6.276831
-0.121039	-6.272727
-0.139254	-6.252525
-0.140582	-6.251052
-0.157469	-6.232323
-0.163825	-6.225274
-0.175683	-6.212121
-0.187067	-6.199495
-0.193898	-6.191919
-0.210310	-6.173717
-0.210577	-6.171717
-0.213279	-6.151515
-0.215982	-6.131313
-0.230653	-6.111111
-0.233553	-6.108081
-0.249986	-6.090909
-0.256795	-6.083794
-0.269319	-6.070707
-0.280038	-6.059507
-0.288653	-6.050505
-0.303281	-6.035220
-0.307986	-6.030303
-0.326524	-6.010933
-0.327319	-6.010101
-0.337071	-5.989899
-0.344373	-5.969697
-0.349766	-5.954777
-0.351676	-5.949495
-0.358978	-5.929293
-0.366280	-5.909091
-0.373009	-5.890476
-0.373583	-5.888889
-0.393674	-5.868687
-0.396252	-5.866095
-0.413765	-5.848485
-0.419495	-5.842724
-0.433856	-5.828283
-0.442737	-5.819353
-0.453948	-5.808081
-0.465980	-5.795982
-0.467009	-5.787879
-0.469574	-5.767677
-0.472140	-5.747475
-0.474705	-5.727273
-0.477271	-5.707071
-0.479836	-5.686869
-0.489223	-5.675654
-0.508871	-5.666667
-0.510482	-5.646465
-0.512094	-5.626263
-0.512465	-5.621604
-0.513705	-5.606061
-0.515317	-5.585859
-0.516929	-5.565657
-0.518540	-5.545455
-0.520152	-5.525253
-0.521763	-5.505051
-0.535708	-5.490874
-0.558951	-5.485810
-0.563363	-5.484848
-0.582194	-5.480745
-0.605436	-5.475681
-0.628679	-5.470617
-0.651922	-5.465552
-0.656078	-5.464646
-0.675165	-5.460488
-0.698407	-5.455423
-0.721650	-5.450359
-0.723775	-5.444444
-0.725281	-5.424242
-0.726788	-5.404040
-0.728294	-5.383838
-0.729800	-5.363636
-0.731307	-5.343434
-0.732813	-5.323232
-0.734320	-5.303030
-0.735826	-5.282828
-0.737332	-5.262626
-0.738839	-5.242424
-0.744893	-5.234443
-0.767755	-5.222222
-0.768135	-5.221816
-0.786661	-5.202020
-0.791378	-5.196979
-0.805566	-5.181818
-0.814621	-5.172142
-0.815676	-5.171014
-0.860051	-5.123595
-0.861106	-5.122467
-0.862281	-5.121212
-0.881186	-5.101010
-0.884349	-5.097630
-0.900091	-5.080808
-0.907592	-5.072793
-0.918996	-5.060606
-0.930835	-5.047956
-0.937902	-5.040404
-0.954077	-5.023119
-0.956807	-5.020202
-0.970352	-5.000000

Contour Level: 10.0
0.007636	-7.000000
-0.001125	-6.988640
-0.007944	-6.979798
-0.023524	-6.959596
-0.024368	-6.958501
-0.039104	-6.939394
-0.047611	-6.928363
-0.054683	-6.919192
-0.069598	-6.898990
-0.070854	-6.895338
-0.076545	-6.878788
-0.083491	-6.858586
-0.090438	-6.838384
-0.094096	-6.827743
-0.097384	-6.818182
-0.104330	-6.797980
-0.111277	-6.777778
-0.117339	-6.770028
-0.127079	-6.757576
-0.140582	-6.740313
-0.142881	-6.737374
-0.158683	-6.717172
-0.163825	-6.710599
-0.174485	-6.696970
-0.187067	-6.680884
-0.190287	-6.676768
-0.206089	-6.656566
-0.210310	-6.651170
-0.216384	-6.636364
-0.224672	-6.616162
-0.232960	-6.595960
-0.233553	-6.594514
-0.242148	-6.575758
-0.254125	-6.555556
-0.256795	-6.551989
-0.269250	-6.535354
-0.280038	-6.520944
-0.284375	-6.515152
-0.299500	-6.494949
-0.303281	-6.489899
-0.314625	-6.474747
-0.326524	-6.458854
-0.329749	-6.454545
-0.340684	-6.434343
-0.348857	-6.414141
-0.349766	-6.411893
-0.357029	-6.393939
-0.365202	-6.373737
-0.373009	-6.354437
-0.373374	-6.353535
-0.381546	-6.333333
-0.384248	-6.313131
-0.386950	-6.292929
-0.389652	-6.272727
-0.396252	-6.264587
-0.419495	-6.252785
-0.420007	-6.252525
-0.442737	-6.240984
-0.459794	-6.232323
-0.465980	-6.229182
-0.476380	-6.212121
-0.488696	-6.191919
-0.489223	-6.191054
-0.501011	-6.171717
-0.512465	-6.152926
-0.513326	-6.151515
-0.525641	-6.131313
-0.535708	-6.114798
-0.537956	-6.111111
-0.553365	-6.090909
-0.558951	-6.083586
-0.568774	-6.070707
-0.582194	-6.053113
-0.584183	-6.050505
-0.586548	-6.047405
-0.643455	-5.972797
-0.645819	-5.969697
-0.651922	-5.961696
-0.661228	-5.949495
-0.675165	-5.931224
-0.676638	-5.929293
-0.687708	-5.909091
-0.697774	-5.888889
-0.698407	-5.883901
-0.703453	-5.868687
-0.721650	-5.860363
-0.727391	-5.848485
-0.737155	-5.828283
-0.744893	-5.812272
-0.746918	-5.808081
-0.756682	-5.787879
-0.766446	-5.767677
-0.768135	-5.764180
-0.776209	-5.747475
-0.785973	-5.727273
-0.791378	-5.716089
-0.795737	-5.707071
-0.805500	-5.686869
-0.814621	-5.667997
-0.815264	-5.666667
-0.828832	-5.646465
-0.837864	-5.633018
-0.842401	-5.626263
-0.855969	-5.606061
-0.861106	-5.598412
-0.869538	-5.585859
-0.883106	-5.565657
-0.884349	-5.563806
-0.896674	-5.545455
-0.907592	-5.529200
-0.910243	-5.525253
-0.923811	-5.505051
-0.930835	-5.494593
-0.937380	-5.484848
-0.948907	-5.464646
-0.954077	-5.450257
-0.956166	-5.444444
-0.962943	-5.424242
-0.977320	-5.416557
-0.982349	-5.404040
-0.990466	-5.383838
-0.998583	-5.363636
-1.000563	-5.358708
-1.006699	-5.343434
-1.014816	-5.323232
-1.022933	-5.303030
-1.023805	-5.300859
-1.031050	-5.282828
-1.039167	-5.262626
-1.047048	-5.243010
-1.047283	-5.242424
-1.055400	-5.222222
-1.059460	-5.202020
-1.063521	-5.181818
-1.067581	-5.161616
-1.070291	-5.148132
-1.071641	-5.141414
-1.075701	-5.121212
-1.079761	-5.101010
-1.093319	-5.080808
-1.093534	-5.080621
-1.116542	-5.060606
-1.116776	-5.060402
-1.139766	-5.040404
-1.140019	-5.040184
-1.162989	-5.020202
-1.163262	-5.019965
-1.186213	-5.000000

