10.00000000000000000000000000000000	0.00000195740016356995444142736519
10.50572020634664838212302129250020	0.00000186379686015746881655561103
14.60021615091311630862946913111955	0.00000134159624656814262164659674
14.60301401396893794526476995088160	0.00000134134789763986348336873965
20.49569508589774002871308766771108	0.00000096534886444162466857257191
21.31663116533842128319520270451903	0.00000092943700156199462457552859
29.09530698572740092799904232379049	0.00000069474774718656936014842766
31.12274226232317175799835240468383	0.00000065242185334228480955286612
42.98585209073414858949035988189280	0.00000049999999999999997737405591
45.43987642390771952705108560621738	0.00000047759971392852556984574136
66.34320176598332352568831993266940	0.00000036197024386379878594172045
66.99626698168651728337863460183144	0.00000035984283650057565556693744
96.86250859269978263910161331295967	0.00000029133358013209755931204352
141.42135623730951010657008737325668	0.00000027129517708557274944437972
206.47823694200047839331091381609440	0.00000030438978956790686166070776
220.05831972359248993598157539963722	0.00000035984283650057565556693744
241.55747836696014019253198057413101	0.00000049999999999999997737405591
287.41944013065511853710631839931011	0.00000069474774718656787784076996
301.46268898126589874664205126464367	0.00000072649263299570460125290225
425.90120551146384286766988225281239	0.00000096534886444162466857257191
440.14204205619734011634136550128460	0.00000099457647901811114145699620
558.71233865760882508766371756792068	0.00000134134789763986348336873965
642.61689511247755035583395510911942	0.00000165003483436352327215761605
682.50285288976431274932110682129860	0.00000186379686015746881655561103
800.65491986639585775265004485845566	0.00000258973733961560616503492192
938.23455708708399924944387748837471	0.00000354795063969273778776611881
942.78210395374708241433836519718170	0.00000359842836500574925001020438
1054.63588473024992708815261721611023	0.00000499999999999999956198232232

