10.00000000000000000000000000000000	0.00000235272207534788836577567192
12.67124569752790641530282300664112	0.00000186379686015746881655561103
14.60021615091311630862946913111955	0.00000162539540758815077144355896
17.84981417474935838640703877899796	0.00000134134789763986348336873965
21.31663116533842128319520270451903	0.00000112614569265909417583712473
25.08241191948383530530009011272341	0.00000096534886444162466857257191
31.12274226232317175799835240468383	0.00000078646827804886895821209715
36.20440995020341290455689886584878	0.00000069474774718656787784076996
45.43987642390771952705108560621738	0.00000057878457923955556757724490
55.55021364070319123129593208432198	0.00000049999999999999997737405591
66.34320176598332352568831993266940	0.00000043843885542146657729144221
92.21587885867475620216282550245523	0.00000035984283650057565556693744
96.86250859269974000653746770694852	0.00000034985787325248283749192435
141.42135623730951010657008737325668	0.00000031395817624971747686644452
206.47823694200047839331091381609440	0.00000031170834492937297189698903
232.57466779641123366673127748072147	0.00000035984283650057639672076629
256.18732252383017566899070516228676	0.00000049999999999999997737405591
275.17508970430213821600773371756077	0.00000069474774718656787784076996
301.46268898126589874664205126464367	0.00000081376819047079357702823444
355.35649998820423434153781272470951	0.00000096534886444162276274844059
440.14204205619734011634136550128460	0.00000118011633990930237874609609
496.08268805871477979962946847081184	0.00000134134789763986348336873965
642.61689511247686823480762541294098	0.00000185935502524503726175101378
643.35464308434904978639679029583931	0.00000186379686015746881655561103
747.61550360629007627721875905990601	0.00000258973733961561124723260545
880.01158411667768177721882238984108	0.00000359842836500575644979025604
938.23455708708297606790438294410706	0.00000406551568867190679423860925
996.48579079345540776557754725217819	0.00000499999999999999956198232232

