10.00000000000000000000000000000000	0.00000150464678095974977501444580
11.27255578204754904447781882481650	0.00000134134789763986348336873965
14.60021615091311630862946913111955	0.00000104321687459496508389828699
15.81083190920643843924153770785779	0.00000096534886444162466857257191
21.31663116533842128319520270451903	0.00000071640836689748635495160901
22.02227010159737119465717114508152	0.00000069474774718656787784076996
31.12274226232317175799835240468383	0.00000050375511936078000724151347
31.41407579792569748633468407206237	0.00000049999999999999997737405591
45.43987642390771952705108560621738	0.00000037094274520936903792665395
47.33980370008966076511569553986192	0.00000035984283650057565556693744
66.34320176598332352568831993266940	0.00000028125623011404584072667049
76.60165454792098671532585285604000	0.00000025897373396156004475625280
96.86250859269978263910161331295967	0.00000022781771041736266256608570
141.42135623730951010657008737325668	0.00000019674312191555348471544787
175.77929947790676123986486345529556	0.00000018637968601574687636160518
206.47823694200025101963547058403492	0.00000017892891595945431954809617
257.11301488832572204046300612390041	0.00000018637968601574687636160518
301.46268898126589874664205126464367	0.00000019750810701564677823064504
326.90577878504677755699958652257919	0.00000025897373396156057415184483
352.34398339208638617492397315800190	0.00000035984283650057491441310860
364.48570272043491513613844290375710	0.00000049999999999999997737405591
394.48180227035931011414504610002041	0.00000069474774718656787784076996
440.14204205619734011634136550128460	0.00000078901677903732405294171676
551.40282705448316846741363406181335	0.00000096534886444162466857257191
642.61689511247755035583395510911942	0.00000113308174409906437340284611
700.40405014795589977438794448971748	0.00000134134789763986348336873965
828.24171042800207942491397261619568	0.00000186379686015746881655561103
938.23455708708297606790438294410706	0.00000239333767117285696284217228
958.67812496119302068109391257166862	0.00000258973733961560616503492192
1053.13120212288322363747283816337585	0.00000359842836500576364957030770
1169.28032448174690216546878218650818	0.00000499999999999999956198232232

