14.184397163120568 0.06428571428571428
29.078014184397166 0.08102678571428572
43.262411347517734 0.08638392857142857
58.15602836879433 0.08839285714285715
73.04964539007092 0.084375
87.94326241134752 0.08839285714285715
102.83687943262412 0.09040178571428571
117.73049645390071 0.09308035714285715
132.6241134751773 0.09508928571428571
147.5177304964539 0.09441964285714285
162.4113475177305 0.09776785714285714
177.3049645390071 0.10379464285714286
192.19858156028369 0.09910714285714285
207.0921985815603 0.0984375
221.98581560283688 0.10111607142857143
236.17021276595744 0.10446428571428572
251.06382978723406 0.10915178571428572
265.95744680851067 0.1111607142857143
280.8510638297872 0.11584821428571429
295.74468085106383 0.1111607142857143
310.63829787234044 0.09709821428571429
325.53191489361706 0.10848214285714286
340.4255319148936 0.09508928571428571
355.3191489361702 0.09308035714285715
369.5035460992908 0.08571428571428572