1.301029995663981254e+00 -7.443567377483567782e+00
1.314171712791900148e+00 -7.521892369301226289e+00
1.316430287384326769e+00 -7.535353535353535470e+00
1.327313429919819265e+00 -7.600217361118886572e+00
1.333378213502564691e+00 -7.636363636363636687e+00
1.340455147047738160e+00 -7.678542352936710280e+00
1.350348020704938978e+00 -7.737373737373737903e+00
1.353596864175657277e+00 -7.756694105329578370e+00
1.366738581303576172e+00 -7.834723571070657755e+00
1.367355043266826664e+00 -7.838383838383838231e+00
1.379880298431495289e+00 -7.912753036813282570e+00
1.384370363900198742e+00 -7.939393939393939448e+00
1.393022015559414184e+00 -7.990726778663539420e+00
1.401423455306378241e+00 -8.040404040404041552e+00
1.406163732687333301e+00 -8.068433045820803784e+00
1.418506326779933158e+00 -8.141414141414141881e+00
1.419305449815252196e+00 -8.146139312978077029e+00
1.432447166943171313e+00 -8.223845580135590083e+00
1.435606990183512011e+00 -8.242424242424242209e+00
1.445588884071090208e+00 -8.301114308746130988e+00
1.452799586067465842e+00 -8.343434343434342537e+00
1.458730601199009325e+00 -8.378243820546137144e+00
1.470010199016483110e+00 -8.444444444444444642e+00
1.471872318326927997e+00 -8.455373332346242776e+00
1.485014035454847336e+00 -8.532230977279420259e+00
1.487290402931753741e+00 -8.545454545454546746e+00
1.498155752582766231e+00 -8.608572075165938031e+00
1.504678758762098667e+00 -8.646464646464647075e+00
1.511297469710685348e+00 -8.684913173053388391e+00
1.522067114592336790e+00 -8.747474747474747403e+00
1.524439186838604243e+00 -8.761254270940382227e+00
1.537580903966523582e+00 -8.836478520003460346e+00
1.539680725392199356e+00 -8.848484848484847731e+00
1.550722621094442255e+00 -8.911620039524089876e+00
1.557346673366179823e+00 -8.949494949494951612e+00
1.563864338222361372e+00 -8.986761559044722958e+00
1.575149360950891975e+00 -9.050505050505050164e+00
1.577006055350280267e+00 -9.060992595496220048e+00
1.590147772478199384e+00 -9.134373847749468922e+00
1.593217577890027492e+00 -9.151515151515152269e+00
1.603289489606118279e+00 -9.207755100002259496e+00
1.611333827819490860e+00 -9.252525252525252597e+00
1.616431206734037174e+00 -9.280894327199138871e+00
1.629572923861956291e+00 -9.351936003906610395e+00
1.629868781186609938e+00 -9.353535353535352925e+00
1.642714640989875186e+00 -9.422977680614277318e+00
1.648554237894153118e+00 -9.454545454545455030e+00
1.655856358117794525e+00 -9.494019357318634889e+00
1.667632758212416411e+00 -9.555555555555555358e+00
1.668998075245713419e+00 -9.562689859667351300e+00
1.682139792373632314e+00 -9.630293333556373625e+00
1.687246977218111788e+00 -9.656565656565657463e+00
1.695281509501551431e+00 -9.697896807445527401e+00
1.707095302693268257e+00 -9.757575757575757791e+00
1.708423226629470326e+00 -9.764283942244260217e+00
1.721564943757389443e+00 -9.827478186930251880e+00
1.728034017380114307e+00 -9.858585858585858119e+00
1.734706660885308338e+00 -9.890672431616401639e+00
1.747848378013227233e+00 -9.953866676301736049e+00
1.749137435655009343e+00 -9.959595959595958448e+00
1.760990095141146350e+00 -1.001227571710638031e+01
1.772008591843263758e+00 -1.006060606060606055e+01
1.774131812269065467e+00 -1.006991912528984834e+01
1.787273529396984362e+00 -1.012756253347154889e+01
1.795457176403674637e+00 -1.016161616161616266e+01
1.800415246524903257e+00 -1.018224758377857952e+01
1.813556963652822374e+00 -1.023329157824009528e+01
1.821109431446667593e+00 -1.026262626262626299e+01
1.826698680780741491e+00 -1.028433557270115628e+01
1.839840397908660385e+00 -1.033512018271915167e+01
1.848451052576371545e+00 -1.036363636363636331e+01
1.852982115036579280e+00 -1.037864202834462546e+01
1.866123832164498619e+00 -1.042216387396911514e+01
1.878951739196749404e+00 -1.046464646464646364e+01
1.879265549292417514e+00 -1.046568571959360128e+01
1.892407266420336187e+00 -1.050379152910012337e+01
1.905548983548255304e+00 -1.053858753875685750e+01
1.915772382666445228e+00 -1.056565656565656575e+01
1.918690700676174643e+00 -1.057338354841386696e+01
1.931832417804093094e+00 -1.060602103411098440e+01
1.944974134932012433e+00 -1.063038417796185442e+01
1.958115852059931328e+00 -1.065474732181245976e+01
1.964545262787963376e+00 -1.066666666666666607e+01
1.971257569187850223e+00 -1.067911046566036148e+01
1.984399286315769340e+00 -1.069350561998359872e+01
1.997541003443688234e+00 -1.070530042921062908e+01
2.010682720571607351e+00 -1.071709523843665046e+01
2.023824437699526246e+00 -1.072310840771375950e+01
2.036966154827445585e+00 -1.071966071161991962e+01
2.050107871955364480e+00 -1.071621301552590211e+01
2.063249589083283375e+00 -1.071276531942952204e+01
2.076391306211202270e+00 -1.069083886796227389e+01
2.089533023339121165e+00 -1.066825246094609803e+01
2.090455704836461148e+00 -1.066666666666666607e+01
2.102674740467040504e+00 -1.064566605393232379e+01
2.115816457594959843e+00 -1.060930092046969087e+01
2.127876120335558952e+00 -1.056565656565656575e+01
2.128958174722878294e+00 -1.056174057176659709e+01
2.142099891850797633e+00 -1.051418022306466504e+01
2.154875489760616158e+00 -1.046464646464646364e+01
2.155241608978716528e+00 -1.046322694119013264e+01
2.168383326106635423e+00 -1.039106782698620712e+01
2.173379181942040272e+00 -1.036363636363636331e+01
2.181525043234554317e+00 -1.031890871278714350e+01
2.191775280470471987e+00 -1.026262626262626299e+01
2.194666760362473212e+00 -1.024674959858658241e+01
2.205194440351228025e+00 -1.016161616161616266e+01
2.207808477490392551e+00 -1.014047741440280603e+01
2.216609244768074749e+00 -1.006060606060606055e+01
2.220950194618311446e+00 -1.002120977499123100e+01
2.227739222531358365e+00 -9.959595959595958448e+00
2.234091911746230341e+00 -9.901942135579272275e+00
2.238110962983767216e+00 -9.858585858585858119e+00
2.247233628874149680e+00 -9.760173371190429492e+00
2.247411638355649721e+00 -9.757575757575757791e+00
2.254333666945985470e+00 -9.656565656565657463e+00
2.260375346002068575e+00 -9.568402106854080102e+00
2.261255695536284360e+00 -9.555555555555555358e+00
2.268177724126609451e+00 -9.454545454545455030e+00
2.273517063129987470e+00 -9.376630842517831965e+00
2.275099752716927881e+00 -9.353535353535352925e+00
2.282021781307222330e+00 -9.252525252525252597e+00
2.286658780257906365e+00 -9.184859578179429107e+00
2.288193588103277776e+00 -9.151515151515152269e+00
2.292842973652862160e+00 -9.050505050505048388e+00
2.297492359202446544e+00 -8.949494949494949836e+00
2.299800497385825260e+00 -8.899349555321444782e+00
2.302056288351079782e+00 -8.848484848484847731e+00
2.306535969596262170e+00 -8.747474747474747403e+00
2.311015650841585778e+00 -8.646464646464647075e+00
2.312942214513744155e+00 -8.603023521869108237e+00
2.315495332086883629e+00 -8.545454545454546746e+00
2.319975013331990077e+00 -8.444444444444444642e+00
2.324454694577029468e+00 -8.343434343434342537e+00
2.326083931641663494e+00 -8.306697488406930674e+00
2.328380483107540755e+00 -8.242424242424242209e+00
2.331989681491775102e+00 -8.141414141414141881e+00
2.335598879876054745e+00 -8.040404040404041552e+00
2.339208078260333945e+00 -7.939393939393939448e+00
2.339225648769582389e+00 -7.938902196152085367e+00
2.342198363660189742e+00 -7.838383838383838231e+00
2.345185621291889344e+00 -7.737373737373737903e+00
2.348172878923538320e+00 -7.636363636363636687e+00
2.351160136555197067e+00 -7.535353535353535470e+00
2.352367365897501728e+00 -7.494532698035627050e+00
2.354147394186856701e+00 -7.434343434343434254e+00
2.357134651818534543e+00 -7.333333333333333925e+00
2.360121909450209721e+00 -7.232323232323233597e+00
2.363109167081902662e+00 -7.131313131313131493e+00
2.365509083025420622e+00 -7.050163199919332158e+00
2.366077368484172716e+00 -7.030303030303029388e+00
2.368967704906275618e+00 -6.929292929292929060e+00
2.371858041328378075e+00 -6.828282828282828731e+00
2.374748377750463213e+00 -6.727272727272727515e+00
2.377638714172551015e+00 -6.626262626262626299e+00
2.378650800153339517e+00 -6.590892727321701727e+00
2.379956949523995391e+00 -6.525252525252525082e+00
2.381966911036989210e+00 -6.424242424242423866e+00
2.383976872549983472e+00 -6.323232323232323537e+00
2.385986834062999051e+00 -6.222222222222222321e+00
2.387996795576056819e+00 -6.121212121212121104e+00
2.390006757089120359e+00 -6.020202020202020776e+00
2.391792517281258412e+00 -5.930459099148209567e+00
2.392016718602179903e+00 -5.919191919191918672e+00
2.394026680115251882e+00 -5.818181818181818343e+00
2.396036641628322084e+00 -5.717171717171718015e+00
2.398046603141392730e+00 -5.616161616161615910e+00
2.400056564654471813e+00 -5.515151515151515582e+00
2.402066526167554006e+00 -5.414141414141413478e+00
2.404076487680625984e+00 -5.313131313131313149e+00
2.404934234409177307e+00 -5.270025470990048255e+00
2.406086449193685528e+00 -5.212121212121212821e+00
2.408096410706744184e+00 -5.111111111111110716e+00
2.410106372219807280e+00 -5.010101010101010388e+00
2.412116333732877926e+00 -4.909090909090910060e+00
2.414126295245948128e+00 -4.808080808080807955e+00
2.416136256759017442e+00 -4.707070707070707627e+00
2.418075951537096202e+00 -4.609591842829593666e+00
2.418129104579715083e+00 -4.606060606060605522e+00
2.419649533413901210e+00 -4.505050505050505194e+00
2.421169962248086005e+00 -4.404040404040404866e+00
2.422690391082267247e+00 -4.303030303030302761e+00
2.424210819916448045e+00 -4.202020202020202433e+00
2.425731248750629732e+00 -4.101010101010100328e+00
2.427251677584864265e+00 -4.000000000000000000e+00
