2.0000000000e-02 1.0000000000e-07 3.8074518029e-24
2.2176504808e-02 1.0000000000e-07 1.0460758601e-24
2.4589868274e-02 1.0000000000e-07 1.7746655650e-24
2.7265866600e-02 1.0000000000e-07 2.9006688913e-24
3.0233081086e-02 1.0000000000e-07 4.5185450988e-24
3.3523203403e-02 1.0000000000e-07 6.6487406298e-24
3.7171374071e-02 1.0000000000e-07 9.1830910912e-24
4.1216557790e-02 1.0000000000e-07 1.1830260952e-23
4.5701959599e-02 1.0000000000e-07 1.4082412555e-23
5.0675486338e-02 1.0000000000e-07 1.5288611972e-23
5.6190258320e-02 1.0000000000e-07 1.4889823576e-23
6.2305176688e-02 1.0000000000e-07 1.2684274352e-23
6.9085552518e-02 1.0000000000e-07 9.0630016781e-24
7.6603804377e-02 1.0000000000e-07 5.0493912366e-24
8.4940231802e-02 1.0000000000e-07 1.9482179231e-24
9.4183872945e-02 1.0000000000e-07 4.3229431320e-25
1.0443345556e-01 1.0000000000e-07 4.1418820250e-26
1.1579845146e-01 1.0000000000e-07 1.1077214079e-27
1.2840024578e-01 1.0000000000e-07 4.2853361645e-30
1.4237343339e-01 1.0000000000e-07 8.8722655566e-34
1.5786725650e-01 1.0000000000e-07 2.2713891999e-39
1.7504719864e-01 1.0000000000e-07 7.3784723386e-48
1.9409675211e-01 1.0000000000e-07 1.0392624737e-60
2.1521937781e-01 1.0000000000e-07 3.5477675075e-80
2.3864067833e-01 1.0000000000e-07 1.5884193857e-109
2.6461080752e-01 1.0000000000e-07 6.7145815661e-154
2.9340714225e-01 1.0000000000e-07 6.0910614893e-221
3.2533724503e-01 1.0000000000e-07 2.2232954063e-322
3.6074214893e-01 1.0000000000e-07 1.0000000000e-300
4.0000000000e-01 1.0000000000e-07 1.0000000000e-300
2.0000000000e-02 1.8329807108e-07 1.2792346192e-23
2.2176504808e-02 1.8329807108e-07 3.5146248034e-24
2.4589868274e-02 1.8329807108e-07 5.9625538173e-24
2.7265866600e-02 1.8329807108e-07 9.7457203835e-24
3.0233081086e-02 1.8329807108e-07 1.5181490450e-23
3.3523203403e-02 1.8329807108e-07 2.2338560349e-23
3.7171374071e-02 1.8329807108e-07 3.0853517373e-23
4.1216557790e-02 1.8329807108e-07 3.9747527080e-23
4.5701959599e-02 1.8329807108e-07 4.7314347216e-23
5.0675486338e-02 1.8329807108e-07 5.1366958076e-23
5.6190258320e-02 1.8329807108e-07 5.0027101531e-23
6.2305176688e-02 1.8329807108e-07 4.2616856916e-23
6.9085552518e-02 1.8329807108e-07 3.0450038767e-23
7.6603804377e-02 1.8329807108e-07 1.6965037011e-23
8.4940231802e-02 1.8329807108e-07 6.5456582038e-24
9.4183872945e-02 1.8329807108e-07 1.4524303385e-24
1.0443345556e-01 1.8329807108e-07 1.3915970967e-25
1.1579845146e-01 1.8329807108e-07 3.7217426423e-27
1.2840024578e-01 1.8329807108e-07 1.4397950809e-29
1.4237343339e-01 1.8329807108e-07 2.9809200058e-33
1.5786725650e-01 1.8329807108e-07 7.6314549691e-39
1.7504719864e-01 1.8329807108e-07 2.4790326288e-47
1.9409675211e-01 1.8329807108e-07 3.4917330633e-60
2.1521937781e-01 1.8329807108e-07 1.1919854147e-79
2.3864067833e-01 1.8329807108e-07 5.3368004985e-109
2.6461080752e-01 1.8329807108e-07 2.2559773930e-153
2.9340714225e-01 1.8329807108e-07 2.0464859775e-220
3.2533724503e-01 1.8329807108e-07 8.7943684960e-322
3.6074214893e-01 1.8329807108e-07 1.0000000000e-300
4.0000000000e-01 1.8329807108e-07 1.0000000000e-300
2.0000000000e-02 3.3598182863e-07 4.2979958659e-23
2.2176504808e-02 3.3598182863e-07 1.1808500684e-23
2.4589868274e-02 3.3598182863e-07 2.0033097348e-23
2.7265866600e-02 3.3598182863e-07 3.2743849558e-23
3.0233081086e-02 3.3598182863e-07 5.1007049228e-23
3.3523203403e-02 3.3598182863e-07 7.5053503548e-23
3.7171374071e-02 3.3598182863e-07 1.0366221186e-22
4.1216557790e-02 3.3598182863e-07 1.3354446832e-22
4.5701959599e-02 3.3598182863e-07 1.5896760898e-22
5.0675486338e-02 3.3598182863e-07 1.7258364505e-22
5.6190258320e-02 3.3598182863e-07 1.6808197053e-22
6.2305176688e-02 3.3598182863e-07 1.4318489517e-22
6.9085552518e-02 3.3598182863e-07 1.0230659707e-22
7.6603804377e-02 3.3598182863e-07 5.6999441579e-23
8.4940231802e-02 3.3598182863e-07 2.1992222129e-23
9.4183872945e-02 3.3598182863e-07 4.8799020110e-24
1.0443345556e-01 3.3598182863e-07 4.6755133727e-25
1.1579845146e-01 3.3598182863e-07 1.2504378986e-26
1.2840024578e-01 3.3598182863e-07 4.8374498411e-29
1.4237343339e-01 3.3598182863e-07 1.0015349545e-32
1.5786725650e-01 3.3598182863e-07 2.5640301956e-38
1.7504719864e-01 3.3598182863e-07 8.3290991586e-47
1.9409675211e-01 3.3598182863e-07 1.1731588597e-59
2.1521937781e-01 3.3598182863e-07 4.0048543933e-79
2.3864067833e-01 3.3598182863e-07 1.7930679905e-108
2.6461080752e-01 3.3598182863e-07 7.5796740986e-153
2.9340714225e-01 3.3598182863e-07 6.8758210097e-220
3.2533724503e-01 3.3598182863e-07 3.0632070042e-321
3.6074214893e-01 3.3598182863e-07 1.0000000000e-300
4.0000000000e-01 3.3598182863e-07 1.0000000000e-300
2.0000000000e-02 6.1584821107e-07 2.2747961702e-23
2.2176504808e-02 6.1584821107e-07 3.9674416532e-23
2.4589868274e-02 6.1584821107e-07 6.7307566802e-23
2.7265866600e-02 6.1584821107e-07 1.1001338451e-22
3.0233081086e-02 6.1584821107e-07 1.7137441672e-22
3.3523203403e-02 6.1584821107e-07 2.5216613367e-22
3.7171374071e-02 6.1584821107e-07 3.4828619502e-22
4.1216557790e-02 6.1584821107e-07 4.4868514668e-22
4.5701959599e-02 6.1584821107e-07 5.3410227958e-22
5.0675486338e-02 6.1584821107e-07 5.7984968656e-22
5.6190258320e-02 6.1584821107e-07 5.6472487819e-22
6.2305176688e-02 6.1584821107e-07 4.8107522911e-22
6.9085552518e-02 6.1584821107e-07 3.4373157563e-22
7.6603804377e-02 6.1584821107e-07 1.9150776612e-22
8.4940231802e-02 6.1584821107e-07 7.3889870065e-23
9.4183872945e-02 6.1584821107e-07 1.6395584012e-23
1.0443345556e-01 6.1584821107e-07 1.5708875327e-24
1.1579845146e-01 6.1584821107e-07 4.2012441177e-26
1.2840024578e-01 6.1584821107e-07 1.6252952435e-28
1.4237343339e-01 6.1584821107e-07 3.3649754546e-32
1.5786725650e-01 6.1584821107e-07 8.6146755379e-38
1.7504719864e-01 6.1584821107e-07 2.7984259661e-46
1.9409675211e-01 6.1584821107e-07 3.9416005895e-59
2.1521937781e-01 6.1584821107e-07 1.3455583025e-78
2.3864067833e-01 6.1584821107e-07 6.0243826230e-108
2.6461080752e-01 6.1584821107e-07 2.5466327641e-152
2.9340714225e-01 6.1584821107e-07 2.3101509162e-219
3.2533724503e-01 6.1584821107e-07 1.0375378563e-320
3.6074214893e-01 6.1584821107e-07 1.0000000000e-300
4.0000000000e-01 6.1584821107e-07 1.0000000000e-300
2.0000000000e-02 1.1288378917e-06 7.6429017702e-23
2.2176504808e-02 1.1288378917e-06 1.3329883016e-22
2.4589868274e-02 1.1288378917e-06 2.2614119375e-22
2.7265866600e-02 1.1288378917e-06 3.6962498100e-22
3.0233081086e-02 1.1288378917e-06 5.7578689911e-22
3.3523203403e-02 1.1288378917e-06 8.4723238709e-22
3.7171374071e-02 1.1288378917e-06 1.1701783269e-21
4.1216557790e-02 1.1288378917e-06 1.5075005606e-21
4.5701959599e-02 1.1288378917e-06 1.7944866057e-21
5.0675486338e-02 1.1288378917e-06 1.9481895802e-21
5.6190258320e-02 1.1288378917e-06 1.8973729725e-21
6.2305176688e-02 1.1288378917e-06 1.6163253518e-21
6.9085552518e-02 1.1288378917e-06 1.1548756334e-21
7.6603804377e-02 1.1288378917e-06 6.4343129459e-22
8.4940231802e-02 1.1288378917e-06 2.4825653661e-22
9.4183872945e-02 1.1288378917e-06 5.5086182977e-23
1.0443345556e-01 1.1288378917e-06 5.2778966582e-24
1.1579845146e-01 1.1288378917e-06 1.4115416812e-25
1.2840024578e-01 1.1288378917e-06 5.4606966798e-28
1.4237343339e-01 1.1288378917e-06 1.1305706065e-31
1.5786725650e-01 1.1288378917e-06 2.8943744402e-37
1.7504719864e-01 1.1288378917e-06 9.4022027338e-46
1.9409675211e-01 1.1288378917e-06 1.3243061738e-58
2.1521937781e-01 1.1288378917e-06 4.5208313898e-78
2.3864067833e-01 1.1288378917e-06 2.0240830900e-107
2.6461080752e-01 1.1288378917e-06 8.5562233291e-152
2.9340714225e-01 1.1288378917e-06 7.7616872922e-219
3.2533724503e-01 1.1288378917e-06 3.4940322474e-320
3.6074214893e-01 1.1288378917e-06 1.0000000000e-300
4.0000000000e-01 1.1288378917e-06 1.0000000000e-300
2.0000000000e-02 2.0691380811e-06 2.5678761128e-22
2.2176504808e-02 2.0691380811e-06 4.4785984712e-22
2.4589868274e-02 2.0691380811e-06 7.5979331803e-22
2.7265866600e-02 2.0691380811e-06 1.2418727702e-21
3.0233081086e-02 2.0691380811e-06 1.9345393526e-21
3.3523203403e-02 2.0691380811e-06 1.9951975440e-20
3.7171374071e-02 2.0691380811e-06 3.9315865409e-21
4.1216557790e-02 2.0691380811e-06 5.0649279501e-21
4.5701959599e-02 2.0691380811e-06 6.0291489122e-21
5.0675486338e-02 2.0691380811e-06 6.5455629767e-21
5.6190258320e-02 2.0691380811e-06 6.3748284088e-21
6.2305176688e-02 2.0691380811e-06 5.4305594737e-21
6.9085552518e-02 2.0691380811e-06 3.8801722714e-21
7.6603804377e-02 2.0691380811e-06 2.1618122295e-21
8.4940231802e-02 2.0691380811e-06 8.3409685140e-22
9.4183872945e-02 2.0691380811e-06 1.8507956489e-22
1.0443345556e-01 2.0691380811e-06 1.7732773705e-23
1.1579845146e-01 2.0691380811e-06 4.7425235523e-25
1.2840024578e-01 2.0691380811e-06 1.8346948561e-27
1.4237343339e-01 2.0691380811e-06 3.7985117978e-31
1.5786725650e-01 2.0691380811e-06 9.7245721717e-37
1.7504719864e-01 2.0691380811e-06 3.1589692676e-45
1.9409675211e-01 2.0691380811e-06 4.4494280993e-58
2.1521937781e-01 2.0691380811e-06 1.5189171973e-77
2.3864067833e-01 2.0691380811e-06 6.8005513789e-107
2.6461080752e-01 2.0691380811e-06 2.8747355603e-151
2.9340714225e-01 2.0691380811e-06 2.6077858897e-218
3.2533724503e-01 2.0691380811e-06 1.1767655553e-319
3.6074214893e-01 2.0691380811e-06 1.0000000000e-300
4.0000000000e-01 2.0691380811e-06 1.0000000000e-300
2.0000000000e-02 3.7926901907e-06 8.6275971206e-22
2.2176504808e-02 3.7926901907e-06 1.5047277040e-21
2.4589868274e-02 3.7926901907e-06 2.5527674837e-21
2.7265866600e-02 3.7926901907e-06 4.1724668427e-21
3.0233081086e-02 3.7926901907e-06 6.4997006925e-21
3.3523203403e-02 3.7926901907e-06 9.5638802161e-21
3.7171374071e-02 3.7926901907e-06 1.3209416354e-20
4.1216557790e-02 3.7926901907e-06 1.7017237546e-20
4.5701959599e-02 3.7926901907e-06 2.0256844766e-20
5.0675486338e-02 3.7926901907e-06 2.1991902183e-20
5.6190258320e-02 3.7926901907e-06 2.1418265060e-20
6.2305176688e-02 3.7926901907e-06 1.8245693025e-20
6.9085552518e-02 3.7926901907e-06 1.3036673751e-20
7.6603804377e-02 3.7926901907e-06 7.2632962603e-21
8.4940231802e-02 3.7926901907e-06 2.8024138539e-21
9.4183872945e-02 3.7926901907e-06 6.2183370653e-22
1.0443345556e-01 3.7926901907e-06 5.9578897362e-23
1.1579845146e-01 3.7926901907e-06 1.5934017354e-24
1.2840024578e-01 3.7926901907e-06 6.1642413272e-27
1.4237343339e-01 3.7926901907e-06 1.2762309399e-30
1.5786725650e-01 3.7926901907e-06 3.2672795409e-36
1.7504719864e-01 3.7926901907e-06 1.0613562711e-44
1.9409675211e-01 3.7926901907e-06 1.4949269891e-57
2.1521937781e-01 3.7926901907e-06 5.1032857748e-77
2.3864067833e-01 3.7926901907e-06 2.2848616880e-106
2.6461080752e-01 3.7926901907e-06 9.6585891036e-151
2.9340714225e-01 3.7926901907e-06 8.7616867189e-218
3.2533724503e-01 3.7926901907e-06 3.9549954950e-319
3.6074214893e-01 3.7926901907e-06 1.0000000000e-300
4.0000000000e-01 3.7926901907e-06 1.0000000000e-300
2.0000000000e-02 6.9519279618e-06 2.8987158572e-21
2.2176504808e-02 6.9519279618e-06 5.0556116559e-21
2.4589868274e-02 6.9519279618e-06 8.5768348724e-21
2.7265866600e-02 6.9519279618e-06 1.4018730397e-20
3.0233081086e-02 6.9519279618e-06 2.1837813242e-20
3.3523203403e-02 6.9519279618e-06 3.2132899638e-20
3.7171374071e-02 6.9519279618e-06 4.4381238618e-20
4.1216557790e-02 6.9519279618e-06 5.7174825887e-20
4.5701959599e-02 6.9519279618e-06 6.8059317467e-20
5.0675486338e-02 6.9519279618e-06 7.3888795105e-20
5.6190258320e-02 6.9519279618e-06 7.1961478608e-20
6.2305176688e-02 6.9519279618e-06 6.1302213070e-20
6.9085552518e-02 6.9519279618e-06 4.3800854863e-20
7.6603804377e-02 6.9519279618e-06 2.4403355594e-20
8.4940231802e-02 6.9519279618e-06 9.4156013120e-21
9.4183872945e-02 6.9519279618e-06 2.0892482582e-21
1.0443345556e-01 6.9519279618e-06 2.0017426883e-22
1.1579845146e-01 6.9519279618e-06 5.3535402880e-24
1.2840024578e-01 6.9519279618e-06 2.0710730732e-26
1.4237343339e-01 6.9519279618e-06 4.2879040493e-30
1.5786725650e-01 6.9519279618e-06 1.0977465548e-35
1.7504719864e-01 6.9519279618e-06 3.5659642080e-44
1.9409675211e-01 6.9519279618e-06 5.0226830348e-57
2.1521937781e-01 6.9519279618e-06 1.7146112866e-76
2.3864067833e-01 6.9519279618e-06 7.6767200809e-106
2.6461080752e-01 6.9519279618e-06 3.2451104290e-150
2.9340714225e-01 6.9519279618e-06 2.9437675257e-217
3.2533724503e-01 6.9519279618e-06 1.3289081302e-318
3.6074214893e-01 6.9519279618e-06 1.0000000000e-300
4.0000000000e-01 6.9519279618e-06 1.0000000000e-300
2.0000000000e-02 1.2742749857e-05 9.7391585439e-21
2.2176504808e-02 1.2742749857e-05 1.6985936490e-20
2.4589868274e-02 1.2742749857e-05 2.8816606643e-20
2.7265866600e-02 1.2742749857e-05 4.7100386738e-20
3.0233081086e-02 1.2742749857e-05 7.3371084263e-20
3.3523203403e-02 1.2742749857e-05 1.0796070379e-19
3.7171374071e-02 1.2742749857e-05 1.4911289708e-19
4.1216557790e-02 1.2742749857e-05 1.9209702553e-19
4.5701959599e-02 1.2742749857e-05 2.2866693938e-19
5.0675486338e-02 1.2742749857e-05 2.4825292495e-19
5.6190258320e-02 1.2742749857e-05 2.4177749174e-19
6.2305176688e-02 1.2742749857e-05 2.0596429646e-19
6.9085552518e-02 1.2742749857e-05 1.4716291312e-19
7.6603804377e-02 1.2742749857e-05 8.1990840371e-20
8.4940231802e-02 1.2742749857e-05 3.1634709464e-20
9.4183872945e-02 1.2742749857e-05 7.0194945025e-21
1.0443345556e-01 1.2742749857e-05 6.7254916887e-22
1.1579845146e-01 1.2742749857e-05 1.7986922556e-23
1.2840024578e-01 1.2742749857e-05 6.9584291836e-26
1.4237343339e-01 1.2742749857e-05 1.4406578435e-29
1.5786725650e-01 1.2742749857e-05 3.6882289485e-35
1.7504719864e-01 1.2742749857e-05 1.1980991754e-43
1.9409675211e-01 1.2742749857e-05 1.6875302307e-56
2.1521937781e-01 1.2742749857e-05 5.7607823547e-76
2.3864067833e-01 1.2742749857e-05 2.5792384506e-105
2.6461080752e-01 1.2742749857e-05 1.0902981360e-149
2.9340714225e-01 1.2742749857e-05 9.8905239633e-217
3.2533724503e-01 1.2742749857e-05 4.4652220281e-318
3.6074214893e-01 1.2742749857e-05 1.0000000000e-300
4.0000000000e-01 1.2742749857e-05 1.0000000000e-300
2.0000000000e-02 2.3357214691e-05 3.2721802969e-20
2.2176504808e-02 2.3357214691e-05 5.7069660028e-20
2.4589868274e-02 2.3357214691e-05 9.6818561947e-20
2.7265866600e-02 2.3357214691e-05 1.5824874065e-19
3.0233081086e-02 2.3357214691e-05 2.4651351059e-19
3.3523203403e-02 2.3357214691e-05 3.6272834681e-19
3.7171374071e-02 2.3357214691e-05 5.0099223832e-19
4.1216557790e-02 2.3357214691e-05 6.4541109912e-19
4.5701959599e-02 2.3357214691e-05 7.6827936439e-19
5.0675486338e-02 2.3357214691e-05 8.3408471686e-19
5.6190258320e-02 2.3357214691e-05 8.1232843795e-19
6.2305176688e-02 2.3357214691e-05 6.9200260957e-19
6.9085552518e-02 2.3357214691e-05 4.9444064657e-19
7.6603804377e-02 2.3357214691e-05 2.7547432479e-19
8.4940231802e-02 2.3357214691e-05 1.0628687534e-19
9.4183872945e-02 2.3357214691e-05 2.3584225990e-20
1.0443345556e-01 2.3357214691e-05 2.2596429960e-21
1.1579845146e-01 2.3357214691e-05 6.0432791318e-23
1.2840024578e-01 2.3357214691e-05 2.3379057615e-25
1.4237343339e-01 2.3357214691e-05 4.8403485668e-29
1.5786725650e-01 2.3357214691e-05 1.2391779065e-34
1.7504719864e-01 2.3357214691e-05 4.0253955184e-43
1.9409675211e-01 2.3357214691e-05 5.6697949276e-56
2.1521937781e-01 2.3357214691e-05 1.9355181898e-75
2.3864067833e-01 2.3357214691e-05 8.6657725111e-105
2.6461080752e-01 2.3357214691e-05 3.6632036150e-149
2.9340714225e-01 2.3357214691e-05 3.3230363273e-216
3.2533724503e-01 2.3357214691e-05 1.5002446615e-317
3.6074214893e-01 2.3357214691e-05 1.0000000000e-300
4.0000000000e-01 2.3357214691e-05 1.0000000000e-300
2.0000000000e-02 4.2813323987e-05 1.0993931197e-19
2.2176504808e-02 4.2813323987e-05 1.9174368735e-19
2.4589868274e-02 4.2813323987e-05 3.2529277488e-19
2.7265866600e-02 4.2813323987e-05 5.3168701263e-19
3.0233081086e-02 4.2813323987e-05 8.2824060070e-19
3.3523203403e-02 4.2813323987e-05 1.2187013326e-18
3.7171374071e-02 4.2813323987e-05 1.6832428836e-18
4.1216557790e-02 4.2813323987e-05 2.1684640130e-18
4.5701959599e-02 4.2813323987e-05 2.5812790575e-18
5.0675486338e-02 4.2813323987e-05 2.8023730840e-18
5.6190258320e-02 4.2813323987e-05 2.7292759403e-18
6.2305176688e-02 4.2813323987e-05 2.3250030218e-18
6.9085552518e-02 4.2813323987e-05 1.6612307258e-18
7.6603804377e-02 4.2813323987e-05 9.2554367382e-19
8.4940231802e-02 4.2813323987e-05 3.5710458736e-19
9.4183872945e-02 4.2813323987e-05 7.9238713749e-20
1.0443345556e-01 4.2813323987e-05 7.5919898584e-21
1.1579845146e-01 4.2813323987e-05 2.0304319736e-22
1.2840024578e-01 4.2813323987e-05 7.8549385290e-25
1.4237343339e-01 4.2813323987e-05 1.6262691627e-28
1.5786725650e-01 4.2813323987e-05 4.1634125902e-34
1.7504719864e-01 4.2813323987e-05 1.3524597472e-42
1.9409675211e-01 4.2813323987e-05 1.9049480677e-55
2.1521937781e-01 4.2813323987e-05 6.5029894077e-75
2.3864067833e-01 4.2813323987e-05 2.9115420948e-104
2.6461080752e-01 4.2813323987e-05 1.2307698492e-148
2.9340714225e-01 4.2813323987e-05 1.1164798218e-215
3.2533724503e-01 4.2813323987e-05 5.0405669074e-317
3.6074214893e-01 4.2813323987e-05 1.0000000000e-300
4.0000000000e-01 4.2813323987e-05 1.0000000000e-300
2.0000000000e-02 7.8475997035e-05 3.6937611075e-19
2.2176504808e-02 7.8475997035e-05 6.4422394705e-19
2.4589868274e-02 7.8475997035e-05 1.0929246134e-18
2.7265866600e-02 7.8475997035e-05 1.7863717476e-18
3.0233081086e-02 7.8475997035e-05 2.7827379157e-18
3.3523203403e-02 7.8475997035e-05 4.0946150227e-18
3.7171374071e-02 7.8475997035e-05 5.6553902205e-18
4.1216557790e-02 7.8475997035e-05 7.2856450440e-18
4.5701959599e-02 7.8475997035e-05 8.6726285792e-18
5.0675486338e-02 7.8475997035e-05 9.4154643327e-18
5.6190258320e-02 7.8475997035e-05 9.1698712125e-18
6.2305176688e-02 7.8475997035e-05 7.8115876683e-18
6.9085552518e-02 7.8475997035e-05 5.5814333704e-18
7.6603804377e-02 7.8475997035e-05 3.1096585601e-18
8.4940231802e-02 7.8475997035e-05 1.1998065227e-18
9.4183872945e-02 7.8475997035e-05 2.6622767944e-19
1.0443345556e-01 7.8475997035e-05 2.5507706355e-20
1.1579845146e-01 7.8475997035e-05 6.8218824740e-22
1.2840024578e-01 7.8475997035e-05 2.6391166108e-24
1.4237343339e-01 7.8475997035e-05 5.4639688711e-28
1.5786725650e-01 7.8475997035e-05 1.3988309754e-33
1.7504719864e-01 7.8475997035e-05 4.5440189901e-42
1.9409675211e-01 7.8475997035e-05 6.4002793524e-55
2.1521937781e-01 7.8475997035e-05 2.1848862727e-74
2.3864067833e-01 7.8475997035e-05 9.7822523713e-104
2.6461080752e-01 7.8475997035e-05 4.1351630455e-148
2.9340714225e-01 7.8475997035e-05 3.7511693217e-215
3.2533724503e-01 7.8475997035e-05 1.6935413238e-316
3.6074214893e-01 7.8475997035e-05 1.0000000000e-300
4.0000000000e-01 7.8475997035e-05 1.0000000000e-300
2.0000000000e-02 1.4384498883e-04 1.2410366114e-18
2.2176504808e-02 1.4384498883e-04 2.1644753978e-18
2.4589868274e-02 1.4384498883e-04 3.6720281018e-18
2.7265866600e-02 1.4384498883e-04 6.0018844638e-18
3.0233081086e-02 1.4384498883e-04 9.3494937351e-18
3.3523203403e-02 1.4384498883e-04 1.3757162428e-17
3.7171374071e-02 1.4384498883e-04 1.9001083479e-17
4.1216557790e-02 1.4384498883e-04 2.4478443446e-17
4.5701959599e-02 1.4384498883e-04 2.9138456091e-17
5.0675486338e-02 1.4384498883e-04 3.1634249239e-17
5.6190258320e-02 1.4384498883e-04 3.0809100983e-17
6.2305176688e-02 1.4384498883e-04 2.6245515093e-17
6.9085552518e-02 1.4384498883e-04 1.8752601901e-17
7.6603804377e-02 1.4384498883e-04 1.0447887694e-17
8.4940231802e-02 1.4384498883e-04 4.0311318951e-18
9.4183872945e-02 1.4384498883e-04 8.9447662569e-19
1.0443345556e-01 1.4384498883e-04 8.5701258254e-20
1.1579845146e-01 1.4384498883e-04 2.2920285483e-21
1.2840024578e-01 1.4384498883e-04 8.8669522484e-24
1.4237343339e-01 1.4384498883e-04 1.8357942529e-27
1.5786725650e-01 1.4384498883e-04 4.6998178906e-33
1.7504719864e-01 1.4384498883e-04 1.5267078096e-41
1.9409675211e-01 1.4384498883e-04 2.1503775605e-54
2.1521937781e-01 1.4384498883e-04 7.3408208526e-74
2.3864067833e-01 1.4384498883e-04 3.2866590398e-103
2.6461080752e-01 1.4384498883e-04 1.3893396417e-147
2.9340714225e-01 1.4384498883e-04 1.2603247282e-214
3.2533724503e-01 1.4384498883e-04 1.0832665962e-317
3.6074214893e-01 1.4384498883e-04 1.0000000000e-300
4.0000000000e-01 1.4384498883e-04 1.0000000000e-300
2.0000000000e-02 2.6366508987e-04 4.1696575010e-18
2.2176504808e-02 2.6366508987e-04 7.2722440216e-18
2.4589868274e-02 2.6366508987e-04 1.2337347164e-17
2.7265866600e-02 2.6366508987e-04 2.0165241173e-17
3.0233081086e-02 2.6366508987e-04 3.1412600019e-17
3.3523203403e-02 2.6366508987e-04 4.6221565895e-17
3.7171374071e-02 2.6366508987e-04 6.3840187732e-17
4.1216557790e-02 2.6366508987e-04 8.2243121911e-17
4.5701959599e-02 2.6366508987e-04 9.7899917608e-17
5.0675486338e-02 2.6366508987e-04 1.0628532907e-16
5.6190258320e-02 2.6366508987e-04 1.0351298087e-16
6.2305176688e-02 2.6366508987e-04 8.8180161542e-17
6.9085552518e-02 2.6366508987e-04 6.3005334784e-17
7.6603804377e-02 2.6366508987e-04 3.5103004128e-17
8.4940231802e-02 2.6366508987e-04 1.3543870655e-17
9.4183872945e-02 2.6366508987e-04 3.0052789236e-18
1.0443345556e-01 2.6366508987e-04 2.8794065464e-19
1.1579845146e-01 2.6366508987e-04 7.7007994292e-21
1.2840024578e-01 2.6366508987e-04 2.9791348308e-23
1.4237343339e-01 2.6366508987e-04 6.1679351007e-27
1.5786725650e-01 2.6366508987e-04 1.5790534091e-32
1.7504719864e-01 2.6366508987e-04 5.1294608166e-41
1.9409675211e-01 2.6366508987e-04 7.2248778503e-54
2.1521937781e-01 2.6366508987e-04 2.4663824137e-73
2.3864067833e-01 2.6366508987e-04 1.1042577143e-102
2.6461080752e-01 2.6366508987e-04 4.6679287341e-147
2.9340714225e-01 2.6366508987e-04 4.2344620685e-214
3.2533724503e-01 2.6366508987e-04 1.9117343195e-315
3.6074214893e-01 2.6366508987e-04 1.0000000000e-300
4.0000000000e-01 2.6366508987e-04 1.0000000000e-300
2.0000000000e-02 4.8329302386e-04 1.4009291519e-17
2.2176504808e-02 4.8329302386e-04 2.4433418446e-17
2.4589868274e-02 4.8329302386e-04 4.1451244606e-17
2.7265866600e-02 4.8329302386e-04 6.7751546042e-17
3.0233081086e-02 4.8329302386e-04 1.0554062796e-16
3.3523203403e-02 4.8329302386e-04 1.5529606231e-16
3.7171374071e-02 4.8329302386e-04 2.1449143014e-16
4.1216557790e-02 4.8329302386e-04 2.7632194492e-16
4.5701959599e-02 4.8329302386e-04 3.2892593340e-16
5.0675486338e-02 4.8329302386e-04 3.5709939216e-16
5.6190258320e-02 4.8329302386e-04 3.4778480598e-16
6.2305176688e-02 4.8329302386e-04 2.9626931924e-16
6.9085552518e-02 4.8329302386e-04 2.1168647594e-16
7.6603804377e-02 4.8329302386e-04 1.1793971517e-16
8.4940231802e-02 4.8329302386e-04 4.5504944295e-17
9.4183872945e-02 4.8329302386e-04 1.0097191083e-17
1.0443345556e-01 4.8329302386e-04 9.6742827682e-19
1.1579845146e-01 4.8329302386e-04 2.5873286741e-20
1.2840024578e-01 4.8329302386e-04 1.0009351682e-22
1.4237343339e-01 4.8329302386e-04 2.0723141140e-26
1.5786725650e-01 4.8329302386e-04 5.3053325189e-32
1.7504719864e-01 4.8329302386e-04 1.7234056250e-40
1.9409675211e-01 4.8329302386e-04 2.4274276718e-53
2.1521937781e-01 4.8329302386e-04 8.2865967345e-73
2.3864067833e-01 4.8329302386e-04 3.7101052612e-102
2.6461080752e-01 4.8329302386e-04 1.5683392320e-146
2.9340714225e-01 4.8329302386e-04 1.4227023090e-213
3.2533724503e-01 4.8329302386e-04 6.4230798707e-315
3.6074214893e-01 4.8329302386e-04 1.0000000000e-300
4.0000000000e-01 4.8329302386e-04 1.0000000000e-300
2.0000000000e-02 8.8586679041e-04 4.7068673825e-17
2.2176504808e-02 8.8586679041e-04 8.2091846092e-17
2.4589868274e-02 8.8586679041e-04 1.3926864962e-16
2.7265866600e-02 8.8586679041e-04 2.2763288332e-16
3.0233081086e-02 8.8586679041e-04 3.5459733177e-16
3.3523203403e-02 8.8586679041e-04 5.2176654995e-16
3.7171374071e-02 8.8586679041e-04 7.2065222924e-16
4.1216557790e-02 8.8586679041e-04 9.2839152343e-16
4.5701959599e-02 8.8586679041e-04 1.1051313659e-15
5.0675486338e-02 8.8586679041e-04 1.1997890678e-15
5.6190258320e-02 8.8586679041e-04 1.1684937508e-15
6.2305176688e-02 8.8586679041e-04 9.9541107643e-16
6.9085552518e-02 8.8586679041e-04 7.1122809282e-16
7.6603804377e-02 8.8586679041e-04 3.9625601172e-16
8.4940231802e-02 8.8586679041e-04 1.5288834396e-16
9.4183872945e-02 8.8586679041e-04 3.3924727241e-17
1.0443345556e-01 8.8586679041e-04 3.2503832151e-18
1.1579845146e-01 8.8586679041e-04 8.6929541920e-20
1.2840024578e-01 8.8586679041e-04 3.3629602814e-22
1.4237343339e-01 8.8586679041e-04 6.9625988552e-26
1.5786725650e-01 8.8586679041e-04 1.7824953212e-31
1.7504719864e-01 8.8586679041e-04 5.7903297337e-40
1.9409675211e-01 8.8586679041e-04 8.1557158802e-53
2.1521937781e-01 8.8586679041e-04 2.7841459240e-72
2.3864067833e-01 8.8586679041e-04 1.2465279501e-101
2.6461080752e-01 8.8586679041e-04 5.2693348307e-146
2.9340714225e-01 8.8586679041e-04 4.7800212338e-213
3.2533724503e-01 8.8586679041e-04 2.1580381298e-314
3.6074214893e-01 8.8586679041e-04 1.0000000000e-300
4.0000000000e-01 8.8586679041e-04 1.0000000000e-300
2.0000000000e-02 1.6237767392e-03 1.5814219103e-16
2.2176504808e-02 1.6237767392e-03 2.7581368565e-16
2.4589868274e-02 1.6237767392e-03 4.6791735569e-16
2.7265866600e-02 1.6237767392e-03 7.6480512392e-16
3.0233081086e-02 1.6237767392e-03 1.1913825996e-15
3.3523203403e-02 1.6237767392e-03 1.7530407957e-15
3.7171374071e-02 1.6237767392e-03 2.4212605379e-15
4.1216557790e-02 1.6237767392e-03 3.1192268173e-15
4.5701959599e-02 1.6237767392e-03 3.7130405718e-15
5.0675486338e-02 1.6237767392e-03 4.0310732496e-15
5.6190258320e-02 1.6237767392e-03 3.9259266714e-15
6.2305176688e-02 1.6237767392e-03 3.3444003370e-15
6.9085552518e-02 1.6237767392e-03 2.3895971520e-15
7.6603804377e-02 1.6237767392e-03 1.3313481942e-15
8.4940231802e-02 1.6237767392e-03 5.1367705379e-16
9.4183872945e-02 1.6237767392e-03 1.1398091894e-16
1.0443345556e-01 1.6237767392e-03 1.0920696964e-17
1.1579845146e-01 1.6237767392e-03 2.9206746456e-19
1.2840024578e-01 1.6237767392e-03 1.1298935450e-21
1.4237343339e-01 1.6237767392e-03 2.3393066954e-25
1.5786725650e-01 1.6237767392e-03 5.9888603753e-31
1.7504719864e-01 1.6237767392e-03 1.9454455723e-39
1.9409675211e-01 1.6237767392e-03 2.7401723352e-52
2.1521937781e-01 1.6237767392e-03 9.3542243870e-72
2.3864067833e-01 1.6237767392e-03 4.1881074010e-101
2.6461080752e-01 1.6237767392e-03 1.7704007521e-145
2.9340714225e-01 1.6237767392e-03 1.6060002750e-212
3.2533724503e-01 1.6237767392e-03 7.2506159942e-314
3.6074214893e-01 1.6237767392e-03 1.0000000000e-300
4.0000000000e-01 1.6237767392e-03 1.0000000000e-300
2.0000000000e-02 2.9763514416e-03 5.3132902525e-16
2.2176504808e-02 2.9763514416e-03 9.2668386467e-16
2.4589868274e-02 2.9763514416e-03 1.5721172881e-15
2.7265866600e-02 2.9763514416e-03 2.5696062408e-15
3.0233081086e-02 2.9763514416e-03 4.0028290440e-15
3.3523203403e-02 2.9763514416e-03 5.8898985219e-15
3.7171374071e-02 2.9763514416e-03 8.1349954310e-15
4.1216557790e-02 2.9763514416e-03 1.0480035300e-14
4.5701959599e-02 2.9763514416e-03 1.2475141611e-14
5.0675486338e-02 2.9763514416e-03 1.3543673618e-14
5.6190258320e-02 2.9763514416e-03 1.3190400221e-14
6.2305176688e-02 2.9763514416e-03 1.1236577409e-14
6.9085552518e-02 2.9763514416e-03 8.0286122081e-15
7.6603804377e-02 2.9763514416e-03 4.4730880083e-15
8.4940231802e-02 2.9763514416e-03 1.7258615586e-15
9.4183872945e-02 2.9763514416e-03 3.8295517574e-16
1.0443345556e-01 2.9763514416e-03 3.6691557357e-17
1.1579845146e-01 2.9763514416e-03 9.8129360826e-19
1.2840024578e-01 2.9763514416e-03 3.7962369939e-21
1.4237343339e-01 2.9763514416e-03 7.8596454123e-25
1.5786725650e-01 2.9763514416e-03 2.0121482603e-30
1.7504719864e-01 2.9763514416e-03 6.5363436087e-39
1.9409675211e-01 2.9763514416e-03 9.2064811194e-52
2.1521937781e-01 2.9763514416e-03 3.1428494150e-71
2.3864067833e-01 2.9763514416e-03 1.4071279831e-100
2.6461080752e-01 2.9763514416e-03 5.9482248209e-145
2.9340714225e-01 2.9763514416e-03 5.3958690917e-212
3.2533724503e-01 2.9763514416e-03 2.4360752207e-313
3.6074214893e-01 2.9763514416e-03 1.0000000000e-300
4.0000000000e-01 2.9763514416e-03 1.0000000000e-300
2.0000000000e-02 5.4555947812e-03 1.7851689751e-15
2.2176504808e-02 5.4555947812e-03 3.1134893941e-15
2.4589868274e-02 5.4555947812e-03 5.2820284128e-15
2.7265866600e-02 5.4555947812e-03 8.6334100364e-15
3.0233081086e-02 5.4555947812e-03 1.3448778219e-14
3.3523203403e-02 5.4555947812e-03 1.9788988758e-14
3.7171374071e-02 5.4555947812e-03 2.7332106408e-14
4.1216557790e-02 5.4555947812e-03 3.5211014241e-14
4.5701959599e-02 5.4555947812e-03 4.1914208909e-14
5.0675486338e-02 5.4555947812e-03 4.5504282284e-14
5.6190258320e-02 5.4555947812e-03 4.4317347867e-14
6.2305176688e-02 5.4555947812e-03 3.7752858253e-14
6.9085552518e-02 5.4555947812e-03 2.6974678110e-14
7.6603804377e-02 5.4555947812e-03 1.5028762887e-14
8.4940231802e-02 5.4555947812e-03 5.7985812241e-15
9.4183872945e-02 5.4555947812e-03 1.2866598023e-15
1.0443345556e-01 5.4555947812e-03 1.2327696536e-16
1.1579845146e-01 5.4555947812e-03 3.2969682092e-18
1.2840024578e-01 5.4555947812e-03 1.2754666471e-20
1.4237343339e-01 5.4555947812e-03 2.6406980380e-24
1.5786725650e-01 5.4555947812e-03 6.7604525197e-30
1.7504719864e-01 5.4555947812e-03 2.1960926782e-38
1.9409675211e-01 5.4555947812e-03 3.0932103617e-51
2.1521937781e-01 5.4555947812e-03 1.0559402935e-70
2.3864067833e-01 5.4555947812e-03 4.7276943286e-100
2.6461080752e-01 5.4555947812e-03 1.9984954524e-144
2.9340714225e-01 5.4555947812e-03 1.8129139645e-211
3.2533724503e-01 5.4555947812e-03 8.1847700750e-313
3.6074214893e-01 5.4555947812e-03 1.0000000000e-300
4.0000000000e-01 5.4555947812e-03 1.0000000000e-300
2.0000000000e-02 1.0000000000e-02 3.8074518029e-14
2.2176504808e-02 1.0000000000e-02 1.0460758601e-14
2.4589868274e-02 1.0000000000e-02 1.7746655650e-14
2.7265866600e-02 1.0000000000e-02 2.9006688913e-14
3.0233081086e-02 1.0000000000e-02 4.5185450988e-14
3.3523203403e-02 1.0000000000e-02 6.6487406298e-14
3.7171374071e-02 1.0000000000e-02 9.1830910912e-14
4.1216557790e-02 1.0000000000e-02 1.1830260952e-13
4.5701959599e-02 1.0000000000e-02 1.4082412555e-13
5.0675486338e-02 1.0000000000e-02 1.5288611972e-13
5.6190258320e-02 1.0000000000e-02 1.4889823576e-13
6.2305176688e-02 1.0000000000e-02 1.2684274352e-13
6.9085552518e-02 1.0000000000e-02 9.0630016781e-14
7.6603804377e-02 1.0000000000e-02 5.0493912366e-14
8.4940231802e-02 1.0000000000e-02 1.9482179231e-14
9.4183872945e-02 1.0000000000e-02 4.3229431320e-15
1.0443345556e-01 1.0000000000e-02 4.1418820250e-16
1.1579845146e-01 1.0000000000e-02 1.1077214079e-17
1.2840024578e-01 1.0000000000e-02 4.2853361645e-20
1.4237343339e-01 1.0000000000e-02 8.8722655566e-24
1.5786725650e-01 1.0000000000e-02 2.2713891999e-29
1.7504719864e-01 1.0000000000e-02 7.3784723386e-38
1.9409675211e-01 1.0000000000e-02 1.0392624737e-50
2.1521937781e-01 1.0000000000e-02 3.5477675075e-70
2.3864067833e-01 1.0000000000e-02 1.5884193857e-99
2.6461080752e-01 1.0000000000e-02 6.7145815661e-144
2.9340714225e-01 1.0000000000e-02 6.0910614893e-211
3.2533724503e-01 1.0000000000e-02 2.7499340167e-312
3.6074214893e-01 1.0000000000e-02 1.0000000000e-300
4.0000000000e-01 1.0000000000e-02 1.0000000000e-300
