2.0000000000e-02 1.0000000000e-07 4.2306902543e-24
2.2176504808e-02 1.0000000000e-07 7.8300367474e-24
2.4589868274e-02 1.0000000000e-07 1.4448568626e-23
2.7265866600e-02 1.0000000000e-07 2.6563087649e-23
3.0233081086e-02 1.0000000000e-07 4.8520255147e-23
3.3523203403e-02 1.0000000000e-07 8.7802917927e-23
3.7171374071e-02 1.0000000000e-07 1.5663471453e-22
4.1216557790e-02 1.0000000000e-07 2.7404413221e-22
4.5701959599e-02 1.0000000000e-07 4.6852177389e-22
5.0675486338e-02 1.0000000000e-07 7.8104166017e-22
5.6190258320e-02 1.0000000000e-07 1.2701363699e-21
6.2305176688e-02 1.0000000000e-07 2.0096587971e-21
6.9085552518e-02 1.0000000000e-07 3.0733119639e-21
7.6603804377e-02 1.0000000000e-07 4.5079947062e-21
8.4940231802e-02 1.0000000000e-07 6.3014928640e-21
9.4183872945e-02 1.0000000000e-07 8.3393095258e-21
1.0443345556e-01 1.0000000000e-07 1.0353028008e-20
1.1579845146e-01 1.0000000000e-07 1.1898235100e-20
1.2840024578e-01 1.0000000000e-07 1.2407867703e-20
1.4237343339e-01 1.0000000000e-07 1.1407232239e-20
1.5786725650e-01 1.0000000000e-07 8.8247848945e-21
1.7504719864e-01 1.0000000000e-07 5.3446078643e-21
1.9409675211e-01 1.0000000000e-07 2.2424049039e-21
2.1521937781e-01 1.0000000000e-07 5.3208549080e-22
2.3864067833e-01 1.0000000000e-07 5.3432790064e-23
2.6461080752e-01 1.0000000000e-07 1.3750856246e-24
2.9340714225e-01 1.0000000000e-07 3.7257034299e-27
3.2533724503e-01 1.0000000000e-07 2.4124930417e-31
3.6074214893e-01 1.0000000000e-07 2.9164935247e-38
4.0000000000e-01 1.0000000000e-07 9.6733246722e-50
2.0000000000e-02 1.8329807108e-07 1.4214350480e-23
2.2176504808e-02 1.8329807108e-07 2.6307500646e-23
2.4589868274e-02 1.8329807108e-07 4.8544565080e-23
2.7265866600e-02 1.8329807108e-07 8.9247147623e-23
3.0233081086e-02 1.8329807108e-07 1.6301924050e-22
3.3523203403e-02 1.8329807108e-07 2.9500184924e-22
3.7171374071e-02 1.8329807108e-07 5.2626417816e-22
4.1216557790e-02 1.8329807108e-07 9.2073848663e-22
4.5701959599e-02 1.8329807108e-07 1.5741480234e-21
5.0675486338e-02 1.8329807108e-07 2.6241580522e-21
5.6190258320e-02 1.8329807108e-07 4.2674274017e-21
6.2305176688e-02 1.8329807108e-07 6.7520883757e-21
6.9085552518e-02 1.8329807108e-07 1.0325769736e-20
7.6603804377e-02 1.8329807108e-07 1.5146043048e-20
8.4940231802e-02 1.8329807108e-07 2.1171870955e-20
9.4183872945e-02 1.8329807108e-07 2.8018564640e-20
1.0443345556e-01 1.8329807108e-07 3.4784292819e-20
1.1579845146e-01 1.8329807108e-07 3.9975907864e-20
1.2840024578e-01 1.8329807108e-07 4.1688180801e-20
1.4237343339e-01 1.8329807108e-07 3.8326227473e-20
1.5786725650e-01 1.8329807108e-07 2.9649673661e-20
1.7504719864e-01 1.8329807108e-07 1.7956911236e-20
1.9409675211e-01 1.8329807108e-07 7.5340730015e-21
2.1521937781e-01 1.8329807108e-07 1.7877105618e-21
2.3864067833e-01 1.8329807108e-07 1.7952446514e-22
2.6461080752e-01 1.8329807108e-07 4.6200378267e-24
2.9340714225e-01 1.8329807108e-07 1.2517686513e-26
3.2533724503e-01 1.8329807108e-07 8.1055382372e-31
3.6074214893e-01 1.8329807108e-07 9.7988882760e-38
4.0000000000e-01 1.8329807108e-07 3.2500613123e-49
2.0000000000e-02 3.3598182863e-07 4.7757634670e-23
2.2176504808e-02 3.3598182863e-07 8.8388421738e-23
2.4589868274e-02 3.3598182863e-07 1.6310091745e-22
2.7265866600e-02 3.3598182863e-07 2.9985419858e-22
3.0233081086e-02 3.3598182863e-07 5.4771502524e-22
3.3523203403e-02 3.3598182863e-07 9.9115260756e-22
3.7171374071e-02 3.3598182863e-07 1.7681520092e-21
4.1216557790e-02 3.3598182863e-07 3.0935140043e-21
4.5701959599e-02 3.3598182863e-07 5.2888513145e-21
5.0675486338e-02 3.3598182863e-07 8.8166942098e-21
5.6190258320e-02 3.3598182863e-07 1.4337780620e-20
6.2305176688e-02 3.3598182863e-07 2.2685789995e-20
6.9085552518e-02 3.3598182863e-07 3.4692709978e-20
7.6603804377e-02 3.3598182863e-07 5.0887952398e-20
8.4940231802e-02 3.3598182863e-07 7.1133639191e-20
9.4183872945e-02 3.3598182863e-07 9.4137285832e-20
1.0443345556e-01 3.3598182863e-07 1.1686890309e-19
1.1579845146e-01 3.3598182863e-07 1.3431178625e-19
1.2840024578e-01 3.3598182863e-07 1.4006471218e-19
1.4237343339e-01 3.3598182863e-07 1.2876915991e-19
1.5786725650e-01 3.3598182863e-07 9.9617515749e-20
1.7504719864e-01 3.3598182863e-07 6.0331958735e-20
1.9409675211e-01 3.3598182863e-07 2.5313116241e-20
2.1521937781e-01 3.3598182863e-07 6.0063826363e-21
2.3864067833e-01 3.3598182863e-07 6.0316958082e-22
2.6461080752e-01 3.3598182863e-07 1.5522487573e-23
2.9340714225e-01 3.3598182863e-07 4.2057152049e-26
3.2533724503e-01 3.3598182863e-07 2.7233135589e-30
3.6074214893e-01 3.3598182863e-07 3.2922484015e-37
4.0000000000e-01 3.3598182863e-07 1.0919615429e-48
2.0000000000e-02 6.1584821107e-07 1.6045697427e-22
2.2176504808e-02 6.1584821107e-07 2.9696903565e-22
2.4589868274e-02 6.1584821107e-07 5.4798944497e-22
2.7265866600e-02 6.1584821107e-07 1.0074556196e-21
3.0233081086e-02 6.1584821107e-07 1.8402229575e-21
3.3523203403e-02 6.1584821107e-07 3.3300926554e-21
3.7171374071e-02 6.1584821107e-07 5.9406694534e-21
4.1216557790e-02 6.1584821107e-07 1.0393644920e-20
4.5701959599e-02 6.1584821107e-07 1.7769579360e-20
5.0675486338e-02 6.1584821107e-07 2.9622490431e-20
5.6190258320e-02 6.1584821107e-07 4.8172337511e-20
6.2305176688e-02 6.1584821107e-07 7.6220132065e-20
6.9085552518e-02 6.1584821107e-07 1.1656120139e-19
7.6603804377e-02 6.1584821107e-07 1.7097427302e-19
8.4940231802e-02 6.1584821107e-07 2.3899610172e-19
9.4183872945e-02 6.1584821107e-07 3.1628417436e-19
1.0443345556e-01 6.1584821107e-07 3.9265827770e-19
1.1579845146e-01 6.1584821107e-07 4.5126319551e-19
1.2840024578e-01 6.1584821107e-07 4.7059198124e-19
1.4237343339e-01 6.1584821107e-07 4.3264097816e-19
1.5786725650e-01 6.1584821107e-07 3.3469675105e-19
1.7504719864e-01 6.1584821107e-07 2.0270441820e-19
1.9409675211e-01 6.1584821107e-07 8.5047470828e-20
2.1521937781e-01 6.1584821107e-07 2.0180354216e-20
2.3864067833e-01 6.1584821107e-07 2.0265401874e-21
2.6461080752e-01 6.1584821107e-07 5.2152737598e-23
2.9340714225e-01 6.1584821107e-07 1.4130438852e-25
3.2533724503e-01 6.1584821107e-07 9.1498386946e-30
3.6074214893e-01 6.1584821107e-07 1.1061356382e-36
4.0000000000e-01 6.1584821107e-07 3.6687923596e-48
2.0000000000e-02 1.1288378917e-06 5.3910627633e-22
2.2176504808e-02 1.1288378917e-06 9.9776199644e-22
2.4589868274e-02 1.1288378917e-06 1.8411449579e-21
2.7265866600e-02 1.1288378917e-06 3.3848678134e-21
3.0233081086e-02 1.1288378917e-06 6.1828147434e-21
3.3523203403e-02 1.1288378917e-06 1.1188506199e-20
3.7171374071e-02 1.1288378917e-06 1.9959569862e-20
4.1216557790e-02 1.1288378917e-06 3.4920758265e-20
4.5701959599e-02 1.1288378917e-06 5.9702557672e-20
5.0675486338e-02 1.1288378917e-06 9.9526185034e-20
5.6190258320e-02 1.1288378917e-06 1.6185030046e-19
6.2305176688e-02 1.1288378917e-06 2.5608579349e-19
6.9085552518e-02 1.1288378917e-06 3.9162445589e-19
7.6603804377e-02 1.1288378917e-06 5.7444248897e-19
8.4940231802e-02 1.1288378917e-06 8.0298347292e-19
9.4183872945e-02 1.1288378917e-06 1.0626573527e-18
1.0443345556e-01 1.1288378917e-06 1.3192604617e-18
1.1579845146e-01 1.1288378917e-06 1.5161623362e-18
1.2840024578e-01 1.1288378917e-06 1.5811035439e-18
1.4237343339e-01 1.1288378917e-06 1.4535950698e-18
1.5786725650e-01 1.1288378917e-06 1.1245202645e-18
1.7504719864e-01 1.1288378917e-06 6.8105001099e-19
1.9409675211e-01 1.1288378917e-06 2.8574404769e-19
2.1521937781e-01 1.1288378917e-06 6.7802323118e-20
2.3864067833e-01 1.1288378917e-06 6.8088067795e-21
2.6461080752e-01 1.1288378917e-06 1.7522372146e-22
2.9340714225e-01 1.1288378917e-06 4.7475706849e-25
3.2533724503e-01 1.1288378917e-06 3.0741795363e-29
3.6074214893e-01 1.1288378917e-06 3.7164147445e-36
4.0000000000e-01 1.1288378917e-06 1.2326475658e-47
2.0000000000e-02 2.0691380811e-06 1.8112991255e-21
2.2176504808e-02 2.0691380811e-06 3.3522990010e-21
2.4589868274e-02 2.0691380811e-06 6.1859124973e-21
2.7265866600e-02 2.0691380811e-06 1.1372540776e-20
3.0233081086e-02 2.0691380811e-06 2.0773134036e-20
3.3523203403e-02 2.0691380811e-06 3.7280502930e-20
3.7171374071e-02 2.0691380811e-06 6.7060527810e-20
4.1216557790e-02 2.0691380811e-06 1.1732740219e-19
4.5701959599e-02 2.0691380811e-06 2.0058974501e-19
5.0675486338e-02 2.0691380811e-06 3.3438989644e-19
5.6190258320e-02 2.0691380811e-06 5.4378759913e-19
6.2305176688e-02 2.0691380811e-06 8.6040173184e-19
6.9085552518e-02 2.0691380811e-06 1.3157870083e-18
7.6603804377e-02 2.0691380811e-06 1.9300223789e-18
8.4940231802e-02 2.0691380811e-06 2.6978785559e-18
9.4183872945e-02 2.0691380811e-06 3.5703356056e-18
1.0443345556e-01 2.0691380811e-06 4.4324754235e-18
1.1579845146e-01 2.0691380811e-06 5.0940299422e-18
1.2840024578e-01 2.0691380811e-06 5.3122205995e-18
1.4237343339e-01 2.0691380811e-06 4.8838152965e-18
1.5786725650e-01 2.0691380811e-06 3.7781837481e-18
1.7504719864e-01 2.0691380811e-06 2.2882042808e-18
1.9409675211e-01 2.0691380811e-06 9.6004807663e-19
2.1521937781e-01 2.0691380811e-06 2.2780348506e-19
2.3864067833e-01 2.0691380811e-06 2.2876353525e-20
2.6461080752e-01 2.0691380811e-06 5.8871986355e-22
2.9340714225e-01 2.0691380811e-06 1.5950974803e-24
3.2533724503e-01 2.0691380811e-06 1.0328684621e-28
3.6074214893e-01 2.0691380811e-06 1.2486478218e-35
4.0000000000e-01 2.0691380811e-06 4.1414718323e-47
2.0000000000e-02 3.7926901907e-06 6.0856359237e-21
2.2176504808e-02 3.7926901907e-06 1.1263115485e-20
2.4589868274e-02 3.7926901907e-06 2.0783541926e-20
2.7265866600e-02 3.7926901907e-06 3.8209670461e-20
3.0233081086e-02 3.7926901907e-06 6.9793955596e-20
3.3523203403e-02 3.7926901907e-06 1.2630009748e-19
3.7171374071e-02 3.7926901907e-06 2.2531118762e-19
4.1216557790e-02 3.7926901907e-06 3.9419875136e-19
4.5701959599e-02 3.7926901907e-06 6.7394509331e-19
5.0675486338e-02 3.7926901907e-06 1.1234892888e-18
5.6190258320e-02 3.7926901907e-06 1.8270275194e-18
6.2305176688e-02 3.7926901907e-06 2.8907934722e-18
6.9085552518e-02 3.7926901907e-06 4.4208052512e-18
7.6603804377e-02 3.7926901907e-06 6.4845244815e-18
8.4940231802e-02 3.7926901907e-06 9.0643817063e-18
9.4183872945e-02 3.7926901907e-06 1.1995678856e-17
1.0443345556e-01 3.7926901907e-06 1.4892311981e-17
1.1579845146e-01 3.7926901907e-06 1.7115014951e-17
1.2840024578e-01 3.7926901907e-06 1.7848095911e-17
1.4237343339e-01 3.7926901907e-06 1.6408731940e-17
1.5786725650e-01 3.7926901907e-06 1.2694010846e-17
1.7504719864e-01 3.7926901907e-06 7.6879505854e-18
1.9409675211e-01 3.7926901907e-06 3.2255870836e-18
2.1521937781e-01 3.7926901907e-06 7.6537831480e-19
2.3864067833e-01 3.7926901907e-06 7.6860390898e-20
2.6461080752e-01 3.7926901907e-06 1.9779917631e-21
2.9340714225e-01 3.7926901907e-06 5.3592376826e-24
3.2533724503e-01 3.7926901907e-06 3.4702503464e-28
3.6074214893e-01 3.7926901907e-06 4.1952297848e-35
4.0000000000e-01 3.7926901907e-06 1.3914592794e-46
2.0000000000e-02 6.9519279618e-06 2.0446630860e-20
2.2176504808e-02 6.9519279618e-06 3.7842021366e-20
2.4589868274e-02 6.9519279618e-06 6.9828924216e-20
2.7265866600e-02 6.9519279618e-06 1.2837754953e-19
3.0233081086e-02 6.9519279618e-06 2.3449500828e-19
3.3523203403e-02 6.9519279618e-06 4.2434537708e-19
3.7171374071e-02 6.9519279618e-06 7.5700464829e-19
4.1216557790e-02 6.9519279618e-06 1.3244361732e-18
4.5701959599e-02 6.9519279618e-06 2.2643330485e-18
5.0675486338e-02 6.9519279618e-06 3.7747198570e-18
5.6190258320e-02 6.9519279618e-06 6.1384804693e-18
6.2305176688e-02 6.9519279618e-06 9.7125407697e-18
6.9085552518e-02 6.9519279618e-06 1.4853102323e-17
7.6603804377e-02 6.9519279618e-06 2.1786823931e-17
8.4940231802e-02 6.9519279618e-06 3.0454675411e-17
9.4183872945e-02 6.9519279618e-06 4.0303301176e-17
1.0443345556e-01 6.9519279618e-06 5.0035462120e-17
1.1579845146e-01 6.9519279618e-06 5.7503340201e-17
1.2840024578e-01 6.9519279618e-06 5.9966359017e-17
1.4237343339e-01 6.9519279618e-06 5.5130357626e-17
1.5786725650e-01 6.9519279618e-06 4.2649569766e-17
1.7504719864e-01 6.9519279618e-06 2.5830116961e-17
1.9409675211e-01 6.9519279618e-06 1.0837386467e-17
2.1521937781e-01 6.9519279618e-06 2.5715320580e-18
2.3864067833e-01 6.9519279618e-06 2.5823694683e-19
2.6461080752e-01 6.9519279618e-06 6.6456928957e-21
2.9340714225e-01 6.9519279618e-06 1.8006064766e-23
3.2533724503e-01 6.9519279618e-06 1.1659410572e-27
3.6074214893e-01 6.9519279618e-06 1.4095209746e-34
4.0000000000e-01 6.9519279618e-06 4.6750503316e-46
2.0000000000e-02 1.2742749857e-05 6.8696964256e-20
2.2176504808e-02 1.2742749857e-05 1.2714231537e-19
2.4589868274e-02 1.2742749857e-05 2.3461249649e-19
2.7265866600e-02 1.2742749857e-05 4.3132523845e-19
3.0233081086e-02 1.2742749857e-05 7.8786061687e-19
3.3523203403e-02 1.2742749857e-05 1.4257233576e-18
3.7171374071e-02 1.2742749857e-05 2.5433980601e-18
4.1216557790e-02 1.2742749857e-05 4.4498648739e-18
4.5701959599e-02 1.2742749857e-05 7.6077475824e-18
5.0675486338e-02 1.2742749857e-05 1.2682372801e-17
5.6190258320e-02 1.2742749857e-05 2.0624178931e-17
6.2305176688e-02 1.2742749857e-05 3.2632372084e-17
6.9085552518e-02 1.2742749857e-05 4.9903724793e-17
7.6603804377e-02 1.2742749857e-05 7.3199769442e-17
8.4940231802e-02 1.2742749857e-05 1.0232217535e-16
9.4183872945e-02 1.2742749857e-05 1.3541176829e-16
1.0443345556e-01 1.2742749857e-05 1.6811006059e-16
1.1579845146e-01 1.2742749857e-05 1.9320077393e-16
1.2840024578e-01 1.2742749857e-05 2.0147606959e-16
1.4237343339e-01 1.2742749857e-05 1.8522798368e-16
1.5786725650e-01 1.2742749857e-05 1.4329480440e-16
1.7504719864e-01 1.2742749857e-05 8.6784499302e-17
1.9409675211e-01 1.2742749857e-05 3.6411649229e-17
2.1521937781e-01 1.2742749857e-05 8.6398804321e-18
2.3864067833e-01 1.2742749857e-05 8.6762921616e-19
2.6461080752e-01 1.2742749857e-05 2.2328320516e-20
2.9340714225e-01 1.2742749857e-05 6.0497105666e-23
3.2533724503e-01 1.2742749857e-05 3.9173500846e-27
3.6074214893e-01 1.2742749857e-05 4.7357343454e-34
4.0000000000e-01 1.2742749857e-05 1.5707319593e-45
2.0000000000e-02 2.3357214691e-05 2.3080931672e-19
2.2176504808e-02 2.3357214691e-05 4.2717507615e-19
2.4589868274e-02 2.3357214691e-05 7.8825535591e-19
2.7265866600e-02 2.3357214691e-05 1.4491744235e-18
3.0233081086e-02 2.3357214691e-05 2.6470685076e-18
3.3523203403e-02 2.3357214691e-05 4.7901714081e-18
3.7171374071e-02 2.3357214691e-05 8.5453553117e-18
4.1216557790e-02 2.3357214691e-05 1.4950737375e-17
4.5701959599e-02 2.3357214691e-05 2.5560649445e-17
5.0675486338e-02 2.3357214691e-05 4.2610468051e-17
5.6190258320e-02 2.3357214691e-05 6.9293493511e-17
6.2305176688e-02 2.3357214691e-05 1.0963884045e-16
6.9085552518e-02 2.3357214691e-05 1.6766744711e-16
7.6603804377e-02 2.3357214691e-05 2.4593792392e-16
8.4940231802e-02 2.3357214691e-05 3.4378391583e-16
9.4183872945e-02 2.3357214691e-05 4.5495893527e-16
1.0443345556e-01 2.3357214691e-05 5.6481925569e-16
1.1579845146e-01 2.3357214691e-05 6.4911949318e-16
1.2840024578e-01 2.3357214691e-05 6.7692298284e-16
1.4237343339e-01 2.3357214691e-05 6.2233236671e-16
1.5786725650e-01 2.3357214691e-05 4.8144450415e-16
1.7504719864e-01 2.3357214691e-05 2.9158014772e-16
1.9409675211e-01 2.3357214691e-05 1.2233652491e-16
2.1521937781e-01 2.3357214691e-05 2.9028428267e-17
2.3864067833e-01 2.3357214691e-05 2.9150765062e-18
2.6461080752e-01 2.3357214691e-05 7.5019099571e-20
2.9340714225e-01 2.3357214691e-05 2.0325928188e-22
3.2533724503e-01 2.3357214691e-05 1.3161584448e-26
3.6074214893e-01 2.3357214691e-05 1.5911206853e-33
4.0000000000e-01 2.3357214691e-05 5.2773739598e-45
2.0000000000e-02 4.2813323987e-05 7.7547736296e-19
2.2176504808e-02 4.2813323987e-05 1.4352306323e-18
2.4589868274e-02 4.2813323987e-05 2.6483947590e-18
2.7265866600e-02 4.2813323987e-05 4.8689627281e-18
3.0233081086e-02 4.2813323987e-05 8.8936691769e-18
3.3523203403e-02 4.2813323987e-05 1.6094105491e-17
3.7171374071e-02 4.2813323987e-05 2.8710841039e-17
4.1216557790e-02 4.2813323987e-05 5.0231760825e-17
4.5701959599e-02 4.2813323987e-05 8.5879137414e-17
5.0675486338e-02 4.2813323987e-05 1.4316342974e-16
5.6190258320e-02 4.2813323987e-05 2.3281354662e-16
6.2305176688e-02 4.2813323987e-05 3.6836658104e-16
6.9085552518e-02 4.2813323987e-05 5.6333215482e-16
7.6603804377e-02 4.2813323987e-05 8.2630673409e-16
8.4940231802e-02 4.2813323987e-05 1.1550514869e-15
9.4183872945e-02 4.2813323987e-05 1.5285793502e-15
1.0443345556e-01 4.2813323987e-05 1.8976900637e-15
1.1579845146e-01 4.2813323987e-05 2.1809235432e-15
1.2840024578e-01 4.2813323987e-05 2.2743382162e-15
1.4237343339e-01 4.2813323987e-05 2.0909236658e-15
1.5786725650e-01 4.2813323987e-05 1.6175660489e-15
1.7504719864e-01 4.2813323987e-05 9.7965631223e-16
1.9409675211e-01 4.2813323987e-05 4.1102849348e-16
2.1521937781e-01 4.2813323987e-05 9.7530244114e-17
2.3864067833e-01 4.2813323987e-05 9.7941273513e-18
2.6461080752e-01 4.2813323987e-05 2.5205054256e-19
2.9340714225e-01 4.2813323987e-05 6.8291425213e-22
3.2533724503e-01 4.2813323987e-05 4.4220532105e-26
3.6074214893e-01 4.2813323987e-05 5.3458763740e-33
4.0000000000e-01 4.2813323987e-05 1.7731017534e-44
2.0000000000e-02 7.8475997035e-05 2.6054630247e-18
2.2176504808e-02 7.8475997035e-05 4.8221141235e-18
2.4589868274e-02 7.8475997035e-05 8.8981251407e-18
2.7265866600e-02 7.8475997035e-05 1.6358830009e-17
3.0233081086e-02 7.8475997035e-05 2.9881112333e-17
3.3523203403e-02 7.8475997035e-05 5.4073269932e-17
3.7171374071e-02 7.8475997035e-05 9.6463208737e-17
4.1216557790e-02 7.8475997035e-05 1.6876958857e-16
4.5701959599e-02 7.8475997035e-05 2.8853829630e-16
5.0675486338e-02 7.8475997035e-05 4.8100310918e-16
5.6190258320e-02 7.8475997035e-05 7.8221121122e-16
6.2305176688e-02 7.8475997035e-05 1.2376447751e-15
6.9085552518e-02 7.8475997035e-05 1.8926936750e-15
7.6603804377e-02 7.8475997035e-05 2.7762404753e-15
8.4940231802e-02 7.8475997035e-05 3.8807631074e-15
9.4183872945e-02 7.8475997035e-05 5.1357488530e-15
1.0443345556e-01 7.8475997035e-05 6.3758937778e-15
1.1579845146e-01 7.8475997035e-05 7.3275068013e-15
1.2840024578e-01 7.8475997035e-05 7.6413631279e-15
1.4237343339e-01 7.8475997035e-05 7.0251235676e-15
1.5786725650e-01 7.8475997035e-05 5.4347279903e-15
1.7504719864e-01 7.8475997035e-05 3.2914671921e-15
1.9409675211e-01 7.8475997035e-05 1.3809810486e-15
2.1521937781e-01 7.8475997035e-05 3.2768389764e-16
2.3864067833e-01 7.8475997035e-05 3.2906488173e-17
2.6461080752e-01 7.8475997035e-05 8.4684402196e-19
2.9340714225e-01 7.8475997035e-05 2.2944677923e-21
3.2533724503e-01 7.8475997035e-05 1.4857295240e-25
3.6074214893e-01 7.8475997035e-05 1.7961173198e-32
4.0000000000e-01 7.8475997035e-05 5.9572996945e-44
2.0000000000e-02 1.4384498883e-04 8.7538823145e-18
2.2176504808e-02 1.4384498883e-04 1.6201427211e-17
2.4589868274e-02 1.4384498883e-04 2.9896083561e-17
2.7265866600e-02 1.4384498883e-04 5.4962696206e-17
3.0233081086e-02 1.4384498883e-04 1.0039510763e-16
3.3523203403e-02 1.4384498883e-04 1.8167636112e-16
3.7171374071e-02 1.4384498883e-04 3.2409885267e-16
4.1216557790e-02 1.4384498883e-04 5.6703514985e-16
4.5701959599e-02 1.4384498883e-04 9.6943624419e-16
5.0675486338e-02 1.4384498883e-04 1.6160830420e-15
5.6190258320e-02 1.4384498883e-04 2.6280875312e-15
6.2305176688e-02 1.4384498883e-04 4.1582615471e-15
6.9085552518e-02 1.4384498883e-04 6.3591068197e-15
7.6603804377e-02 1.4384498883e-04 9.3276635160e-15
8.4940231802e-02 1.4384498883e-04 1.3038658853e-14
9.4183872945e-02 1.4384498883e-04 1.7255182910e-14
1.0443345556e-01 1.4384498883e-04 2.1421844506e-14
1.1579845146e-01 1.4384498883e-04 2.4619091344e-14
1.2840024578e-01 1.4384498883e-04 2.5673591569e-14
1.4237343339e-01 1.4384498883e-04 2.3603138626e-14
1.5786725650e-01 1.4384498883e-04 1.8259698483e-14
1.7504719864e-01 1.4384498883e-04 1.1058731661e-14
1.9409675211e-01 1.4384498883e-04 4.6398453800e-15
2.1521937781e-01 1.4384498883e-04 1.1009583514e-15
2.3864067833e-01 1.4384498883e-04 1.1055982070e-16
2.6461080752e-01 1.4384498883e-04 2.8452420306e-18
2.9340714225e-01 1.4384498883e-04 7.7089948458e-21
3.2533724503e-01 1.4384498883e-04 4.9917812231e-25
3.6074214893e-01 1.4384498883e-04 6.0346278152e-32
4.0000000000e-01 1.4384498883e-04 2.0015444450e-43
2.0000000000e-02 2.6366508987e-04 2.9411453876e-17
2.2176504808e-02 2.6366508987e-04 5.4433851406e-17
2.4589868274e-02 2.6366508987e-04 1.0044540824e-16
2.7265866600e-02 2.6366508987e-04 1.8466467178e-16
3.0233081086e-02 2.6366508987e-04 3.3730931847e-16
3.3523203403e-02 2.6366508987e-04 6.1039956026e-16
3.7171374071e-02 2.6366508987e-04 1.0889132518e-15
4.1216557790e-02 2.6366508987e-04 1.9051350654e-15
4.5701959599e-02 2.6366508987e-04 3.2571296206e-15
5.0675486338e-02 2.6366508987e-04 5.4297453566e-15
5.6190258320e-02 2.6366508987e-04 8.8298965453e-15
6.2305176688e-02 2.6366508987e-04 1.3971003185e-14
6.9085552518e-02 2.6366508987e-04 2.1365443377e-14
7.6603804377e-02 2.6366508987e-04 3.1339254449e-14
8.4940231802e-02 2.6366508987e-04 4.3807524442e-14
9.4183872945e-02 2.6366508987e-04 5.7974279074e-14
1.0443345556e-01 2.6366508987e-04 7.1973504897e-14
1.1579845146e-01 2.6366508987e-04 8.2715673289e-14
1.2840024578e-01 2.6366508987e-04 8.6258602429e-14
1.4237343339e-01 2.6366508987e-04 7.9302256769e-14
1.5786725650e-01 2.6366508987e-04 6.1349268865e-14
1.7504719864e-01 2.6366508987e-04 3.7155328857e-14
1.9409675211e-01 2.6366508987e-04 1.5589037353e-14
2.1521937781e-01 2.6366508987e-04 3.6990200015e-15
2.3864067833e-01 2.6366508987e-04 3.7146090732e-16
2.6461080752e-01 2.6366508987e-04 9.5594962033e-18
2.9340714225e-01 2.6366508987e-04 2.5900821852e-20
3.2533724503e-01 2.6366508987e-04 1.6771477834e-24
3.6074214893e-01 2.6366508987e-04 2.0275252885e-31
4.0000000000e-01 2.6366508987e-04 6.7248256272e-43
2.0000000000e-02 4.8329302386e-04 9.8817140560e-17
2.2176504808e-02 4.8329302386e-04 1.8288784935e-16
2.4589868274e-02 4.8329302386e-04 3.3747831937e-16
2.7265866600e-02 4.8329302386e-04 6.2043974107e-16
3.0233081086e-02 4.8329302386e-04 1.1332980163e-15
3.3523203403e-02 4.8329302386e-04 2.0508316045e-15
3.7171374071e-02 4.8329302386e-04 3.6585506554e-15
4.1216557790e-02 4.8329302386e-04 6.4009076307e-15
4.5701959599e-02 4.8329302386e-04 1.0943363660e-14
5.0675486338e-02 4.8329302386e-04 1.8242957739e-14
5.6190258320e-02 4.8329302386e-04 2.9666847879e-14
6.2305176688e-02 4.8329302386e-04 4.6940031979e-14
6.9085552518e-02 4.8329302386e-04 7.1784007353e-14
7.6603804377e-02 4.8329302386e-04 1.0529420018e-13
8.4940231802e-02 4.8329302386e-04 1.4718532170e-13
9.4183872945e-02 4.8329302386e-04 1.9478304297e-13
1.0443345556e-01 4.8329302386e-04 2.4181789788e-13
1.1579845146e-01 4.8329302386e-04 2.7790963168e-13
1.2840024578e-01 4.8329302386e-04 2.8981322979e-13
1.4237343339e-01 4.8329302386e-04 2.6644117244e-13
1.5786725650e-01 4.8329302386e-04 2.0612239538e-13
1.7504719864e-01 4.8329302386e-04 1.2483515333e-13
1.9409675211e-01 4.8329302386e-04 5.2376332765e-14
2.1521937781e-01 4.8329302386e-04 1.2428035042e-14
2.3864067833e-01 4.8329302386e-04 1.2480411491e-15
2.6461080752e-01 4.8329302386e-04 3.2118170152e-17
2.9340714225e-01 4.8329302386e-04 8.7022054887e-20
3.2533724503e-01 4.8329302386e-04 5.6349117916e-24
3.6074214893e-01 4.8329302386e-04 6.8121165400e-31
4.0000000000e-01 4.8329302386e-04 2.2594192114e-42
2.0000000000e-02 8.8586679041e-04 3.3200763585e-16
2.2176504808e-02 8.8586679041e-04 6.1446994057e-16
2.4589868274e-02 8.8586679041e-04 1.1338658286e-15
2.7265866600e-02 8.8586679041e-04 2.0845647876e-15
3.0233081086e-02 8.8586679041e-04 3.8076753991e-15
3.3523203403e-02 8.8586679041e-04 6.8904215269e-15
3.7171374071e-02 8.8586679041e-04 1.2292065393e-14
4.1216557790e-02 8.8586679041e-04 2.1505886506e-14
4.5701959599e-02 8.8586679041e-04 3.6767713339e-14
5.0675486338e-02 8.8586679041e-04 6.1293023008e-14
5.6190258320e-02 8.8586679041e-04 9.9675218000e-14
6.2305176688e-02 8.8586679041e-04 1.5770997780e-13
6.9085552518e-02 8.8586679041e-04 2.4118122057e-13
7.6603804377e-02 8.8586679041e-04 3.5376937919e-13
8.4940231802e-02 8.8586679041e-04 4.9451593532e-13
9.4183872945e-02 8.8586679041e-04 6.5443562962e-13
1.0443345556e-01 8.8586679041e-04 8.1246419525e-13
1.1579845146e-01 8.8586679041e-04 9.3372586244e-13
1.2840024578e-01 8.8586679041e-04 9.7371978905e-13
1.4237343339e-01 8.8586679041e-04 8.9519392337e-13
1.5786725650e-01 8.8586679041e-04 6.9253379322e-13
1.7504719864e-01 8.8586679041e-04 4.1942343092e-13
1.9409675211e-01 8.8586679041e-04 1.7597496059e-13
2.1521937781e-01 8.8586679041e-04 4.1755939398e-14
2.3864067833e-01 8.8586679041e-04 4.1931914746e-15
2.6461080752e-01 8.8586679041e-04 1.0791121540e-16
2.9340714225e-01 8.8586679041e-04 2.9237829132e-19
3.2533724503e-01 8.8586679041e-04 1.8932279679e-23
3.6074214893e-01 8.8586679041e-04 2.2887473720e-30
4.0000000000e-01 8.8586679041e-04 7.5912379830e-42
2.0000000000e-02 1.6237767392e-03 1.1154853261e-15
2.2176504808e-02 1.6237767392e-03 2.0645073427e-15
2.4589868274e-02 1.6237767392e-03 3.8095831453e-15
2.7265866600e-02 1.6237767392e-03 7.0037588923e-15
3.0233081086e-02 1.6237767392e-03 1.2793097434e-14
3.3523203403e-02 1.6237767392e-03 2.3150564246e-14
3.7171374071e-02 1.6237767392e-03 4.1299106085e-14
4.1216557790e-02 1.6237767392e-03 7.2255870747e-14
4.5701959599e-02 1.6237767392e-03 1.2353283562e-13
5.0675486338e-02 1.6237767392e-03 2.0593341952e-13
5.6190258320e-02 1.6237767392e-03 3.3489062012e-13
6.2305176688e-02 1.6237767392e-03 5.2987686735e-13
6.9085552518e-02 1.6237767392e-03 8.1032507518e-13
7.6603804377e-02 1.6237767392e-03 1.1886008293e-12
8.4940231802e-02 1.6237767392e-03 1.6614836823e-12
9.4183872945e-02 1.6237767392e-03 2.1987847956e-12
1.0443345556e-01 1.6237767392e-03 2.7297320602e-12
1.1579845146e-01 1.6237767392e-03 3.1371492270e-12
1.2840024578e-01 1.6237767392e-03 3.2715215530e-12
1.4237343339e-01 1.6237767392e-03 3.0076889135e-12
1.5786725650e-01 1.6237767392e-03 2.3267877023e-12
1.7504719864e-01 1.6237767392e-03 1.4091865129e-12
1.9409675211e-01 1.6237767392e-03 5.9124389053e-13
2.1521937781e-01 1.6237767392e-03 1.4029236875e-13
2.3864067833e-01 1.6237767392e-03 1.4088361394e-14
2.6461080752e-01 1.6237767392e-03 3.6256207479e-16
2.9340714225e-01 1.6237767392e-03 9.8233792969e-19
3.2533724503e-01 1.6237767392e-03 6.3609019467e-23
3.6074214893e-01 1.6237767392e-03 7.6897752730e-30
4.0000000000e-01 1.6237767392e-03 2.5505180191e-41
2.0000000000e-02 2.9763514416e-03 3.7478279968e-15
2.2176504808e-02 2.9763514416e-03 6.9363695222e-15
2.4589868274e-02 2.9763514416e-03 1.2799507115e-14
2.7265866600e-02 2.9763514416e-03 2.3531357199e-14
3.0233081086e-02 2.9763514416e-03 4.2982482697e-14
3.3523203403e-02 2.9763514416e-03 7.7781689092e-14
3.7171374071e-02 2.9763514416e-03 1.3875749183e-13
4.1216557790e-02 2.9763514416e-03 2.4276659583e-13
4.5701959599e-02 2.9763514416e-03 4.1504788007e-13
5.0675486338e-02 2.9763514416e-03 6.9189886867e-13
5.6190258320e-02 2.9763514416e-03 1.1251716294e-12
6.2305176688e-02 2.9763514416e-03 1.7802899884e-12
6.9085552518e-02 2.9763514416e-03 2.7225450054e-12
7.6603804377e-02 2.9763514416e-03 3.9934828015e-12
8.4940231802e-02 2.9763514416e-03 5.5822832583e-12
9.4183872945e-02 2.9763514416e-03 7.3875173638e-12
1.0443345556e-01 2.9763514416e-03 9.1714036924e-12
1.1579845146e-01 2.9763514416e-03 1.0540251340e-11
1.2840024578e-01 2.9763514416e-03 1.0991717938e-11
1.4237343339e-01 2.9763514416e-03 1.0105288211e-11
1.5786725650e-01 2.9763514416e-03 7.8175838706e-12
1.7504719864e-01 2.9763514416e-03 4.7346106148e-12
1.9409675211e-01 2.9763514416e-03 1.9864720351e-12
2.1521937781e-01 2.9763514416e-03 4.7135686596e-13
2.3864067833e-01 2.9763514416e-03 4.7334334236e-14
2.6461080752e-01 2.9763514416e-03 1.2181426888e-15
2.9340714225e-01 2.9763514416e-03 3.3004769395e-18
3.2533724503e-01 2.9763514416e-03 2.1371474678e-22
3.6074214893e-01 2.9763514416e-03 2.5836247580e-29
4.0000000000e-01 2.9763514416e-03 8.5692770800e-41
2.0000000000e-02 5.4555947812e-03 1.2592021037e-14
2.2176504808e-02 5.4555947812e-03 2.3304941161e-14
2.4589868274e-02 5.4555947812e-03 4.3004018059e-14
2.7265866600e-02 5.4555947812e-03 7.9061084218e-14
3.0233081086e-02 5.4555947812e-03 1.4441333136e-13
3.3523203403e-02 5.4555947812e-03 2.6133234135e-13
3.7171374071e-02 5.4555947812e-03 4.6619995842e-13
4.1216557790e-02 5.4555947812e-03 8.1565164796e-13
4.5701959599e-02 5.4555947812e-03 1.3944854572e-12
5.0675486338e-02 5.4555947812e-03 2.3246544712e-12
5.6190258320e-02 5.4555947812e-03 3.7803722157e-12
6.2305176688e-02 5.4555947812e-03 5.9814508580e-12
6.9085552518e-02 5.4555947812e-03 9.1472564944e-12
7.6603804377e-02 5.4555947812e-03 1.3417376543e-11
8.4940231802e-02 5.4555947812e-03 1.8755457370e-11
9.4183872945e-02 5.4555947812e-03 2.4820715929e-11
1.0443345556e-01 5.4555947812e-03 3.0814249837e-11
1.1579845146e-01 5.4555947812e-03 3.5413329193e-11
1.2840024578e-01 5.4555947812e-03 3.6930174925e-11
1.4237343339e-01 5.4555947812e-03 3.3951932120e-11
1.5786725650e-01 5.4555947812e-03 2.6265661243e-11
1.7504719864e-01 5.4555947812e-03 1.5907431322e-11
1.9409675211e-01 5.4555947812e-03 6.6741850686e-12
2.1521937781e-01 5.4555947812e-03 1.5836734176e-12
2.3864067833e-01 5.4555947812e-03 1.5903476174e-13
2.6461080752e-01 5.4555947812e-03 4.0927380811e-15
2.9340714225e-01 5.4555947812e-03 1.1089002775e-17
3.2533724503e-01 5.4555947812e-03 7.1804271427e-22
3.6074214893e-01 5.4555947812e-03 8.6805097067e-29
4.0000000000e-01 5.4555947812e-03 2.8791213834e-40
2.0000000000e-02 1.0000000000e-02 4.2306902543e-14
2.2176504808e-02 1.0000000000e-02 7.8300367474e-14
2.4589868274e-02 1.0000000000e-02 1.4448568626e-13
2.7265866600e-02 1.0000000000e-02 2.6563087649e-13
3.0233081086e-02 1.0000000000e-02 4.8520255147e-13
3.3523203403e-02 1.0000000000e-02 8.7802917927e-13
3.7171374071e-02 1.0000000000e-02 1.5663471453e-12
4.1216557790e-02 1.0000000000e-02 2.7404413221e-12
4.5701959599e-02 1.0000000000e-02 4.6852177389e-12
5.0675486338e-02 1.0000000000e-02 7.8104166017e-12
5.6190258320e-02 1.0000000000e-02 1.2701363699e-11
6.2305176688e-02 1.0000000000e-02 2.0096587971e-11
6.9085552518e-02 1.0000000000e-02 3.0733119639e-11
7.6603804377e-02 1.0000000000e-02 4.5079947062e-11
8.4940231802e-02 1.0000000000e-02 6.3014928640e-11
9.4183872945e-02 1.0000000000e-02 8.3393095258e-11
1.0443345556e-01 1.0000000000e-02 1.0353028008e-10
1.1579845146e-01 1.0000000000e-02 1.1898235100e-10
1.2840024578e-01 1.0000000000e-02 1.2407867703e-10
1.4237343339e-01 1.0000000000e-02 1.1407232239e-10
1.5786725650e-01 1.0000000000e-02 8.8247848945e-11
1.7504719864e-01 1.0000000000e-02 5.3446078643e-11
1.9409675211e-01 1.0000000000e-02 2.2424049039e-11
2.1521937781e-01 1.0000000000e-02 5.3208549080e-12
2.3864067833e-01 1.0000000000e-02 5.3432790064e-13
2.6461080752e-01 1.0000000000e-02 1.3750856246e-14
2.9340714225e-01 1.0000000000e-02 3.7257034299e-17
3.2533724503e-01 1.0000000000e-02 2.4124930417e-21
3.6074214893e-01 1.0000000000e-02 2.9164935247e-28
4.0000000000e-01 1.0000000000e-02 9.6733246722e-40
