2.0000000000e-02 1.0000000000e-07 4.2362056046e-24
2.2176504808e-02 1.0000000000e-07 1.2568621126e-24
2.4589868274e-02 1.0000000000e-07 2.3244627670e-24
2.7265866600e-02 1.0000000000e-07 4.2927800507e-24
3.0233081086e-02 1.0000000000e-07 7.8994733590e-24
3.3523203403e-02 1.0000000000e-07 1.4452256166e-23
3.7171374071e-02 1.0000000000e-07 2.6258671464e-23
4.1216557790e-02 1.0000000000e-07 4.7194679521e-23
4.5701959599e-02 1.0000000000e-07 8.3497223042e-23
5.0675486338e-02 1.0000000000e-07 1.4443735681e-22
5.6190258320e-02 1.0000000000e-07 2.4249946287e-22
6.2305176688e-02 1.0000000000e-07 3.9120703487e-22
6.9085552518e-02 1.0000000000e-07 5.9999923708e-22
7.6603804377e-02 1.0000000000e-07 8.6882714372e-22
8.4940231802e-02 1.0000000000e-07 1.1791544382e-21
9.4183872945e-02 1.0000000000e-07 1.4896833892e-21
1.0443345556e-01 1.0000000000e-07 1.7343542830e-21
1.1579845146e-01 1.0000000000e-07 1.8359400884e-21
1.2840024578e-01 1.0000000000e-07 1.7360425533e-21
1.4237343339e-01 1.0000000000e-07 1.4293537207e-21
1.5786725650e-01 1.0000000000e-07 9.8334770619e-22
1.7504719864e-01 1.0000000000e-07 5.2855894790e-22
1.9409675211e-01 1.0000000000e-07 2.0053302979e-22
2.1521937781e-01 1.0000000000e-07 4.5789898277e-23
2.3864067833e-01 1.0000000000e-07 5.2052095312e-24
2.6461080752e-01 1.0000000000e-07 2.1520264942e-25
2.9340714225e-01 1.0000000000e-07 1.9492432967e-27
3.2533724503e-01 1.0000000000e-07 1.7795350369e-30
3.6074214893e-01 1.0000000000e-07 5.1106099194e-35
4.0000000000e-01 1.0000000000e-07 6.3034395781e-41
2.0000000000e-02 1.8329807108e-07 1.4232881055e-23
2.2176504808e-02 1.8329807108e-07 4.2228283093e-24
2.4589868274e-02 1.8329807108e-07 7.8097725105e-24
2.7265866600e-02 1.8329807108e-07 1.4422960913e-23
3.0233081086e-02 1.8329807108e-07 2.6540795044e-23
3.3523203403e-02 1.8329807108e-07 4.8556954546e-23
3.7171374071e-02 1.8329807108e-07 8.8224364557e-23
4.1216557790e-02 1.8329807108e-07 1.5856554727e-22
4.5701959599e-02 1.8329807108e-07 2.8053549683e-22
5.0675486338e-02 1.8329807108e-07 4.8528327264e-22
5.6190258320e-02 1.8329807108e-07 8.1475412975e-22
6.2305176688e-02 1.8329807108e-07 1.3143845495e-21
6.9085552518e-02 1.8329807108e-07 2.0158884085e-21
7.6603804377e-02 1.8329807108e-07 2.9191013251e-21
8.4940231802e-02 1.8329807108e-07 3.9617446438e-21
9.4183872945e-02 1.8329807108e-07 5.0050654919e-21
1.0443345556e-01 1.8329807108e-07 5.8271152348e-21
1.1579845146e-01 1.8329807108e-07 6.1684250816e-21
1.2840024578e-01 1.8329807108e-07 5.8327875164e-21
1.4237343339e-01 1.8329807108e-07 4.8023687685e-21
1.5786725650e-01 1.8329807108e-07 3.3038696050e-21
1.7504719864e-01 1.8329807108e-07 1.7758620185e-21
1.9409675211e-01 1.8329807108e-07 6.7375454049e-22
2.1521937781e-01 1.8329807108e-07 1.5384573756e-22
2.3864067833e-01 1.8329807108e-07 1.7488558167e-23
2.6461080752e-01 1.8329807108e-07 7.2304179676e-25
2.9340714225e-01 1.8329807108e-07 6.5491032728e-27
3.2533724503e-01 1.8329807108e-07 5.9789143579e-30
3.6074214893e-01 1.8329807108e-07 1.7170720661e-34
4.0000000000e-01 1.8329807108e-07 2.1178411561e-40
2.0000000000e-02 3.3598182863e-07 4.7819894034e-23
2.2176504808e-02 3.3598182863e-07 1.4187935774e-23
2.4589868274e-02 3.3598182863e-07 2.6239416493e-23
2.7265866600e-02 3.3598182863e-07 4.8458527819e-23
3.0233081086e-02 3.3598182863e-07 8.9172248520e-23
3.3523203403e-02 3.3598182863e-07 1.6314254381e-22
3.7171374071e-02 3.3598182863e-07 2.9641783333e-22
4.1216557790e-02 3.3598182863e-07 5.3275142529e-22
4.5701959599e-02 3.3598182863e-07 9.4254829220e-22
5.0675486338e-02 3.3598182863e-07 1.6304636134e-21
5.6190258320e-02 3.3598182863e-07 2.7374258240e-21
6.2305176688e-02 3.3598182863e-07 4.4160932445e-21
6.9085552518e-02 3.3598182863e-07 6.7730187380e-21
7.6603804377e-02 3.3598182863e-07 9.8076500115e-21
8.4940231802e-02 3.3598182863e-07 1.3310742100e-20
9.4183872945e-02 3.3598182863e-07 1.6816110564e-20
1.0443345556e-01 3.3598182863e-07 1.9578048322e-20
1.1579845146e-01 3.3598182863e-07 2.0724787387e-20
1.2840024578e-01 3.3598182863e-07 1.9597106158e-20
1.4237343339e-01 3.3598182863e-07 1.6135086406e-20
1.5786725650e-01 3.3598182863e-07 1.1100401515e-20
1.7504719864e-01 3.3598182863e-07 5.9665736837e-21
1.9409675211e-01 3.3598182863e-07 2.2636928256e-21
2.1521937781e-01 3.3598182863e-07 5.1689372231e-22
2.3864067833e-01 3.3598182863e-07 5.8758377530e-23
2.6461080752e-01 3.3598182863e-07 2.4292890505e-24
2.9340714225e-01 3.3598182863e-07 2.2003796935e-26
3.2533724503e-01 3.3598182863e-07 2.0088065792e-29
3.6074214893e-01 3.3598182863e-07 5.7690501266e-34
4.0000000000e-01 3.3598182863e-07 7.1155614437e-40
2.0000000000e-02 6.1584821107e-07 2.5745756346e-23
2.2176504808e-02 6.1584821107e-07 4.7668886057e-23
2.4589868274e-02 6.1584821107e-07 8.8159671353e-23
2.7265866600e-02 6.1584821107e-07 1.6281184789e-22
3.0233081086e-02 6.1584821107e-07 2.9960255121e-22
3.3523203403e-02 6.1584821107e-07 5.4812930196e-22
3.7171374071e-02 6.1584821107e-07 9.9591005682e-22
4.1216557790e-02 6.1584821107e-07 1.7899479807e-21
4.5701959599e-02 6.1584821107e-07 3.1667909879e-21
5.0675486338e-02 6.1584821107e-07 5.4780614635e-21
5.6190258320e-02 6.1584821107e-07 9.1972533407e-21
6.2305176688e-02 6.1584821107e-07 1.4837270837e-20
6.9085552518e-02 6.1584821107e-07 2.2756112209e-20
7.6603804377e-02 6.1584821107e-07 3.2951921854e-20
8.4940231802e-02 6.1584821107e-07 4.4721674710e-20
9.4183872945e-02 6.1584821107e-07 5.6499075776e-20
1.0443345556e-01 6.1584821107e-07 6.5778684763e-20
1.1579845146e-01 6.1584821107e-07 6.9631519641e-20
1.2840024578e-01 6.1584821107e-07 6.5842715627e-20
1.4237343339e-01 6.1584821107e-07 5.4210958358e-20
1.5786725650e-01 6.1584821107e-07 3.7295331994e-20
1.7504719864e-01 6.1584821107e-07 2.0046603369e-20
1.9409675211e-01 6.1584821107e-07 7.6055965500e-21
2.1521937781e-01 6.1584821107e-07 1.7366689803e-21
2.3864067833e-01 6.1584821107e-07 1.9741747130e-22
2.6461080752e-01 6.1584821107e-07 8.1619697746e-24
2.9340714225e-01 6.1584821107e-07 7.3928759309e-26
3.2533724503e-01 6.1584821107e-07 6.7492250783e-29
3.6074214893e-01 6.1584821107e-07 1.9382960110e-33
4.0000000000e-01 6.1584821107e-07 2.8328674495e-40
2.0000000000e-02 1.1288378917e-06 8.6501062964e-23
2.2176504808e-02 1.1288378917e-06 1.6015879506e-22
2.4589868274e-02 1.1288378917e-06 2.9620047592e-22
2.7265866600e-02 1.1288378917e-06 5.4701822377e-22
3.0233081086e-02 1.1288378917e-06 1.0066101302e-21
3.3523203403e-02 1.1288378917e-06 1.8416148520e-21
3.7171374071e-02 1.1288378917e-06 3.3460768204e-21
4.1216557790e-02 1.1288378917e-06 6.0138999572e-21
4.5701959599e-02 1.1288378917e-06 1.0639842270e-20
5.0675486338e-02 1.1288378917e-06 1.8405291079e-20
5.6190258320e-02 1.1288378917e-06 3.0901099958e-20
6.2305176688e-02 1.1288378917e-06 4.9850533877e-20
6.9085552518e-02 1.1288378917e-06 7.6456401926e-20
7.6603804377e-02 1.1288378917e-06 1.1071246961e-19
8.4940231802e-02 1.1288378917e-06 1.5025670049e-19
9.4183872945e-02 1.1288378917e-06 1.8982662795e-19
1.0443345556e-01 1.1288378917e-06 2.2100442791e-19
1.1579845146e-01 1.1288378917e-06 2.3394925299e-19
1.2840024578e-01 1.1288378917e-06 2.2121955998e-19
1.4237343339e-01 1.1288378917e-06 1.8213896921e-19
1.5786725650e-01 1.1288378917e-06 1.2530553842e-19
1.7504719864e-01 1.1288378917e-06 6.7352944577e-20
1.9409675211e-01 1.1288378917e-06 2.5553422367e-20
2.1521937781e-01 1.1288378917e-06 5.8348921972e-21
2.3864067833e-01 1.1288378917e-06 6.6328683009e-22
2.6461080752e-01 1.1288378917e-06 2.7422735301e-23
2.9340714225e-01 1.1288378917e-06 2.4838719741e-25
3.2533724503e-01 1.1288378917e-06 2.2676169836e-28
3.6074214893e-01 1.1288378917e-06 6.5123223820e-33
4.0000000000e-01 1.1288378917e-06 9.5179198596e-40
2.0000000000e-02 2.0691380811e-06 2.9062785313e-22
2.2176504808e-02 2.0691380811e-06 5.3810444835e-22
2.4589868274e-02 2.0691380811e-06 9.9517977542e-22
2.7265866600e-02 2.0691380811e-06 1.8378818312e-21
3.0233081086e-02 2.0691380811e-06 3.3820271225e-21
3.3523203403e-02 2.0691380811e-06 3.8772923718e-20
3.7171374071e-02 2.0691380811e-06 1.1242210088e-20
4.1216557790e-02 2.0691380811e-06 2.0205611048e-20
4.5701959599e-02 2.0691380811e-06 3.5747936621e-20
5.0675486338e-02 2.0691380811e-06 6.1838433530e-20
5.6190258320e-02 2.0691380811e-06 1.0382208070e-19
6.2305176688e-02 2.0691380811e-06 1.6748873530e-19
6.9085552518e-02 2.0691380811e-06 2.5687961729e-19
7.6603804377e-02 2.0691380811e-06 3.7197377993e-19
8.4940231802e-02 2.0691380811e-06 5.0483520993e-19
9.4183872945e-02 2.0691380811e-06 6.3778297581e-19
1.0443345556e-01 2.0691380811e-06 7.4253471825e-19
1.1579845146e-01 2.0691380811e-06 7.8602697827e-19
1.2840024578e-01 2.0691380811e-06 7.4325752291e-19
1.4237343339e-01 2.0691380811e-06 6.1195383939e-19
1.5786725650e-01 2.0691380811e-06 4.2100383937e-19
1.7504719864e-01 2.0691380811e-06 2.2629365483e-19
1.9409675211e-01 2.0691380811e-06 8.5854855745e-20
2.1521937781e-01 2.0691380811e-06 1.9604177503e-20
2.3864067833e-01 2.0691380811e-06 2.2285232208e-21
2.6461080752e-01 2.0691380811e-06 9.2135407523e-23
2.9340714225e-01 2.0691380811e-06 8.3453584793e-25
3.2533724503e-01 2.0691380811e-06 7.6187810079e-28
3.6074214893e-01 2.0691380811e-06 2.1880219825e-32
4.0000000000e-01 2.0691380811e-06 3.1978481192e-39
2.0000000000e-02 3.7926901907e-06 9.7645677545e-22
2.2176504808e-02 3.7926901907e-06 1.8079331655e-21
2.4589868274e-02 3.7926901907e-06 3.3436232076e-21
2.7265866600e-02 3.7926901907e-06 6.1749489844e-21
3.0233081086e-02 3.7926901907e-06 1.1362996571e-20
3.3523203403e-02 3.7926901907e-06 2.0788846268e-20
3.7171374071e-02 3.7926901907e-06 3.7771783033e-20
4.1216557790e-02 3.7926901907e-06 6.7887181485e-20
4.5701959599e-02 3.7926901907e-06 1.2010657116e-19
5.0675486338e-02 3.7926901907e-06 2.0776589977e-19
5.6190258320e-02 3.7926901907e-06 3.4882332527e-19
6.2305176688e-02 3.7926901907e-06 5.6273171561e-19
6.9085552518e-02 3.7926901907e-06 8.6306883556e-19
7.6603804377e-02 3.7926901907e-06 1.2497643078e-18
8.4940231802e-02 3.7926901907e-06 1.6961545699e-18
9.4183872945e-02 3.7926901907e-06 2.1428349048e-18
1.0443345556e-01 3.7926901907e-06 2.4947817246e-18
1.1579845146e-01 3.7926901907e-06 2.6409078151e-18
1.2840024578e-01 3.7926901907e-06 2.4972102169e-18
1.4237343339e-01 3.7926901907e-06 2.0560536999e-18
1.5786725650e-01 3.7926901907e-06 1.4144963981e-18
1.7504719864e-01 3.7926901907e-06 7.6030555955e-19
1.9409675211e-01 3.7926901907e-06 2.8845671430e-19
2.1521937781e-01 3.7926901907e-06 6.5866474061e-20
2.3864067833e-01 3.7926901907e-06 7.4874330687e-21
2.6461080752e-01 3.7926901907e-06 3.0955822701e-22
2.9340714225e-01 3.7926901907e-06 2.8038888024e-24
3.2533724503e-01 3.7926901907e-06 2.5597719750e-27
3.6074214893e-01 3.7926901907e-06 7.3513562676e-32
4.0000000000e-01 3.7926901907e-06 1.0744188587e-38
2.0000000000e-02 6.9519279618e-06 3.2807173299e-21
2.2176504808e-02 6.9519279618e-06 6.0743269098e-21
2.4589868274e-02 6.9519279618e-06 1.1233966395e-20
2.7265866600e-02 6.9519279618e-06 2.0746706515e-20
3.0233081086e-02 6.9519279618e-06 3.8177603665e-20
3.3523203403e-02 6.9519279618e-06 6.9846745842e-20
3.7171374071e-02 6.9519279618e-06 1.2690632734e-19
4.1216557790e-02 6.9519279618e-06 2.2808859376e-19
4.5701959599e-02 6.9519279618e-06 4.0353625408e-19
5.0675486338e-02 6.9519279618e-06 6.9805566931e-19
5.6190258320e-02 6.9519279618e-06 1.1719829869e-18
6.2305176688e-02 6.9519279618e-06 1.8906763084e-18
6.9085552518e-02 6.9519279618e-06 2.8997544560e-18
7.6603804377e-02 6.9519279618e-06 4.1989809750e-18
8.4940231802e-02 6.9519279618e-06 5.6987711402e-18
9.4183872945e-02 6.9519279618e-06 7.1995358977e-18
1.0443345556e-01 6.9519279618e-06 8.3820132585e-18
1.1579845146e-01 6.9519279618e-06 8.8729703695e-18
1.2840024578e-01 6.9519279618e-06 8.3901725514e-18
1.4237343339e-01 6.9519279618e-06 6.9079668186e-18
1.5786725650e-01 6.9519279618e-06 4.7524508643e-18
1.7504719864e-01 6.9519279618e-06 2.5544885222e-18
1.9409675211e-01 6.9519279618e-06 9.6916214350e-19
2.1521937781e-01 6.9519279618e-06 2.2129938400e-19
2.3864067833e-01 6.9519279618e-06 2.5156414541e-20
2.6461080752e-01 6.9519279618e-06 1.0400593918e-21
2.9340714225e-01 6.9519279618e-06 9.4205568712e-24
3.2533724503e-01 6.9519279618e-06 8.6003686902e-27
3.6074214893e-01 6.9519279618e-06 2.4699221217e-31
4.0000000000e-01 6.9519279618e-06 3.6098521288e-38
2.0000000000e-02 1.2742749857e-05 1.1022614077e-20
2.2176504808e-02 1.2742749857e-05 2.0408634628e-20
2.4589868274e-02 1.2742749857e-05 3.7744085722e-20
2.7265866600e-02 1.2742749857e-05 6.9705163928e-20
3.0233081086e-02 1.2742749857e-05 1.2826981092e-19
3.3523203403e-02 1.2742749857e-05 2.3467237392e-19
3.7171374071e-02 1.2742749857e-05 4.2638219925e-19
4.1216557790e-02 1.2742749857e-05 7.6633622820e-19
4.5701959599e-02 1.2742749857e-05 1.3558084856e-18
5.0675486338e-02 1.2742749857e-05 2.3453402026e-18
5.6190258320e-02 1.2742749857e-05 3.9376498707e-18
6.2305176688e-02 1.2742749857e-05 6.3523288343e-18
6.9085552518e-02 1.2742749857e-05 9.7426480471e-18
7.6603804377e-02 1.2742749857e-05 1.4107813063e-17
8.4940231802e-02 1.2742749857e-05 1.9146835486e-17
9.4183872945e-02 1.2742749857e-05 2.4189132362e-17
1.0443345556e-01 1.2742749857e-05 2.8162041422e-17
1.1579845146e-01 1.2742749857e-05 2.9811568101e-17
1.2840024578e-01 1.2742749857e-05 2.8189455163e-17
1.4237343339e-01 1.2742749857e-05 2.3209513238e-17
1.5786725650e-01 1.2742749857e-05 1.5967371318e-17
1.7504719864e-01 1.2742749857e-05 8.5826172488e-18
1.9409675211e-01 1.2742749857e-05 3.2562086921e-18
2.1521937781e-01 1.2742749857e-05 7.4352571712e-19
2.3864067833e-01 1.2742749857e-05 8.4520981594e-20
2.6461080752e-01 1.2742749857e-05 3.4944105633e-21
2.9340714225e-01 1.2742749857e-05 3.1651359243e-23
3.2533724503e-01 1.2742749857e-05 2.8895675994e-26
3.6074214893e-01 1.2742749857e-05 8.2984895102e-31
4.0000000000e-01 1.2742749857e-05 1.2128447193e-37
2.0000000000e-02 2.3357214691e-05 3.7033980339e-20
2.2176504808e-02 2.3357214691e-05 6.8569303823e-20
2.4589868274e-02 2.3357214691e-05 1.2681326941e-19
2.7265866600e-02 2.3357214691e-05 2.3419668441e-19
3.0233081086e-02 2.3357214691e-05 4.3096325631e-19
3.3523203403e-02 2.3357214691e-05 7.8845653317e-19
3.7171374071e-02 2.3357214691e-05 1.4325667100e-18
4.1216557790e-02 2.3357214691e-05 2.5747504729e-18
4.5701959599e-02 2.3357214691e-05 4.5552701427e-18
5.0675486338e-02 2.3357214691e-05 7.8799169003e-18
5.6190258320e-02 2.3357214691e-05 1.3229788040e-17
6.2305176688e-02 2.3357214691e-05 2.1342670578e-17
6.9085552518e-02 2.3357214691e-05 3.2733527065e-17
7.6603804377e-02 2.3357214691e-05 4.7399688310e-17
8.4940231802e-02 2.3357214691e-05 6.4329887991e-17
9.4183872945e-02 2.3357214691e-05 8.1271089238e-17
1.0443345556e-01 2.3357214691e-05 9.4619341748e-17
1.1579845146e-01 2.3357214691e-05 1.0016145165e-16
1.2840024578e-01 2.3357214691e-05 9.4711446938e-17
1.4237343339e-01 2.3357214691e-05 7.7979746994e-17
1.5786725650e-01 2.3357214691e-05 5.3647466140e-17
1.7504719864e-01 2.3357214691e-05 2.8836034377e-17
1.9409675211e-01 2.3357214691e-05 1.0940269508e-17
2.1521937781e-01 2.3357214691e-05 2.4981113007e-18
2.3864067833e-01 2.3357214691e-05 2.8397513953e-19
2.6461080752e-01 2.3357214691e-05 1.1740584510e-20
2.9340714225e-01 2.3357214691e-05 1.0634281557e-22
3.2533724503e-01 2.3357214691e-05 9.7084220600e-26
3.6074214893e-01 2.3357214691e-05 2.7881416805e-30
4.0000000000e-01 2.3357214691e-05 4.0749378663e-37
2.0000000000e-02 4.2813323987e-05 1.2442744436e-19
2.2176504808e-02 4.2813323987e-05 2.3038040086e-19
2.4589868274e-02 4.2813323987e-05 4.2606954150e-19
2.7265866600e-02 4.2813323987e-05 7.8685830288e-19
3.0233081086e-02 4.2813323987e-05 1.4479582293e-18
3.3523203403e-02 4.2813323987e-05 2.6490706781e-18
3.7171374071e-02 4.2813323987e-05 4.8131638285e-18
4.1216557790e-02 4.2813323987e-05 8.6506937216e-18
4.5701959599e-02 4.2813323987e-05 1.5304879924e-17
5.0675486338e-02 4.2813323987e-05 2.6475088896e-17
5.6190258320e-02 4.2813323987e-05 4.4449683782e-17
6.2305176688e-02 4.2813323987e-05 7.1707494886e-17
6.9085552518e-02 4.2813323987e-05 1.0997870281e-16
7.6603804377e-02 4.2813323987e-05 1.5925433955e-16
8.4940231802e-02 4.2813323987e-05 2.1613673403e-16
9.4183872945e-02 4.2813323987e-05 2.7305609177e-16
1.0443345556e-01 4.2813323987e-05 3.1790379464e-16
1.1579845146e-01 4.2813323987e-05 3.3652427683e-16
1.2840024578e-01 4.2813323987e-05 3.1821325134e-16
1.4237343339e-01 4.2813323987e-05 2.6199777991e-16
1.5786725650e-01 4.2813323987e-05 1.8024573775e-16
1.7504719864e-01 4.2813323987e-05 9.6883835603e-17
1.9409675211e-01 4.2813323987e-05 3.6757317549e-17
2.1521937781e-01 4.2813323987e-05 8.3932000292e-18
2.3864067833e-01 4.2813323987e-05 9.5410486665e-19
2.6461080752e-01 4.2813323987e-05 3.9446230530e-20
2.9340714225e-01 4.2813323987e-05 3.5729253637e-22
3.2533724503e-01 4.2813323987e-05 3.2618533968e-25
3.6074214893e-01 4.2813323987e-05 9.3676494029e-30
4.0000000000e-01 4.2813323987e-05 1.3691050759e-36
2.0000000000e-02 7.8475997035e-05 4.1805360287e-19
2.2176504808e-02 7.8475997035e-05 7.7403628362e-19
2.4589868274e-02 7.8475997035e-05 1.4315162368e-18
2.7265866600e-02 7.8475997035e-05 2.6437009147e-18
3.0233081086e-02 7.8475997035e-05 4.8648765365e-18
3.3523203403e-02 7.8475997035e-05 8.9003961059e-18
3.7171374071e-02 7.8475997035e-05 1.6171355846e-17
4.1216557790e-02 7.8475997035e-05 2.9064758955e-17
4.5701959599e-02 7.8475997035e-05 5.1421615440e-17
5.0675486338e-02 7.8475997035e-05 8.8951487803e-17
5.6190258320e-02 7.8475997035e-05 1.4934286039e-16
6.2305176688e-02 7.8475997035e-05 2.4092415258e-16
6.9085552518e-02 7.8475997035e-05 3.6950845680e-16
7.6603804377e-02 7.8475997035e-05 5.3506564218e-16
8.4940231802e-02 7.8475997035e-05 7.2618015132e-16
9.4183872945e-02 7.8475997035e-05 9.1741885030e-16
1.0443345556e-01 7.8475997035e-05 1.0680989825e-15
1.1579845146e-01 7.8475997035e-05 1.1306604191e-15
1.2840024578e-01 7.8475997035e-05 1.0691387008e-15
1.4237343339e-01 7.8475997035e-05 8.8026493190e-16
1.5786725650e-01 7.8475997035e-05 6.0559292571e-16
1.7504719864e-01 7.8475997035e-05 3.2551208250e-16
1.9409675211e-01 7.8475997035e-05 1.2349790765e-16
2.1521937781e-01 7.8475997035e-05 2.8199626939e-17
2.3864067833e-01 7.8475997035e-05 3.2056189780e-18
2.6461080752e-01 7.8475997035e-05 1.3253216666e-19
2.9340714225e-01 7.8475997035e-05 1.2004379972e-21
3.2533724503e-01 7.8475997035e-05 1.0959234690e-24
3.6074214893e-01 7.8475997035e-05 3.1473599763e-29
4.0000000000e-01 7.8475997035e-05 4.5999442698e-36
2.0000000000e-02 1.4384498883e-04 1.4045841396e-18
2.2176504808e-02 1.4384498883e-04 2.6006212599e-18
2.4589868274e-02 1.4384498883e-04 4.8096344294e-18
2.7265866600e-02 1.4384498883e-04 8.8823546768e-18
3.0233081086e-02 1.4384498883e-04 1.6345101148e-17
3.3523203403e-02 1.4384498883e-04 2.9903713592e-17
3.7171374071e-02 1.4384498883e-04 5.4332817085e-17
4.1216557790e-02 1.4384498883e-04 9.7652308623e-17
4.5701959599e-02 1.4384498883e-04 1.7276728386e-16
5.0675486338e-02 1.4384498883e-04 2.9886083531e-16
5.6190258320e-02 1.4384498883e-04 5.0176487326e-16
6.2305176688e-02 1.4384498883e-04 8.0946137345e-16
6.9085552518e-02 1.4384498883e-04 1.2414812701e-15
7.6603804377e-02 1.4384498883e-04 1.7977233290e-15
8.4940231802e-02 1.4384498883e-04 2.4398333516e-15
9.4183872945e-02 1.4384498883e-04 3.0823606294e-15
1.0443345556e-01 1.4384498883e-04 3.5886184930e-15
1.1579845146e-01 1.4384498883e-04 3.7988135516e-15
1.2840024578e-01 1.4384498883e-04 3.5921117575e-15
1.4237343339e-01 1.4384498883e-04 2.9575302150e-15
1.5786725650e-01 1.4384498883e-04 2.0346821859e-15
1.7504719864e-01 1.4384498883e-04 1.0936614472e-15
1.9409675211e-01 1.4384498883e-04 4.1493052846e-16
2.1521937781e-01 1.4384498883e-04 9.4745622255e-17
2.3864067833e-01 1.4384498883e-04 1.0770297261e-17
2.6461080752e-01 1.4384498883e-04 4.4528399706e-19
2.9340714225e-01 1.4384498883e-04 4.0332535347e-21
3.2533724503e-01 1.4384498883e-04 5.5066415242e-26
3.6074214893e-01 1.4384498883e-04 1.0574557602e-28
4.0000000000e-01 1.4384498883e-04 1.5454976873e-35
2.0000000000e-02 2.6366508987e-04 4.7191474767e-18
2.2176504808e-02 2.6366508987e-04 8.7376148648e-18
2.4589868274e-02 2.6366508987e-04 1.6159497706e-17
2.7265866600e-02 2.6366508987e-04 2.9843097668e-17
3.0233081086e-02 2.6366508987e-04 5.4916569728e-17
3.3523203403e-02 2.6366508987e-04 1.0047104375e-16
3.7171374071e-02 2.6366508987e-04 1.8254839239e-16
4.1216557790e-02 2.6366508987e-04 3.2809401221e-16
4.5701959599e-02 2.6366508987e-04 5.8046667960e-16
5.0675486338e-02 2.6366508987e-04 1.0041180995e-15
5.6190258320e-02 2.6366508987e-04 1.6858387966e-15
6.2305176688e-02 2.6366508987e-04 2.7196431246e-15
6.9085552518e-02 2.6366508987e-04 4.1711514733e-15
7.6603804377e-02 2.6366508987e-04 6.0400237144e-15
8.4940231802e-02 2.6366508987e-04 8.1973967100e-15
9.4183872945e-02 2.6366508987e-04 1.0356171608e-14
1.0443345556e-01 2.6366508987e-04 1.2057106035e-14
1.1579845146e-01 2.6366508987e-04 1.2763323237e-14
1.2840024578e-01 2.6366508987e-04 1.2068842769e-14
1.4237343339e-01 2.6366508987e-04 9.9367640985e-15
1.5786725650e-01 2.6366508987e-04 6.8361624148e-15
1.7504719864e-01 2.6366508987e-04 3.6745037293e-15
1.9409675211e-01 2.6366508987e-04 1.3940911770e-15
2.1521937781e-01 2.6366508987e-04 3.1832807420e-16
2.3864067833e-01 2.6366508987e-04 3.6186241687e-17
2.6461080752e-01 2.6366508987e-04 1.4960733159e-18
2.9340714225e-01 2.6366508987e-04 1.3550998979e-20
3.2533724503e-01 2.6366508987e-04 1.2371199382e-23
3.6074214893e-01 2.6366508987e-04 3.5528592000e-28
4.0000000000e-01 2.6366508987e-04 5.1925913913e-35
2.0000000000e-02 4.8329302386e-04 1.5855477988e-17
2.2176504808e-02 4.8329302386e-04 2.9356798201e-17
2.4589868274e-02 4.8329302386e-04 5.4292975891e-17
2.7265866600e-02 4.8329302386e-04 1.0026738527e-16
3.0233081086e-02 4.8329302386e-04 1.8450969519e-16
3.3523203403e-02 4.8329302386e-04 3.3756445005e-16
3.7171374071e-02 4.8329302386e-04 6.1332942687e-16
4.1216557790e-02 4.8329302386e-04 1.1023362618e-15
4.5701959599e-02 4.8329302386e-04 1.9502625647e-15
5.0675486338e-02 4.8329302386e-04 3.3736543524e-15
5.6190258320e-02 4.8329302386e-04 5.6641120166e-15
6.2305176688e-02 4.8329302386e-04 9.1375067020e-15
6.9085552518e-02 4.8329302386e-04 1.4014310995e-14
7.6603804377e-02 4.8329302386e-04 2.0293382125e-14
8.4940231802e-02 4.8329302386e-04 2.7541763366e-14
9.4183872945e-02 4.8329302386e-04 3.4794854743e-14
1.0443345556e-01 4.8329302386e-04 4.0509685337e-14
1.1579845146e-01 4.8329302386e-04 4.2882446805e-14
1.2840024578e-01 4.8329302386e-04 4.0549118631e-14
1.4237343339e-01 4.8329302386e-04 3.3385721725e-14
1.5786725650e-01 4.8329302386e-04 2.2968263489e-14
1.7504719864e-01 4.8329302386e-04 1.2345664823e-14
1.9409675211e-01 4.8329302386e-04 4.6838930294e-15
2.1521937781e-01 4.8329302386e-04 1.0695244847e-15
2.3864067833e-01 4.8329302386e-04 1.2157919653e-16
2.6461080752e-01 4.8329302386e-04 5.0265344845e-18
2.9340714225e-01 4.8329302386e-04 4.5528894167e-20
3.2533724503e-01 4.8329302386e-04 4.1564981906e-23
3.6074214893e-01 4.8329302386e-04 1.1936961309e-27
4.0000000000e-01 4.8329302386e-04 1.7446163510e-34
2.0000000000e-02 8.8586679041e-04 5.3271524882e-17
2.2176504808e-02 8.8586679041e-04 9.8633507424e-17
2.4589868274e-02 8.8586679041e-04 1.8241453321e-16
2.7265866600e-02 8.8586679041e-04 3.3688019453e-16
3.0233081086e-02 8.8586679041e-04 6.1991904790e-16
3.3523203403e-02 8.8586679041e-04 1.1341552121e-15
3.7171374071e-02 8.8586679041e-04 2.0606754239e-15
4.1216557790e-02 8.8586679041e-04 3.7036495302e-15
4.5701959599e-02 8.8586679041e-04 6.5525278279e-15
5.0675486338e-02 8.8586679041e-04 1.1334865585e-14
5.6190258320e-02 8.8586679041e-04 1.9030387129e-14
6.2305176688e-02 8.8586679041e-04 3.0700362109e-14
6.9085552518e-02 8.8586679041e-04 4.7085538350e-14
7.6603804377e-02 8.8586679041e-04 6.8182076355e-14
8.4940231802e-02 8.8586679041e-04 9.2535320195e-14
9.4183872945e-02 8.8586679041e-04 1.1690438924e-13
1.0443345556e-01 8.8586679041e-04 1.3610518157e-13
1.1579845146e-01 8.8586679041e-04 1.4407722894e-13
1.2840024578e-01 8.8586679041e-04 1.3623767027e-13
1.4237343339e-01 8.8586679041e-04 1.1216995835e-13
1.5786725650e-01 8.8586679041e-04 7.7169191676e-14
1.7504719864e-01 8.8586679041e-04 4.1479190428e-14
1.9409675211e-01 8.8586679041e-04 1.5737029451e-14
2.1521937781e-01 8.8586679041e-04 3.5934079214e-15
2.3864067833e-01 8.8586679041e-04 4.0848400774e-16
2.6461080752e-01 8.8586679041e-04 1.6888242478e-17
2.9340714225e-01 8.8586679041e-04 1.5296881118e-19
3.2533724503e-01 8.8586679041e-04 1.3965078628e-22
3.6074214893e-01 8.8586679041e-04 4.0106020888e-27
4.0000000000e-01 8.8586679041e-04 5.8615939186e-34
2.0000000000e-02 1.6237767392e-03 1.7898264344e-16
2.2176504808e-02 1.6237767392e-03 3.3139066188e-16
2.4589868274e-02 1.6237767392e-03 6.1287968438e-16
2.7265866600e-02 1.6237767392e-03 1.1318562379e-15
3.0233081086e-02 1.6237767392e-03 2.0828153531e-15
3.3523203403e-02 1.6237767392e-03 3.8105554210e-15
3.7171374071e-02 1.6237767392e-03 6.9234949714e-15
4.1216557790e-02 1.6237767392e-03 1.2443589417e-14
4.5701959599e-02 1.6237767392e-03 2.2015302818e-14
5.0675486338e-02 1.6237767392e-03 3.8083088665e-14
5.6190258320e-02 1.6237767392e-03 6.3938642671e-14
6.2305176688e-02 1.6237767392e-03 1.0314763801e-13
6.9085552518e-02 1.6237767392e-03 1.5819885277e-13
7.6603804377e-02 1.6237767392e-03 2.2907938693e-13
8.4940231802e-02 1.6237767392e-03 3.1090186092e-13
9.4183872945e-02 1.6237767392e-03 3.9277750470e-13
1.0443345556e-01 1.6237767392e-03 4.5728867789e-13
1.1579845146e-01 1.6237767392e-03 4.8407330842e-13
1.2840024578e-01 1.6237767392e-03 4.5773381585e-13
1.4237343339e-01 1.6237767392e-03 3.7687067724e-13
1.5786725650e-01 1.6237767392e-03 2.5927446133e-13
1.7504719864e-01 1.6237767392e-03 1.3936254250e-13
1.9409675211e-01 1.6237767392e-03 5.2873559322e-14
2.1521937781e-01 1.6237767392e-03 1.2073197644e-14
2.3864067833e-01 1.6237767392e-03 1.3724320388e-15
2.6461080752e-01 1.6237767392e-03 5.6741425899e-17
2.9340714225e-01 1.6237767392e-03 5.1394740902e-19
3.2533724503e-01 1.6237767392e-03 4.6920126542e-22
3.6074214893e-01 1.6237767392e-03 1.3474894237e-26
4.0000000000e-01 1.6237767392e-03 1.9693890434e-33
2.0000000000e-02 2.9763514416e-03 6.0134915834e-16
2.2176504808e-02 2.9763514416e-03 1.1134124057e-15
2.4589868274e-02 2.9763514416e-03 2.0591643709e-15
2.7265866600e-02 2.9763514416e-03 3.8028312855e-15
3.0233081086e-02 2.9763514416e-03 6.9978811105e-15
3.3523203403e-02 2.9763514416e-03 1.2802773784e-14
3.7171374071e-02 2.9763514416e-03 2.3261685010e-14
4.1216557790e-02 2.9763514416e-03 4.1808199272e-14
4.5701959599e-02 2.9763514416e-03 7.3967416985e-14
5.0675486338e-02 2.9763514416e-03 1.2795225769e-13
5.6190258320e-02 2.9763514416e-03 2.1482222084e-13
6.2305176688e-02 2.9763514416e-03 3.4655732037e-13
6.9085552518e-02 2.9763514416e-03 5.3151939840e-13
7.6603804377e-02 2.9763514416e-03 7.6966511323e-13
8.4940231802e-02 2.9763514416e-03 1.0445737575e-12
9.4183872945e-02 2.9763514416e-03 1.3196610427e-12
1.0443345556e-01 2.9763514416e-03 1.5364068621e-12
1.1579845146e-01 2.9763514416e-03 1.6263983535e-12
1.2840024578e-01 2.9763514416e-03 1.5379024447e-12
1.4237343339e-01 2.9763514416e-03 1.2662169930e-12
1.5786725650e-01 2.9763514416e-03 8.7111507634e-13
1.7504719864e-01 2.9763514416e-03 4.6823281871e-13
1.9409675211e-01 2.9763514416e-03 1.7764555147e-13
2.1521937781e-01 2.9763514416e-03 4.0563750220e-14
2.3864067833e-01 2.9763514416e-03 4.6111222608e-15
2.6461080752e-01 2.9763514416e-03 1.9064088033e-16
2.9340714225e-01 2.9763514416e-03 1.7267699030e-18
3.2533724503e-01 2.9763514416e-03 1.5764309915e-21
3.6074214893e-01 2.9763514416e-03 4.5273196063e-26
4.0000000000e-01 2.9763514416e-03 6.6167893210e-33
2.0000000000e-02 5.4555947812e-03 2.0204238986e-15
2.2176504808e-02 5.4555947812e-03 3.7408633608e-15
2.4589868274e-02 5.4555947812e-03 6.9184181077e-15
2.7265866600e-02 5.4555947812e-03 1.2776822093e-14
3.0233081086e-02 5.4555947812e-03 2.3511608920e-14
3.3523203403e-02 5.4555947812e-03 4.3014993476e-14
3.7171374071e-02 5.4555947812e-03 7.8155034666e-14
4.1216557790e-02 5.4555947812e-03 1.4046795243e-13
4.5701959599e-02 5.4555947812e-03 2.4851708017e-13
5.0675486338e-02 5.4555947812e-03 4.2989633517e-13
5.6190258320e-02 5.4555947812e-03 7.2176362589e-13
6.2305176688e-02 5.4555947812e-03 1.1643696222e-12
6.9085552518e-02 5.4555947812e-03 1.7858085943e-12
7.6603804377e-02 5.4555947812e-03 2.5859349217e-12
8.4940231802e-02 5.4555947812e-03 3.5095780120e-12
9.4183872945e-02 5.4555947812e-03 4.4338213031e-12
1.0443345556e-01 5.4555947812e-03 5.1620478704e-12
1.1579845146e-01 5.4555947812e-03 5.4644029289e-12
1.2840024578e-01 5.4555947812e-03 5.1670727563e-12
1.4237343339e-01 5.4555947812e-03 4.2542590074e-12
1.5786725650e-01 5.4555947812e-03 2.9267883630e-12
1.7504719864e-01 5.4555947812e-03 1.5731771866e-12
1.9409675211e-01 5.4555947812e-03 5.9685677231e-13
2.1521937781e-01 5.4555947812e-03 1.3628682975e-13
2.3864067833e-01 5.4555947812e-03 1.5492532892e-14
2.6461080752e-01 5.4555947812e-03 6.4051871583e-16
2.9340714225e-01 5.4555947812e-03 5.8016330964e-18
3.2533724503e-01 5.4555947812e-03 5.2965216724e-21
3.6074214893e-01 5.4555947812e-03 1.5210971201e-25
4.0000000000e-01 5.4555947812e-03 2.2231209757e-32
2.0000000000e-02 1.0000000000e-02 4.2362056046e-14
2.2176504808e-02 1.0000000000e-02 1.2568621126e-14
2.4589868274e-02 1.0000000000e-02 2.3244627670e-14
2.7265866600e-02 1.0000000000e-02 4.2927800507e-14
3.0233081086e-02 1.0000000000e-02 7.8994733590e-14
3.3523203403e-02 1.0000000000e-02 1.4452256166e-13
3.7171374071e-02 1.0000000000e-02 2.6258671464e-13
4.1216557790e-02 1.0000000000e-02 4.7194679521e-13
4.5701959599e-02 1.0000000000e-02 8.3497223042e-13
5.0675486338e-02 1.0000000000e-02 1.4443735681e-12
5.6190258320e-02 1.0000000000e-02 2.4249946287e-12
6.2305176688e-02 1.0000000000e-02 3.9120703487e-12
6.9085552518e-02 1.0000000000e-02 5.9999923708e-12
7.6603804377e-02 1.0000000000e-02 8.6882714372e-12
8.4940231802e-02 1.0000000000e-02 1.1791544382e-11
9.4183872945e-02 1.0000000000e-02 1.4896833892e-11
1.0443345556e-01 1.0000000000e-02 1.7343542830e-11
1.1579845146e-01 1.0000000000e-02 1.8359400884e-11
1.2840024578e-01 1.0000000000e-02 1.7360425533e-11
1.4237343339e-01 1.0000000000e-02 1.4293537207e-11
1.5786725650e-01 1.0000000000e-02 9.8334770619e-12
1.7504719864e-01 1.0000000000e-02 5.2855894790e-12
1.9409675211e-01 1.0000000000e-02 2.0053302979e-12
2.1521937781e-01 1.0000000000e-02 4.5789898277e-13
2.3864067833e-01 1.0000000000e-02 5.2052095312e-14
2.6461080752e-01 1.0000000000e-02 2.1520264942e-15
2.9340714225e-01 1.0000000000e-02 1.9492432967e-17
3.2533724503e-01 1.0000000000e-02 1.7795350369e-20
3.6074214893e-01 1.0000000000e-02 5.1106099194e-25
4.0000000000e-01 1.0000000000e-02 6.3034395781e-31
