2.0000000000e-02 1.0000000000e-07 4.2359248284e-24
2.2176504808e-02 1.0000000000e-07 7.8504144061e-24
2.4589868274e-02 1.0000000000e-07 1.4522383652e-23
2.7265866600e-02 1.0000000000e-07 2.6819066244e-23
3.0233081086e-02 1.0000000000e-07 4.9370118698e-23
3.3523203403e-02 1.0000000000e-07 9.0516221887e-23
3.7171374071e-02 1.0000000000e-07 1.6485536580e-22
4.1216557790e-02 1.0000000000e-07 2.9730690304e-22
4.5701959599e-02 1.0000000000e-07 5.2946936509e-22
5.0675486338e-02 1.0000000000e-07 9.2427763292e-22
5.6190258320e-02 1.0000000000e-07 1.5719450263e-21
6.2305176688e-02 1.0000000000e-07 2.5828880333e-21
6.9085552518e-02 1.0000000000e-07 4.0638682331e-21
7.6603804377e-02 1.0000000000e-07 6.0758819446e-21
8.4940231802e-02 1.0000000000e-07 8.5653493912e-21
9.4183872945e-02 1.0000000000e-07 1.1271680602e-20
1.0443345556e-01 1.0000000000e-07 1.3659893365e-20
1.1579845146e-01 1.0000000000e-07 1.4990112152e-20
1.2840024578e-01 1.0000000000e-07 1.4578340353e-20
1.4237343339e-01 1.0000000000e-07 1.2202010993e-20
1.5786725650e-01 1.0000000000e-07 8.4012350706e-21
1.7504719864e-01 1.0000000000e-07 4.4556367494e-21
1.9409675211e-01 1.0000000000e-07 1.6424664370e-21
2.1521937781e-01 1.0000000000e-07 3.6043575018e-22
2.3864067833e-01 1.0000000000e-07 3.8694399049e-23
2.6461080752e-01 1.0000000000e-07 1.4804086807e-24
2.9340714225e-01 1.0000000000e-07 1.2080182393e-26
3.2533724503e-01 1.0000000000e-07 9.6695786431e-30
3.6074214893e-01 1.0000000000e-07 2.2654443346e-34
4.0000000000e-01 1.0000000000e-07 2.4789420774e-41
2.0000000000e-02 1.8329807108e-07 1.4231937698e-23
2.2176504808e-02 1.8329807108e-07 2.6375965877e-23
2.4589868274e-02 1.8329807108e-07 4.8792570153e-23
2.7265866600e-02 1.8329807108e-07 9.0107189189e-23
3.0233081086e-02 1.8329807108e-07 1.6587462760e-22
3.3523203403e-02 1.8329807108e-07 3.0411805750e-22
3.7171374071e-02 1.8329807108e-07 5.5388407260e-22
4.1216557790e-02 1.8329807108e-07 9.9889716948e-22
4.5701959599e-02 1.8329807108e-07 1.7789208549e-21
5.0675486338e-02 1.8329807108e-07 3.1054048927e-21
5.6190258320e-02 1.8329807108e-07 5.2814496445e-21
6.2305176688e-02 1.8329807108e-07 8.6780344458e-21
6.9085552518e-02 1.8329807108e-07 1.3653858803e-20
7.6603804377e-02 1.8329807108e-07 2.0413859263e-20
8.4940231802e-02 1.8329807108e-07 2.8778017513e-20
9.4183872945e-02 1.8329807108e-07 3.7870798605e-20
1.0443345556e-01 1.8329807108e-07 4.5894759516e-20
1.1579845146e-01 1.8329807108e-07 5.0364052922e-20
1.2840024578e-01 1.8329807108e-07 4.8980574503e-20
1.4237343339e-01 1.8329807108e-07 4.0996539662e-20
1.5786725650e-01 1.8329807108e-07 2.8226623217e-20
1.7504719864e-01 1.8329807108e-07 1.4970129828e-20
1.9409675211e-01 1.8329807108e-07 5.5183887695e-21
2.1521937781e-01 1.8329807108e-07 1.2109986245e-21
2.3864067833e-01 1.8329807108e-07 1.3000614950e-22
2.6461080752e-01 1.8329807108e-07 4.9739041565e-24
2.9340714225e-01 1.8329807108e-07 4.0587217707e-26
3.2533724503e-01 1.8329807108e-07 3.2488027146e-29
3.6074214893e-01 1.8329807108e-07 7.6114813021e-34
4.0000000000e-01 1.8329807108e-07 8.3287949224e-41
2.0000000000e-02 3.3598182863e-07 4.7816724526e-23
2.2176504808e-02 3.3598182863e-07 8.8618452471e-23
2.4589868274e-02 3.3598182863e-07 1.6393416944e-22
2.7265866600e-02 3.3598182863e-07 3.0274378196e-22
3.0233081086e-02 3.3598182863e-07 5.5730860703e-22
3.3523203403e-02 3.3598182863e-07 1.0217814108e-21
3.7171374071e-02 3.3598182863e-07 1.8609498356e-21
4.1216557790e-02 3.3598182863e-07 3.3561129762e-21
4.5701959599e-02 3.3598182863e-07 5.9768508180e-21
5.0675486338e-02 3.3598182863e-07 1.0433596145e-20
5.6190258320e-02 3.3598182863e-07 1.7744711094e-20
6.2305176688e-02 3.3598182863e-07 2.9156618820e-20
6.9085552518e-02 3.3598182863e-07 4.5874484484e-20
7.6603804377e-02 3.3598182863e-07 6.8586857645e-20
8.4940231802e-02 3.3598182863e-07 9.6688909483e-20
9.4183872945e-02 3.3598182863e-07 1.2723900167e-19
1.0443345556e-01 3.3598182863e-07 1.5419805227e-19
1.1579845146e-01 3.3598182863e-07 1.6921406598e-19
1.2840024578e-01 3.3598182863e-07 1.6456582989e-19
1.4237343339e-01 3.3598182863e-07 1.3774092363e-19
1.5786725650e-01 3.3598182863e-07 9.4836324846e-20
1.7504719864e-01 3.3598182863e-07 5.0296915943e-20
1.9409675211e-01 3.3598182863e-07 1.8540783499e-20
2.1521937781e-01 3.3598182863e-07 4.0687353232e-21
2.3864067833e-01 3.3598182863e-07 4.3679703842e-22
2.6461080752e-01 3.3598182863e-07 1.6711414139e-23
2.9340714225e-01 3.3598182863e-07 1.3636567624e-25
3.2533724503e-01 3.3598182863e-07 1.0915386769e-28
3.6074214893e-01 3.3598182863e-07 2.5573194065e-33
4.0000000000e-01 3.3598182863e-07 2.7983237483e-40
2.0000000000e-02 6.1584821107e-07 1.6065550545e-22
2.2176504808e-02 6.1584821107e-07 2.9774189711e-22
2.4589868274e-02 6.1584821107e-07 5.5078902022e-22
2.7265866600e-02 6.1584821107e-07 1.0171640947e-21
3.0233081086e-02 6.1584821107e-07 1.8724556490e-21
3.3523203403e-02 6.1584821107e-07 3.4329998685e-21
3.7171374071e-02 6.1584821107e-07 6.2524532876e-21
4.1216557790e-02 6.1584821107e-07 1.1275929748e-20
4.5701959599e-02 6.1584821107e-07 2.0081132673e-20
5.0675486338e-02 6.1584821107e-07 3.5054987119e-20
5.6190258320e-02 6.1584821107e-07 5.9619004817e-20
6.2305176688e-02 6.1584821107e-07 9.7960941078e-20
6.9085552518e-02 6.1584821107e-07 1.5412993184e-19
7.6603804377e-02 6.1584821107e-07 2.3043937851e-19
8.4940231802e-02 6.1584821107e-07 3.2485716616e-19
9.4183872945e-02 6.1584821107e-07 4.2749992453e-19
1.0443345556e-01 6.1584821107e-07 5.1807743571e-19
1.1579845146e-01 6.1584821107e-07 5.6852851317e-19
1.2840024578e-01 6.1584821107e-07 5.5291128456e-19
1.4237343339e-01 6.1584821107e-07 4.6278447399e-19
1.5786725650e-01 6.1584821107e-07 3.1863281842e-19
1.7504719864e-01 6.1584821107e-07 1.6898849793e-19
1.9409675211e-01 6.1584821107e-07 6.2293663441e-20
2.1521937781e-01 6.1584821107e-07 1.3670211341e-20
2.3864067833e-01 6.1584821107e-07 1.4675586771e-21
2.6461080752e-01 6.1584821107e-07 5.6147314815e-23
2.9340714225e-01 6.1584821107e-07 4.5816389265e-25
3.2533724503e-01 6.1584821107e-07 3.6673716068e-28
3.6074214893e-01 6.1584821107e-07 8.5921285057e-33
4.0000000000e-01 6.1584821107e-07 9.4018593004e-40
2.0000000000e-02 1.1288378917e-06 5.3977330502e-22
2.2176504808e-02 1.1288378917e-06 1.0003586705e-21
2.4589868274e-02 1.1288378917e-06 1.8505510220e-21
2.7265866600e-02 1.1288378917e-06 3.4174865255e-21
3.0233081086e-02 1.1288378917e-06 6.2911107298e-21
3.3523203403e-02 1.1288378917e-06 1.1534255735e-20
3.7171374071e-02 1.1288378917e-06 2.1007106890e-20
4.1216557790e-02 1.1288378917e-06 3.7885074963e-20
4.5701959599e-02 1.1288378917e-06 6.7468956763e-20
5.0675486338e-02 1.1288378917e-06 1.1777838675e-19
5.6190258320e-02 1.1288378917e-06 2.0030902259e-19
6.2305176688e-02 1.1288378917e-06 3.2913096117e-19
6.9085552518e-02 1.1288378917e-06 5.1784856347e-19
7.6603804377e-02 1.1288378917e-06 7.7423443781e-19
8.4940231802e-02 1.1288378917e-06 1.0914610473e-18
9.4183872945e-02 1.1288378917e-06 1.4363220638e-18
1.0443345556e-01 1.1288378917e-06 1.7406460422e-18
1.1579845146e-01 1.1288378917e-06 1.9101524948e-18
1.2840024578e-01 1.1288378917e-06 1.8576814445e-18
1.4237343339e-01 1.1288378917e-06 1.5548717383e-18
1.5786725650e-01 1.1288378917e-06 1.0705483699e-18
1.7504719864e-01 1.1288378917e-06 5.6777064552e-19
1.9409675211e-01 1.1288378917e-06 2.0929538955e-19
2.1521937781e-01 1.1288378917e-06 4.5929426041e-20
2.3864067833e-01 1.1288378917e-06 4.9307304795e-21
2.6461080752e-01 1.1288378917e-06 1.8864477504e-22
2.9340714225e-01 1.1288378917e-06 1.5393474247e-24
3.2533724503e-01 1.1288378917e-06 1.2321702187e-27
3.6074214893e-01 1.1288378917e-06 2.8867990471e-32
4.0000000000e-01 1.1288378917e-06 3.1588538803e-39
2.0000000000e-02 2.0691380811e-06 1.8135402206e-21
2.2176504808e-02 2.0691380811e-06 3.3610233540e-21
2.4589868274e-02 2.0691380811e-06 6.2175151634e-21
2.7265866600e-02 2.0691380811e-06 1.1482133721e-20
3.0233081086e-02 2.0691380811e-06 2.1136988871e-20
3.3523203403e-02 2.0691380811e-06 3.8432233148e-20
3.7171374071e-02 2.0691380811e-06 7.0580061870e-20
4.1216557790e-02 2.0691380811e-06 1.2728696764e-19
4.5701959599e-02 2.0691380811e-06 2.2668343469e-19
5.0675486338e-02 2.0691380811e-06 3.9571397752e-19
5.6190258320e-02 2.0691380811e-06 6.7300191702e-19
6.2305176688e-02 2.0691380811e-06 1.1058202219e-18
6.9085552518e-02 2.0691380811e-06 1.7398770731e-18
7.6603804377e-02 2.0691380811e-06 2.6012870220e-18
8.4940231802e-02 2.0691380811e-06 3.6671107855e-18
9.4183872945e-02 2.0691380811e-06 4.8257811350e-18
1.0443345556e-01 2.0691380811e-06 5.8482544026e-18
1.1579845146e-01 2.0691380811e-06 6.4177652817e-18
1.2840024578e-01 2.0691380811e-06 6.2414720875e-18
1.4237343339e-01 2.0691380811e-06 5.2240864992e-18
1.5786725650e-01 2.0691380811e-06 3.5968479897e-18
1.7504719864e-01 2.0691380811e-06 1.9076061972e-18
1.9409675211e-01 2.0691380811e-06 7.0319447704e-19
2.1521937781e-01 2.0691380811e-06 1.5431452549e-19
2.3864067833e-01 2.0691380811e-06 1.6566358430e-20
2.6461080752e-01 2.0691380811e-06 6.3381216479e-22
2.9340714225e-01 2.0691380811e-06 5.1719276263e-24
3.2533724503e-01 2.0691380811e-06 4.1398680326e-27
3.6074214893e-01 2.0691380811e-06 9.6991202274e-32
4.0000000000e-01 2.0691380811e-06 1.0613175031e-38
2.0000000000e-02 3.7926901907e-06 6.0931655962e-21
2.2176504808e-02 3.7926901907e-06 1.1292427725e-20
2.4589868274e-02 3.7926901907e-06 2.0889721141e-20
2.7265866600e-02 3.7926901907e-06 3.8577882843e-20
3.0233081086e-02 3.7926901907e-06 7.1016441726e-20
3.3523203403e-02 3.7926901907e-06 1.3020304926e-19
3.7171374071e-02 3.7926901907e-06 2.3713618252e-19
4.1216557790e-02 3.7926901907e-06 4.2766108147e-19
4.5701959599e-02 3.7926901907e-06 7.6161514907e-19
5.0675486338e-02 3.7926901907e-06 1.3295270578e-18
5.6190258320e-02 3.7926901907e-06 2.2611641475e-18
6.2305176688e-02 3.7926901907e-06 3.7153550030e-18
6.9085552518e-02 3.7926901907e-06 5.8456708060e-18
7.6603804377e-02 3.7926901907e-06 8.7398517045e-18
8.4940231802e-02 3.7926901907e-06 1.2320825875e-17
9.4183872945e-02 3.7926901907e-06 1.6213747703e-17
1.0443345556e-01 3.7926901907e-06 1.9649072085e-17
1.1579845146e-01 3.7926901907e-06 2.1562525150e-17
1.2840024578e-01 3.7926901907e-06 2.0970212053e-17
1.4237343339e-01 3.7926901907e-06 1.7551981349e-17
1.5786725650e-01 3.7926901907e-06 1.2084755649e-17
1.7504719864e-01 3.7926901907e-06 6.4092101845e-18
1.9409675211e-01 3.7926901907e-06 2.3626056628e-18
2.1521937781e-01 3.7926901907e-06 5.1846876458e-19
2.3864067833e-01 3.7926901907e-06 5.5659953989e-20
2.6461080752e-01 3.7926901907e-06 2.1294937013e-21
2.9340714225e-01 3.7926901907e-06 1.7376737014e-23
3.2533724503e-01 3.7926901907e-06 1.3909204319e-26
3.6074214893e-01 3.7926901907e-06 3.2587281501e-31
4.0000000000e-01 3.7926901907e-06 3.5658339543e-38
2.0000000000e-02 6.9519279618e-06 2.0471929192e-20
2.2176504808e-02 6.9519279618e-06 3.7940505169e-20
2.4589868274e-02 6.9519279618e-06 7.0185667086e-20
2.7265866600e-02 6.9519279618e-06 1.2961467622e-19
3.0233081086e-02 6.9519279618e-06 2.3860233954e-19
3.3523203403e-02 6.9519279618e-06 4.3745858584e-19
3.7171374071e-02 6.9519279618e-06 7.9673448236e-19
4.1216557790e-02 6.9519279618e-06 1.4368635219e-18
4.5701959599e-02 6.9519279618e-06 2.5588885049e-18
5.0675486338e-02 6.9519279618e-06 4.4669693210e-18
5.6190258320e-02 6.9519279618e-06 7.5971006511e-18
6.2305176688e-02 6.9519279618e-06 1.2482917679e-17
6.9085552518e-02 6.9519279618e-06 1.9640391670e-17
7.6603804377e-02 6.9519279618e-06 2.9364313576e-17
8.4940231802e-02 6.9519279618e-06 4.1395736077e-17
9.4183872945e-02 6.9519279618e-06 5.4475246022e-17
1.0443345556e-01 6.9519279618e-06 6.6017311698e-17
1.1579845146e-01 6.9519279618e-06 7.2446166299e-17
1.2840024578e-01 6.9519279618e-06 7.0456101922e-17
1.4237343339e-01 6.9519279618e-06 5.8971467897e-17
1.5786725650e-01 6.9519279618e-06 4.0602583014e-17
1.7504719864e-01 6.9519279618e-06 2.1533781578e-17
1.9409675211e-01 6.9519279618e-06 7.9379257090e-18
2.1521937781e-01 6.9519279618e-06 1.7419608361e-18
2.3864067833e-01 6.9519279618e-06 1.8700733123e-19
2.6461080752e-01 6.9519279618e-06 7.1547118783e-21
2.9340714225e-01 6.9519279618e-06 5.8382678776e-23
3.2533724503e-01 6.9519279618e-06 4.6732399018e-26
3.6074214893e-01 6.9519279618e-06 1.0948734429e-30
4.0000000000e-01 6.9519279618e-06 1.1980554126e-37
2.0000000000e-02 1.2742749857e-05 6.8781962053e-20
2.2176504808e-02 1.2742749857e-05 1.2747320306e-19
2.4589868274e-02 1.2742749857e-05 2.3581108771e-19
2.7265866600e-02 1.2742749857e-05 4.3548175934e-19
3.0233081086e-02 1.2742749857e-05 8.0166050353e-19
3.3523203403e-02 1.2742749857e-05 1.4697813562e-18
3.7171374071e-02 1.2742749857e-05 2.6768830832e-18
4.1216557790e-02 1.2742749857e-05 4.8276003356e-18
4.5701959599e-02 1.2742749857e-05 8.5974003915e-18
5.0675486338e-02 1.2742749857e-05 1.5008205209e-17
5.6190258320e-02 1.2742749857e-05 2.5524877690e-17
6.2305176688e-02 1.2742749857e-05 4.1940335085e-17
6.9085552518e-02 1.2742749857e-05 6.5988147081e-17
7.6603804377e-02 1.2742749857e-05 9.8658757717e-17
8.4940231802e-02 1.2742749857e-05 1.3908215104e-16
9.4183872945e-02 1.2742749857e-05 1.8302692774e-16
1.0443345556e-01 1.2742749857e-05 2.2180617105e-16
1.1579845146e-01 1.2742749857e-05 2.4340595430e-16
1.2840024578e-01 1.2742749857e-05 2.3671969962e-16
1.4237343339e-01 1.2742749857e-05 1.9813341621e-16
1.5786725650e-01 1.2742749857e-05 1.3641730088e-16
1.7504719864e-01 1.2742749857e-05 7.2349593120e-17
1.9409675211e-01 1.2742749857e-05 2.6669987952e-17
2.1521937781e-01 1.2742749857e-05 5.8526718711e-18
2.3864067833e-01 1.2742749857e-05 6.2831065112e-19
2.6461080752e-01 1.2742749857e-05 2.4038531802e-20
2.9340714225e-01 1.2742749857e-05 1.9615519175e-22
3.2533724503e-01 1.2742749857e-05 1.5701236878e-25
3.6074214893e-01 1.2742749857e-05 3.6785758145e-30
4.0000000000e-01 1.2742749857e-05 4.0252484831e-37
2.0000000000e-02 2.3357214691e-05 2.3109489387e-19
2.2176504808e-02 2.3357214691e-05 4.2828679864e-19
2.4589868274e-02 2.3357214691e-05 7.9228240460e-19
2.7265866600e-02 2.3357214691e-05 1.4631395784e-18
3.0233081086e-02 2.3357214691e-05 2.6934336191e-18
3.3523203403e-02 2.3357214691e-05 4.9381982774e-18
3.7171374071e-02 2.3357214691e-05 8.9938407330e-18
4.1216557790e-02 2.3357214691e-05 1.6219859887e-17
4.5701959599e-02 2.3357214691e-05 2.8885703050e-17
5.0675486338e-02 2.3357214691e-05 5.0424842305e-17
5.6190258320e-02 2.3357214691e-05 8.5758950819e-17
6.2305176688e-02 2.3357214691e-05 1.4091190475e-16
6.9085552518e-02 2.3357214691e-05 2.2170818324e-16
7.6603804377e-02 2.3357214691e-05 3.3147549828e-16
8.4940231802e-02 2.3357214691e-05 4.6729075437e-16
9.4183872945e-02 2.3357214691e-05 6.1493721869e-16
1.0443345556e-01 2.3357214691e-05 7.4522842952e-16
1.1579845146e-01 2.3357214691e-05 8.1779977626e-16
1.2840024578e-01 2.3357214691e-05 7.9533517550e-16
1.4237343339e-01 2.3357214691e-05 6.6569227491e-16
1.5786725650e-01 2.3357214691e-05 4.5833734206e-16
1.7504719864e-01 2.3357214691e-05 2.4308148597e-16
1.9409675211e-01 2.3357214691e-05 8.9606313217e-17
2.1521937781e-01 2.3357214691e-05 1.9663913976e-17
2.3864067833e-01 2.3357214691e-05 2.1110096151e-18
2.6461080752e-01 2.3357214691e-05 8.0765098723e-20
2.9340714225e-01 2.3357214691e-05 6.5904580021e-22
3.2533724503e-01 2.3357214691e-05 5.2753302781e-25
3.6074214893e-01 2.3357214691e-05 1.2359346289e-29
4.0000000000e-01 2.3357214691e-05 1.3524103460e-36
2.0000000000e-02 4.2813323987e-05 7.7643685030e-19
2.2176504808e-02 4.2813323987e-05 1.4389658178e-18
2.4589868274e-02 4.2813323987e-05 2.6619249109e-18
2.7265866600e-02 4.2813323987e-05 4.9158831108e-18
3.0233081086e-02 4.2813323987e-05 9.0494475265e-18
3.3523203403e-02 4.2813323987e-05 1.6591448874e-17
3.7171374071e-02 4.2813323987e-05 3.0217670559e-17
4.1216557790e-02 4.2813323987e-05 5.4495781848e-17
4.5701959599e-02 4.2813323987e-05 9.7050713319e-17
5.0675486338e-02 4.2813323987e-05 1.6941830726e-16
5.6190258320e-02 4.2813323987e-05 2.8813449117e-16
6.2305176688e-02 4.2813323987e-05 4.7343839433e-16
6.9085552518e-02 4.2813323987e-05 7.4489920827e-16
7.6603804377e-02 4.2813323987e-05 1.1136974406e-15
8.4940231802e-02 4.2813323987e-05 1.5700120216e-15
9.4183872945e-02 4.2813323987e-05 2.0660773123e-15
1.0443345556e-01 4.2813323987e-05 2.5038321050e-15
1.1579845146e-01 4.2813323987e-05 2.7476586428e-15
1.2840024578e-01 4.2813323987e-05 2.6721816664e-15
1.4237343339e-01 4.2813323987e-05 2.2366050783e-15
1.5786725650e-01 4.2813323987e-05 1.5399301832e-15
1.7504719864e-01 4.2813323987e-05 8.1670962162e-16
1.9409675211e-01 4.2813323987e-05 3.0106092971e-16
2.1521937781e-01 4.2813323987e-05 6.6067177757e-17
2.3864067833e-01 4.2813323987e-05 7.0926087074e-18
2.6461080752e-01 4.2813323987e-05 2.7135605558e-19
2.9340714225e-01 4.2813323987e-05 2.2142741310e-21
3.2533724503e-01 4.2813323987e-05 1.7724151135e-24
3.6074214893e-01 4.2813323987e-05 4.1525157669e-29
4.0000000000e-01 4.2813323987e-05 4.5438530112e-36
2.0000000000e-02 7.8475997035e-05 2.6086867278e-18
2.2176504808e-02 7.8475997035e-05 4.8346636681e-18
2.4589868274e-02 7.8475997035e-05 8.9435839923e-18
2.7265866600e-02 7.8475997035e-05 1.6516473969e-17
3.0233081086e-02 7.8475997035e-05 3.0404499280e-17
3.3523203403e-02 7.8475997035e-05 5.5744253322e-17
3.7171374071e-02 7.8475997035e-05 1.0152588211e-16
4.1216557790e-02 7.8475997035e-05 1.8309592438e-16
4.5701959599e-02 7.8475997035e-05 3.2607276131e-16
5.0675486338e-02 7.8475997035e-05 5.6921472676e-16
5.6190258320e-02 7.8475997035e-05 9.6807953235e-16
6.2305176688e-02 7.8475997035e-05 1.5906669747e-15
6.9085552518e-02 7.8475997035e-05 2.5027259814e-15
7.6603804377e-02 7.8475997035e-05 3.7418210262e-15
8.4940231802e-02 7.8475997035e-05 5.2749550997e-15
9.4183872945e-02 7.8475997035e-05 6.9416443346e-15
1.0443345556e-01 7.8475997035e-05 8.4124208920e-15
1.1579845146e-01 7.8475997035e-05 9.2316337525e-15
1.2840024578e-01 7.8475997035e-05 8.9780448270e-15
1.4237343339e-01 7.8475997035e-05 7.5145866412e-15
1.5786725650e-01 7.8475997035e-05 5.1738855890e-15
1.7504719864e-01 7.8475997035e-05 2.7439959213e-15
1.9409675211e-01 7.8475997035e-05 1.0115100169e-15
2.1521937781e-01 7.8475997035e-05 2.2197371195e-16
2.3864067833e-01 7.8475997035e-05 2.3829876433e-17
2.6461080752e-01 7.8475997035e-05 9.1170703764e-19
2.9340714225e-01 7.8475997035e-05 7.4395587163e-21
3.2533724503e-01 7.8475997035e-05 5.9549927091e-24
3.6074214893e-01 7.8475997035e-05 1.3951698408e-28
4.0000000000e-01 7.8475997035e-05 1.5266520437e-35
2.0000000000e-02 1.4384498883e-04 8.7647133712e-18
2.2176504808e-02 1.4384498883e-04 1.6243591400e-17
2.4589868274e-02 1.4384498883e-04 3.0048817042e-17
2.7265866600e-02 1.4384498883e-04 5.5492351266e-17
3.0233081086e-02 1.4384498883e-04 1.0215359267e-16
3.3523203403e-02 1.4384498883e-04 1.8729056167e-16
3.7171374071e-02 1.4384498883e-04 3.4110851525e-16
4.1216557790e-02 1.4384498883e-04 6.1516903487e-16
4.5701959599e-02 1.4384498883e-04 1.0955452261e-15
5.0675486338e-02 1.4384498883e-04 1.9124580478e-15
5.6190258320e-02 1.4384498883e-04 3.2525713154e-15
6.2305176688e-02 1.4384498883e-04 5.3443519890e-15
6.9085552518e-02 1.4384498883e-04 8.4087045178e-15
7.6603804377e-02 1.4384498883e-04 1.2571838708e-14
8.4940231802e-02 1.4384498883e-04 1.7722890603e-14
9.4183872945e-02 1.4384498883e-04 2.3322663572e-14
1.0443345556e-01 1.4384498883e-04 2.8264205545e-14
1.1579845146e-01 1.4384498883e-04 3.1016611894e-14
1.2840024578e-01 1.4384498883e-04 3.0164599185e-14
1.4237343339e-01 1.4384498883e-04 2.5247645611e-14
1.5786725650e-01 1.4384498883e-04 1.7383315413e-14
1.7504719864e-01 1.4384498883e-04 9.2193276739e-15
1.9409675211e-01 1.4384498883e-04 3.3984898517e-15
2.1521937781e-01 1.4384498883e-04 7.4579133649e-16
2.3864067833e-01 1.4384498883e-04 8.0064054598e-17
2.6461080752e-01 1.4384498883e-04 3.0631699768e-18
2.9340714225e-01 1.4384498883e-04 2.4995565417e-20
3.2533724503e-01 1.4384498883e-04 2.0007693399e-23
3.6074214893e-01 1.4384498883e-04 4.6875171435e-28
4.0000000000e-01 1.4384498883e-04 5.1292734533e-35
2.0000000000e-02 2.6366508987e-04 2.9447844259e-17
2.2176504808e-02 2.6366508987e-04 5.4575515421e-17
2.4589868274e-02 2.6366508987e-04 1.0095856498e-16
2.7265866600e-02 2.6366508987e-04 1.8644421653e-16
3.0233081086e-02 2.6366508987e-04 3.4321750865e-16
3.3523203403e-02 2.6366508987e-04 6.2926225393e-16
3.7171374071e-02 2.6366508987e-04 1.1460626271e-15
4.1216557790e-02 2.6366508987e-04 2.0668561725e-15
4.5701959599e-02 2.6366508987e-04 3.6808328841e-15
5.0675486338e-02 2.6366508987e-04 6.4255115207e-15
5.6190258320e-02 2.6366508987e-04 1.0928048583e-14
6.2305176688e-02 2.6366508987e-04 1.7956051541e-14
6.9085552518e-02 2.6366508987e-04 2.8251719203e-14
7.6603804377e-02 2.6366508987e-04 4.2239093583e-14
8.4940231802e-02 2.6366508987e-04 5.9545691935e-14
9.4183872945e-02 2.6366508987e-04 7.8359911555e-14
1.0443345556e-01 2.6366508987e-04 9.4962594637e-14
1.1579845146e-01 2.6366508987e-04 1.0421017982e-13
1.2840024578e-01 2.6366508987e-04 1.0134757194e-13
1.4237343339e-01 2.6366508987e-04 8.4827501409e-14
1.5786725650e-01 2.6366508987e-04 5.8404781000e-14
1.7504719864e-01 2.6366508987e-04 3.0975265706e-14
1.9409675211e-01 2.6366508987e-04 1.1418308349e-14
2.1521937781e-01 2.6366508987e-04 2.5057233701e-15
2.3864067833e-01 2.6366508987e-04 2.6900067471e-16
2.6461080752e-01 2.6366508987e-04 1.0291694502e-17
2.9340714225e-01 2.6366508987e-04 8.3980557764e-20
3.2533724503e-01 2.6366508987e-04 6.7222214147e-23
3.6074214893e-01 2.6366508987e-04 1.5749205816e-27
4.0000000000e-01 2.6366508987e-04 1.7233426744e-34
2.0000000000e-02 4.8329302386e-04 9.8939405632e-17
2.2176504808e-02 4.8329302386e-04 1.8336381470e-16
2.4589868274e-02 4.8329302386e-04 3.3920243277e-16
2.7265866600e-02 4.8329302386e-04 6.2641868808e-16
3.0233081086e-02 4.8329302386e-04 1.1531484617e-15
3.3523203403e-02 4.8329302386e-04 2.1142068276e-15
3.7171374071e-02 4.8329302386e-04 3.8505621719e-15
4.1216557790e-02 4.8329302386e-04 6.9442611635e-15
4.5701959599e-02 4.8329302386e-04 1.2366929633e-14
5.0675486338e-02 4.8329302386e-04 2.1588551106e-14
5.6190258320e-02 4.8329302386e-04 3.6716257462e-14
6.2305176688e-02 4.8329302386e-04 6.0329070317e-14
6.9085552518e-02 4.8329302386e-04 9.4920642797e-14
7.6603804377e-02 4.8329302386e-04 1.4191567902e-13
8.4940231802e-02 4.8329302386e-04 2.0006270463e-13
9.4183872945e-02 4.8329302386e-04 2.6327506375e-13
1.0443345556e-01 4.8329302386e-04 3.1905706198e-13
1.1579845146e-01 4.8329302386e-04 3.5012726777e-13
1.2840024578e-01 4.8329302386e-04 3.4050942547e-13
1.4237343339e-01 4.8329302386e-04 2.8500499041e-13
1.5786725650e-01 4.8329302386e-04 1.9622945121e-13
1.7504719864e-01 4.8329302386e-04 1.0407126414e-13
1.9409675211e-01 4.8329302386e-04 3.8363441191e-14
2.1521937781e-01 4.8329302386e-04 8.4187751992e-15
2.3864067833e-01 4.8329302386e-04 9.0379338592e-16
2.6461080752e-01 4.8329302386e-04 3.4578223385e-17
2.9340714225e-01 4.8329302386e-04 2.8215941367e-19
3.2533724503e-01 4.8329302386e-04 2.2585442434e-22
3.6074214893e-01 4.8329302386e-04 5.2914469695e-27
4.0000000000e-01 4.8329302386e-04 5.7901182309e-34
2.0000000000e-02 8.8586679041e-04 3.3241842428e-16
2.2176504808e-02 8.8586679041e-04 6.1606909766e-16
2.4589868274e-02 8.8586679041e-04 1.1396585364e-15
2.7265866600e-02 8.8586679041e-04 2.1046529631e-15
3.0233081086e-02 8.8586679041e-04 3.8743692886e-15
3.3523203403e-02 8.8586679041e-04 7.1033507604e-15
3.7171374071e-02 8.8586679041e-04 1.2937189198e-14
4.1216557790e-02 8.8586679041e-04 2.3331455642e-14
4.5701959599e-02 8.8586679041e-04 4.1550636325e-14
5.0675486338e-02 8.8586679041e-04 7.2533608780e-14
5.6190258320e-02 8.8586679041e-04 1.2335995322e-13
6.2305176688e-02 8.8586679041e-04 2.0269471365e-13
6.9085552518e-02 8.8586679041e-04 3.1891611142e-13
7.6603804377e-02 8.8586679041e-04 4.7681089347e-13
8.4940231802e-02 8.8586679041e-04 6.7217433343e-13
9.4183872945e-02 8.8586679041e-04 8.8455637352e-13
1.0443345556e-01 8.8586679041e-04 1.0719737512e-12
1.1579845146e-01 8.8586679041e-04 1.1763639968e-12
1.2840024578e-01 8.8586679041e-04 1.1440497944e-12
1.4237343339e-01 8.8586679041e-04 9.5756497848e-13
1.5786725650e-01 8.8586679041e-04 6.5929529849e-13
1.7504719864e-01 8.8586679041e-04 3.4966053634e-13
1.9409675211e-01 8.8586679041e-04 1.2889419124e-13
2.1521937781e-01 8.8586679041e-04 2.8285554862e-14
2.3864067833e-01 8.8586679041e-04 3.0365815450e-15
2.6461080752e-01 8.8586679041e-04 1.1617654724e-16
2.9340714225e-01 8.8586679041e-04 9.4800435768e-19
3.2533724503e-01 8.8586679041e-04 7.5882982492e-22
3.6074214893e-01 8.8586679041e-04 1.7778300289e-26
4.0000000000e-01 8.8586679041e-04 1.9453745112e-33
2.0000000000e-02 1.6237767392e-03 1.1168655006e-15
2.2176504808e-02 1.6237767392e-03 2.0698802199e-15
2.4589868274e-02 1.6237767392e-03 3.8290455907e-15
2.7265866600e-02 1.6237767392e-03 7.0712515116e-15
3.0233081086e-02 1.6237767392e-03 1.3017176784e-14
3.3523203403e-02 1.6237767392e-03 2.3865967779e-14
3.7171374071e-02 1.6237767392e-03 4.3466604840e-14
4.1216557790e-02 1.6237767392e-03 7.8389451311e-14
4.5701959599e-02 1.6237767392e-03 1.3960258773e-13
5.0675486338e-02 1.6237767392e-03 2.4369974515e-13
5.6190258320e-02 1.6237767392e-03 4.1446702664e-13
6.2305176688e-02 1.6237767392e-03 6.8101740544e-13
6.9085552518e-02 1.6237767392e-03 1.0715001829e-12
7.6603804377e-02 1.6237767392e-03 1.6019979590e-12
8.4940231802e-02 1.6237767392e-03 2.2583836170e-12
9.4183872945e-02 1.6237767392e-03 2.9719486790e-12
1.0443345556e-01 1.6237767392e-03 3.6016370117e-12
1.1579845146e-01 1.6237767392e-03 3.9523692678e-12
1.2840024578e-01 1.6237767392e-03 3.8437994195e-12
1.4237343339e-01 1.6237767392e-03 3.2172443250e-12
1.5786725650e-01 1.6237767392e-03 2.2151123999e-12
1.7504719864e-01 1.6237767392e-03 1.1747958640e-12
1.9409675211e-01 1.6237767392e-03 4.3306106071e-13
2.1521937781e-01 1.6237767392e-03 9.5034324464e-14
2.3864067833e-01 1.6237767392e-03 1.0202362203e-14
2.6461080752e-01 1.6237767392e-03 3.9033208784e-16
2.9340714225e-01 1.6237767392e-03 3.1851223764e-18
3.2533724503e-01 1.6237767392e-03 2.5495303220e-21
3.6074214893e-01 1.6237767392e-03 5.9731858410e-26
4.0000000000e-01 1.6237767392e-03 6.5361048563e-33
2.0000000000e-02 2.9763514416e-03 3.7524651322e-15
2.2176504808e-02 2.9763514416e-03 6.9544214133e-15
2.4589868274e-02 2.9763514416e-03 1.2864897395e-14
2.7265866600e-02 2.9763514416e-03 2.3758120136e-14
3.0233081086e-02 2.9763514416e-03 4.3735348593e-14
3.3523203403e-02 2.9763514416e-03 8.0185314963e-14
3.7171374071e-02 2.9763514416e-03 1.4603989378e-13
4.1216557790e-02 2.9763514416e-03 2.6337431197e-13
4.5701959599e-02 2.9763514416e-03 4.6903932707e-13
5.0675486338e-02 2.9763514416e-03 8.1878686012e-13
5.6190258320e-02 2.9763514416e-03 1.3925338952e-12
6.2305176688e-02 2.9763514416e-03 2.2880947321e-12
6.9085552518e-02 2.9763514416e-03 3.6000459083e-12
7.6603804377e-02 2.9763514416e-03 5.3824220372e-12
8.4940231802e-02 2.9763514416e-03 7.5877585739e-12
9.4183872945e-02 2.9763514416e-03 9.9852075176e-12
1.0443345556e-01 2.9763514416e-03 1.2100845892e-11
1.1579845146e-01 2.9763514416e-03 1.3279242540e-11
1.2840024578e-01 2.9763514416e-03 1.2914467578e-11
1.4237343339e-01 2.9763514416e-03 1.0809356315e-11
1.5786725650e-01 2.9763514416e-03 7.4423751474e-12
1.7504719864e-01 2.9763514416e-03 3.9471006264e-12
1.9409675211e-01 2.9763514416e-03 1.4550064709e-12
2.1521937781e-01 2.9763514416e-03 3.1929806116e-13
2.3864067833e-01 2.9763514416e-03 3.4278083092e-14
2.6461080752e-01 2.9763514416e-03 1.3114448864e-15
2.9340714225e-01 2.9763514416e-03 1.0701432404e-17
3.2533724503e-01 2.9763514416e-03 8.5659585971e-21
3.6074214893e-01 2.9763514416e-03 2.0068819016e-25
4.0000000000e-01 2.9763514416e-03 2.1960124617e-32
2.0000000000e-02 5.4555947812e-03 1.2607600970e-14
2.2176504808e-02 5.4555947812e-03 2.3365592235e-14
2.4589868274e-02 5.4555947812e-03 4.3223717517e-14
2.7265866600e-02 5.4555947812e-03 7.9822966479e-14
3.0233081086e-02 5.4555947812e-03 1.4694282396e-13
3.3523203403e-02 5.4555947812e-03 2.6940808750e-13
3.7171374071e-02 5.4555947812e-03 4.9066750566e-13
4.1216557790e-02 5.4555947812e-03 8.8488982948e-13
4.5701959599e-02 5.4555947812e-03 1.5758869081e-12
5.0675486338e-02 5.4555947812e-03 2.7509750652e-12
5.6190258320e-02 5.4555947812e-03 4.6786608452e-12
6.2305176688e-02 5.4555947812e-03 7.6875825216e-12
6.9085552518e-02 5.4555947812e-03 1.2095500074e-11
7.6603804377e-02 5.4555947812e-03 1.8083959985e-11
8.4940231802e-02 5.4555947812e-03 2.5493490009e-11
9.4183872945e-02 5.4555947812e-03 3.3548482810e-11
1.0443345556e-01 5.4555947812e-03 4.0656643309e-11
1.1579845146e-01 5.4555947812e-03 4.4615841914e-11
1.2840024578e-01 5.4555947812e-03 4.3390264327e-11
1.4237343339e-01 5.4555947812e-03 3.6317473009e-11
1.5786725650e-01 5.4555947812e-03 2.5005028114e-11
1.7504719864e-01 5.4555947812e-03 1.3261540863e-11
1.9409675211e-01 5.4555947812e-03 4.8885573475e-12
2.1521937781e-01 5.4555947812e-03 1.0727834647e-12
2.3864067833e-01 5.4555947812e-03 1.1516813039e-13
2.6461080752e-01 5.4555947812e-03 4.4062165109e-15
2.9340714225e-01 5.4555947812e-03 3.5954868282e-17
3.2533724503e-01 5.4555947812e-03 2.8780064334e-20
3.6074214893e-01 5.4555947812e-03 6.7427585114e-25
4.0000000000e-01 5.4555947812e-03 7.3782028259e-32
2.0000000000e-02 1.0000000000e-02 4.2359248284e-14
2.2176504808e-02 1.0000000000e-02 7.8504144061e-14
2.4589868274e-02 1.0000000000e-02 1.4522383652e-13
2.7265866600e-02 1.0000000000e-02 2.6819066244e-13
3.0233081086e-02 1.0000000000e-02 4.9370118698e-13
3.3523203403e-02 1.0000000000e-02 9.0516221887e-13
3.7171374071e-02 1.0000000000e-02 1.6485536580e-12
4.1216557790e-02 1.0000000000e-02 2.9730690304e-12
4.5701959599e-02 1.0000000000e-02 5.2946936509e-12
5.0675486338e-02 1.0000000000e-02 9.2427763292e-12
5.6190258320e-02 1.0000000000e-02 1.5719450263e-11
6.2305176688e-02 1.0000000000e-02 2.5828880333e-11
6.9085552518e-02 1.0000000000e-02 4.0638682331e-11
7.6603804377e-02 1.0000000000e-02 6.0758819446e-11
8.4940231802e-02 1.0000000000e-02 8.5653493912e-11
9.4183872945e-02 1.0000000000e-02 1.1271680602e-10
1.0443345556e-01 1.0000000000e-02 1.3659893365e-10
1.1579845146e-01 1.0000000000e-02 1.4990112152e-10
1.2840024578e-01 1.0000000000e-02 1.4578340353e-10
1.4237343339e-01 1.0000000000e-02 1.2202010993e-10
1.5786725650e-01 1.0000000000e-02 8.4012350706e-11
1.7504719864e-01 1.0000000000e-02 4.4556367494e-11
1.9409675211e-01 1.0000000000e-02 1.6424664370e-11
2.1521937781e-01 1.0000000000e-02 3.6043575018e-12
2.3864067833e-01 1.0000000000e-02 3.8694399049e-13
2.6461080752e-01 1.0000000000e-02 1.4804086807e-14
2.9340714225e-01 1.0000000000e-02 1.2080182393e-16
3.2533724503e-01 1.0000000000e-02 9.6695786431e-20
3.6074214893e-01 1.0000000000e-02 2.2654443346e-24
4.0000000000e-01 1.0000000000e-02 2.4789420774e-31
