2.0000000000e-02 1.0000000000e-07 4.2498028422e-38
2.2176504808e-02 1.0000000000e-07 7.8893308739e-38
2.4589868274e-02 1.0000000000e-07 1.4631182697e-37
2.7265866600e-02 1.0000000000e-07 2.7122917145e-37
3.0233081086e-02 1.0000000000e-07 5.0215345669e-37
3.3523203403e-02 1.0000000000e-07 9.2859178019e-37
3.7171374071e-02 1.0000000000e-07 1.7130058450e-36
4.1216557790e-02 1.0000000000e-07 3.1482752107e-36
4.5701959599e-02 1.0000000000e-07 5.7655545815e-36
5.0675486338e-02 1.0000000000e-07 1.0477166695e-35
5.6190258320e-02 1.0000000000e-07 1.8861178327e-35
6.2305176688e-02 1.0000000000e-07 3.3508960332e-35
6.9085552518e-02 1.0000000000e-07 5.8427475280e-35
7.6603804377e-02 1.0000000000e-07 9.9481318336e-35
8.4940231802e-02 1.0000000000e-07 1.6452482472e-34
9.4183872945e-02 1.0000000000e-07 2.6280849927e-34
1.0443345556e-01 1.0000000000e-07 4.0385809124e-34
1.1579845146e-01 1.0000000000e-07 5.9515867411e-34
1.2840024578e-01 1.0000000000e-07 8.3753141619e-34
1.4237343339e-01 1.0000000000e-07 1.1231307230e-33
1.5786725650e-01 1.0000000000e-07 1.4353248581e-33
1.7504719864e-01 1.0000000000e-07 1.7549155784e-33
1.9409675211e-01 1.0000000000e-07 2.0624478022e-33
2.1521937781e-01 1.0000000000e-07 2.3448632962e-33
2.3864067833e-01 1.0000000000e-07 2.5940488912e-33
2.6461080752e-01 1.0000000000e-07 2.7674013901e-33
2.9340714225e-01 1.0000000000e-07 2.8074205778e-33
3.2533724503e-01 1.0000000000e-07 2.6442948436e-33
3.6074214893e-01 1.0000000000e-07 2.2066057825e-33
4.0000000000e-01 1.0000000000e-07 1.4723166635e-33
2.0000000000e-02 1.8329807108e-07 4.7973384804e-37
2.2176504808e-02 1.8329807108e-07 8.9057756305e-37
2.4589868274e-02 1.8329807108e-07 1.6516233429e-36
2.7265866600e-02 1.8329807108e-07 3.0617376606e-36
3.0233081086e-02 1.8329807108e-07 5.6684984935e-36
3.3523203403e-02 1.8329807108e-07 1.0482295874e-35
3.7171374071e-02 1.8329807108e-07 1.9337059065e-35
4.1216557790e-02 1.8329807108e-07 3.5538923512e-35
4.5701959599e-02 1.8329807108e-07 6.5083764782e-35
5.0675486338e-02 1.8329807108e-07 1.1827022763e-34
5.6190258320e-02 1.8329807108e-07 2.1291212778e-34
6.2305176688e-02 1.8329807108e-07 3.7826184134e-34
6.9085552518e-02 1.8329807108e-07 6.5955148012e-34
7.6603804377e-02 1.8329807108e-07 1.1229828165e-33
8.4940231802e-02 1.8329807108e-07 1.8572185626e-33
9.4183872945e-02 1.8329807108e-07 2.9666819223e-33
1.0443345556e-01 1.8329807108e-07 4.5589031625e-33
1.1579845146e-01 1.8329807108e-07 6.7183766290e-33
1.2840024578e-01 1.8329807108e-07 9.4543719807e-33
1.4237343339e-01 1.8329807108e-07 1.2678325174e-32
1.5786725650e-01 1.8329807108e-07 1.6202490867e-32
1.7504719864e-01 1.8329807108e-07 1.9810152017e-32
1.9409675211e-01 1.8329807108e-07 2.3281692287e-32
2.1521937781e-01 1.8329807108e-07 2.6469705396e-32
2.3864067833e-01 1.8329807108e-07 2.9282606813e-32
2.6461080752e-01 1.8329807108e-07 3.1239475506e-32
2.9340714225e-01 1.8329807108e-07 3.1691227262e-32
3.2533724503e-01 1.8329807108e-07 2.9849802162e-32
3.6074214893e-01 1.8329807108e-07 2.4909002193e-32
4.0000000000e-01 1.8329807108e-07 1.6620068383e-32
2.0000000000e-02 3.3598182863e-07 5.4154174559e-36
2.2176504808e-02 3.3598182863e-07 1.0053176987e-35
2.4589868274e-02 3.3598182863e-07 1.8644150122e-35
2.7265866600e-02 3.3598182863e-07 3.4562054857e-35
3.0233081086e-02 3.3598182863e-07 6.3988158885e-35
3.3523203403e-02 3.3598182863e-07 1.1832812774e-34
3.7171374071e-02 3.3598182863e-07 2.1828404986e-34
4.1216557790e-02 3.3598182863e-07 4.0117683491e-34
4.5701959599e-02 3.3598182863e-07 7.3469019819e-34
5.0675486338e-02 3.3598182863e-07 1.3350791441e-33
5.6190258320e-02 3.3598182863e-07 2.4034327743e-33
6.2305176688e-02 3.3598182863e-07 4.2699629948e-33
6.9085552518e-02 3.3598182863e-07 7.4452670228e-33
7.6603804377e-02 3.3598182863e-07 1.2676655550e-32
8.4940231802e-02 3.3598182863e-07 2.0964986866e-32
9.4183872945e-02 3.3598182863e-07 3.3489029665e-32
1.0443345556e-01 3.3598182863e-07 5.1462626344e-32
1.1579845146e-01 3.3598182863e-07 7.5839581095e-32
1.2840024578e-01 3.3598182863e-07 1.0672453334e-31
1.4237343339e-01 3.3598182863e-07 1.4311773860e-31
1.5786725650e-01 3.3598182863e-07 1.8289985630e-31
1.7504719864e-01 3.3598182863e-07 2.2362450236e-31
1.9409675211e-01 3.3598182863e-07 2.6281256436e-31
2.1521937781e-01 3.3598182863e-07 2.9880006433e-31
2.3864067833e-01 3.3598182863e-07 3.3055316137e-31
2.6461080752e-01 3.3598182863e-07 3.5264303667e-31
2.9340714225e-01 3.3598182863e-07 3.5774258167e-31
3.2533724503e-01 3.3598182863e-07 3.3695587740e-31
3.6074214893e-01 3.3598182863e-07 2.8118225520e-31
4.0000000000e-01 3.3598182863e-07 1.8761362953e-31
2.0000000000e-02 6.1584821107e-07 6.1131284235e-35
2.2176504808e-02 6.1584821107e-07 1.1348407114e-34
2.4589868274e-02 6.1584821107e-07 2.1046223116e-34
2.7265866600e-02 6.1584821107e-07 3.9014957137e-34
3.0233081086e-02 6.1584821107e-07 7.2232258368e-34
3.3523203403e-02 6.1584821107e-07 1.3357327425e-33
3.7171374071e-02 6.1584821107e-07 2.4640730664e-33
4.1216557790e-02 6.1584821107e-07 4.5286361251e-33
4.5701959599e-02 6.1584821107e-07 8.2934613437e-33
5.0675486338e-02 6.1584821107e-07 1.5070879262e-32
5.6190258320e-02 6.1584821107e-07 2.7130859858e-32
6.2305176688e-02 6.1584821107e-07 4.8200960246e-32
6.9085552518e-02 6.1584821107e-07 8.4044995290e-32
7.6603804377e-02 6.1584821107e-07 1.4309889125e-31
8.4940231802e-02 6.1584821107e-07 2.3666071573e-31
9.4183872945e-02 6.1584821107e-07 3.7803685641e-31
1.0443345556e-01 6.1584821107e-07 5.8092962622e-31
1.1579845146e-01 6.1584821107e-07 8.5610592829e-31
1.2840024578e-01 6.1584821107e-07 1.2047469721e-30
1.4237343339e-01 6.1584821107e-07 1.6155672630e-30
1.5786725650e-01 6.1584821107e-07 2.0646428818e-30
1.7504719864e-01 6.1584821107e-07 2.5243581178e-30
1.9409675211e-01 6.1584821107e-07 2.9667278106e-30
2.1521937781e-01 6.1584821107e-07 3.3729683465e-30
2.3864067833e-01 6.1584821107e-07 3.7314093378e-30
2.6461080752e-01 6.1584821107e-07 3.9807682204e-30
2.9340714225e-01 6.1584821107e-07 4.0383338166e-30
3.2533724503e-01 6.1584821107e-07 3.8036856224e-30
3.6074214893e-01 6.1584821107e-07 3.1740918413e-30
4.0000000000e-01 6.1584821107e-07 2.1178537401e-30
2.0000000000e-02 1.1288378917e-06 6.9007310012e-34
2.2176504808e-02 1.1288378917e-06 1.2810511961e-33
2.4589868274e-02 1.1288378917e-06 2.3757774131e-33
2.7265866600e-02 1.1288378917e-06 4.4041561958e-33
3.0233081086e-02 1.1288378917e-06 8.1538510248e-33
3.3523203403e-02 1.1288378917e-06 1.5078257329e-32
3.7171374071e-02 1.1288378917e-06 2.7815390452e-32
4.1216557790e-02 1.1288378917e-06 5.1120960556e-32
4.5701959599e-02 1.1288378917e-06 9.3619734180e-32
5.0675486338e-02 1.1288378917e-06 1.7012579572e-31
5.6190258320e-02 1.1288378917e-06 3.0626342642e-31
6.2305176688e-02 1.1288378917e-06 5.4411070341e-31
6.9085552518e-02 1.1288378917e-06 9.4873175290e-31
7.6603804377e-02 1.1288378917e-06 1.6153545070e-30
8.4940231802e-02 1.1288378917e-06 2.6715158339e-30
9.4183872945e-02 1.1288378917e-06 4.2674232797e-30
1.0443345556e-01 1.1288378917e-06 6.5577537448e-30
1.1579845146e-01 1.1288378917e-06 9.6640481115e-30
1.2840024578e-01 1.1288378917e-06 1.3599640319e-29
1.4237343339e-01 1.1288378917e-06 1.8237135431e-29
1.5786725650e-01 1.1288378917e-06 2.3306471178e-29
1.7504719864e-01 1.1288378917e-06 2.8495910955e-29
1.9409675211e-01 1.1288378917e-06 3.3489547669e-29
2.1521937781e-01 1.1288378917e-06 3.8075344770e-29
2.3864067833e-01 1.1288378917e-06 4.2121562498e-29
2.6461080752e-01 1.1288378917e-06 4.4936420052e-29
2.9340714225e-01 1.1288378917e-06 4.5586242314e-29
3.2533724503e-01 1.1288378917e-06 4.2937444586e-29
3.6074214893e-01 1.1288378917e-06 3.5830351422e-29
4.0000000000e-01 1.1288378917e-06 2.3907135508e-29
2.0000000000e-02 2.0691380811e-06 7.7898066345e-33
2.2176504808e-02 2.0691380811e-06 1.4460991313e-32
2.4589868274e-02 2.0691380811e-06 2.6818675661e-32
2.7265866600e-02 2.0691380811e-06 4.9715783947e-32
3.0233081086e-02 2.0691380811e-06 9.2043759999e-32
3.3523203403e-02 2.0691380811e-06 1.6879992382e-31
3.7171374071e-02 2.0691380811e-06 3.1399066714e-31
4.1216557790e-02 2.0691380811e-06 5.7707277335e-31
4.5701959599e-02 2.0691380811e-06 1.0568150335e-30
5.0675486338e-02 2.0691380811e-06 1.9204444456e-30
5.6190258320e-02 2.0691380811e-06 3.4572176058e-30
6.2305176688e-02 2.0691380811e-06 6.1421277929e-30
6.9085552518e-02 2.0691380811e-06 1.0709643517e-29
7.6603804377e-02 2.0691380811e-06 1.8234733760e-29
8.4940231802e-02 2.0691380811e-06 3.0157083016e-29
9.4183872945e-02 2.0691380811e-06 4.8172290980e-29
1.0443345556e-01 2.0691380811e-06 7.4026409115e-29
1.1579845146e-01 2.0691380811e-06 1.0909143695e-28
1.2840024578e-01 2.0691380811e-06 1.5351789306e-28
1.4237343339e-01 2.0691380811e-06 2.0586769510e-28
1.5786725650e-01 2.0691380811e-06 2.6309227787e-28
1.7504719864e-01 2.0691380811e-06 3.2167264044e-28
1.9409675211e-01 2.0691380811e-06 3.7804270385e-28
2.1521937781e-01 2.0691380811e-06 4.2980891915e-28
2.3864067833e-01 2.0691380811e-06 4.7548415805e-28
2.6461080752e-01 2.0691380811e-06 5.0725933671e-28
2.9340714225e-01 2.0691380811e-06 5.1459477664e-28
3.2533724503e-01 2.0691380811e-06 4.8469414421e-28
3.6074214893e-01 2.0691380811e-06 4.0446658357e-28
4.0000000000e-01 2.0691380811e-06 2.6987280444e-28
2.0000000000e-02 3.7926901907e-06 8.7934288979e-32
2.2176504808e-02 3.7926901907e-06 1.6324114946e-31
2.4589868274e-02 3.7926901907e-06 3.0273937291e-31
2.7265866600e-02 3.7926901907e-06 5.6121060735e-31
3.0233081086e-02 3.7926901907e-06 1.0390248398e-30
3.3523203403e-02 3.7926901907e-06 1.9213846142e-30
3.7171374071e-02 3.7926901907e-06 3.5444456270e-30
4.1216557790e-02 3.7926901907e-06 6.5142161282e-30
4.5701959599e-02 3.7926901907e-06 1.1929728543e-29
5.0675486338e-02 3.7926901907e-06 2.1678704591e-29
5.6190258320e-02 3.7926901907e-06 3.9026382332e-29
6.2305176688e-02 3.7926901907e-06 6.9334665881e-29
6.9085552518e-02 3.7926901907e-06 1.2089451409e-28
7.6603804377e-02 3.7926901907e-06 2.0584058413e-28
8.4940231802e-02 3.7926901907e-06 3.4042458011e-28
9.4183872945e-02 3.7926901907e-06 5.4378707387e-28
1.0443345556e-01 3.7926901907e-06 8.3563815595e-28
1.1579845146e-01 3.7926901907e-06 1.2314654769e-27
1.2840024578e-01 3.7926901907e-06 1.7329681474e-27
1.4237343339e-01 3.7926901907e-06 2.3239125490e-27
1.5786725650e-01 3.7926901907e-06 2.9698853227e-27
1.7504719864e-01 3.7926901907e-06 3.6311626525e-27
1.9409675211e-01 3.7926901907e-06 4.2674892878e-27
2.1521937781e-01 3.7926901907e-06 4.8518459413e-27
2.3864067833e-01 3.7926901907e-06 5.3674453450e-27
2.6461080752e-01 3.7926901907e-06 5.7261356019e-27
2.9340714225e-01 3.7926901907e-06 5.8089408273e-27
3.2533724503e-01 3.7926901907e-06 5.4714111586e-27
3.6074214893e-01 3.7926901907e-06 4.5657720546e-27
4.0000000000e-01 3.7926901907e-06 3.0464264758e-27
2.0000000000e-02 6.9519279618e-06 9.9263557378e-31
2.2176504808e-02 6.9519279618e-06 1.8427279499e-30
2.4589868274e-02 6.9519279618e-06 3.4174367544e-30
2.7265866600e-02 6.9519279618e-06 6.3351579879e-30
3.0233081086e-02 6.9519279618e-06 1.1728906096e-29
3.3523203403e-02 6.9519279618e-06 2.1689317570e-29
3.7171374071e-02 6.9519279618e-06 4.0011045288e-29
4.1216557790e-02 6.9519279618e-06 7.3534940001e-29
4.5701959599e-02 6.9519279618e-06 1.3466729617e-28
5.0675486338e-02 6.9519279618e-06 2.4471743185e-28
5.6190258320e-02 6.9519279618e-06 4.4054459151e-28
6.2305176688e-02 6.9519279618e-06 7.8267598054e-28
6.9085552518e-02 6.9519279618e-06 1.3647030840e-27
7.6603804377e-02 6.9519279618e-06 2.3236065101e-27
8.4940231802e-02 6.9519279618e-06 3.8428416529e-27
9.4183872945e-02 6.9519279618e-06 6.1384745400e-27
1.0443345556e-01 6.9519279618e-06 9.4330001417e-27
1.1579845146e-01 6.9519279618e-06 1.3901248926e-26
1.2840024578e-01 6.9519279618e-06 1.9562401098e-26
1.4237343339e-01 6.9519279618e-06 2.6233205423e-26
1.5786725650e-01 6.9519279618e-06 3.3525190862e-26
1.7504719864e-01 6.9519279618e-06 4.0989939930e-26
1.9409675211e-01 6.9519279618e-06 4.8173036104e-26
2.1521937781e-01 6.9519279618e-06 5.4769475431e-26
2.3864067833e-01 6.9519279618e-06 6.0589756870e-26
2.6461080752e-01 6.9519279618e-06 6.4638788403e-26
2.9340714225e-01 6.9519279618e-06 6.5573525164e-26
3.2533724503e-01 6.9519279618e-06 6.1763362368e-26
3.6074214893e-01 6.9519279618e-06 5.1540165000e-26
4.0000000000e-01 6.9519279618e-06 3.4389216401e-26
2.0000000000e-02 1.2742749857e-05 1.1205246483e-29
2.2176504808e-02 1.2742749857e-05 2.0801411339e-29
2.4589868274e-02 1.2742749857e-05 3.8577321008e-29
2.7265866600e-02 1.2742749857e-05 7.1513663865e-29
3.0233081086e-02 1.2742749857e-05 1.3240033629e-28
3.3523203403e-02 1.2742749857e-05 2.4483723518e-28
3.7171374071e-02 1.2742749857e-05 4.5165984007e-28
4.1216557790e-02 1.2742749857e-05 8.3009026636e-28
4.5701959599e-02 1.2742749857e-05 1.5201754669e-27
5.0675486338e-02 1.2742749857e-05 2.7624630983e-27
5.6190258320e-02 1.2742749857e-05 4.9730342788e-27
6.2305176688e-02 1.2742749857e-05 8.8351430375e-27
6.9085552518e-02 1.2742749857e-05 1.5405285521e-26
7.6603804377e-02 1.2742749857e-05 2.6229750740e-26
8.4940231802e-02 1.2742749857e-05 4.3379452695e-26
9.4183872945e-02 1.2742749857e-05 6.9293426578e-26
1.0443345556e-01 1.2742749857e-05 1.0648327992e-25
1.1579845146e-01 1.2742749857e-05 1.5692256530e-25
1.2840024578e-01 1.2742749857e-05 2.2082779612e-25
1.4237343339e-01 1.2742749857e-05 2.9613036302e-25
1.5786725650e-01 1.2742749857e-05 3.7844505771e-25
1.7504719864e-01 1.2742749857e-05 4.6270997371e-25
1.9409675211e-01 1.2742749857e-05 5.4379548512e-25
2.1521937781e-01 1.2742749857e-05 6.1825859174e-25
2.3864067833e-01 1.2742749857e-05 6.8396013403e-25
2.6461080752e-01 1.2742749857e-05 7.2966713622e-25
2.9340714225e-01 1.2742749857e-05 7.4021879897e-25
3.2533724503e-01 1.2742749857e-05 6.9720823759e-25
3.6074214893e-01 1.2742749857e-05 5.8180491196e-25
4.0000000000e-01 1.2742749857e-05 3.8819850539e-25
2.0000000000e-02 2.3357214691e-05 1.2648906816e-28
2.2176504808e-02 2.3357214691e-05 2.3481421320e-28
2.4589868274e-02 2.3357214691e-05 4.3547541714e-28
2.7265866600e-02 2.3357214691e-05 8.0727333544e-28
3.0233081086e-02 2.3357214691e-05 1.4945851647e-27
3.3523203403e-02 2.3357214691e-05 2.7638154837e-27
3.7171374071e-02 2.3357214691e-05 5.0985074162e-27
4.1216557790e-02 2.3357214691e-05 9.3703734619e-27
4.5701959599e-02 2.3357214691e-05 1.7160316690e-26
5.0675486338e-02 2.3357214691e-05 3.1183730197e-26
5.6190258320e-02 2.3357214691e-05 5.6137495305e-26
6.2305176688e-02 2.3357214691e-05 9.9734442392e-26
6.9085552518e-02 2.3357214691e-05 1.7390070028e-25
7.6603804377e-02 2.3357214691e-05 2.9609136525e-25
8.4940231802e-02 2.3357214691e-05 4.8968369923e-25
9.4183872945e-02 2.3357214691e-05 7.8221045566e-25
1.0443345556e-01 2.3357214691e-05 1.2020236121e-24
1.1579845146e-01 2.3357214691e-05 1.7714013777e-24
1.2840024578e-01 2.3357214691e-05 2.4927878380e-24
1.4237343339e-01 2.3357214691e-05 3.3428317465e-24
1.5786725650e-01 2.3357214691e-05 4.2720312106e-24
1.7504719864e-01 2.3357214691e-05 5.2232455118e-24
1.9409675211e-01 2.3357214691e-05 6.1385694893e-24
2.1521937781e-01 2.3357214691e-05 6.9791372522e-24
2.3864067833e-01 2.3357214691e-05 7.7208011570e-24
2.6461080752e-01 2.3357214691e-05 8.2367591169e-24
2.9340714225e-01 2.3357214691e-05 8.3558702841e-24
3.2533724503e-01 2.3357214691e-05 7.8703507698e-24
3.6074214893e-01 2.3357214691e-05 6.5676343019e-24
4.0000000000e-01 2.3357214691e-05 4.3821318238e-24
2.0000000000e-02 4.2813323987e-05 1.4278565302e-27
2.2176504808e-02 4.2813323987e-05 2.6506718137e-27
2.4589868274e-02 4.2813323987e-05 4.9158115176e-27
2.7265866600e-02 4.2813323987e-05 9.1128073000e-27
3.0233081086e-02 4.2813323987e-05 1.6871443663e-26
3.3523203403e-02 4.2813323987e-05 3.1198996436e-26
3.7171374071e-02 4.2813323987e-05 5.7553883625e-26
4.1216557790e-02 4.2813323987e-05 1.0577632623e-25
4.5701959599e-02 4.2813323987e-05 1.9371215713e-25
5.0675486338e-02 4.2813323987e-05 3.5201376251e-25
5.6190258320e-02 4.2813323987e-05 6.3370131845e-25
6.2305176688e-02 4.2813323987e-05 1.1258401768e-24
6.9085552518e-02 4.2813323987e-05 1.9630569987e-24
7.6603804377e-02 4.2813323987e-05 3.3423915249e-24
8.4940231802e-02 4.2813323987e-05 5.5277351463e-24
9.4183872945e-02 4.2813323987e-05 8.8298880163e-24
1.0443345556e-01 4.2813323987e-05 1.3568898000e-23
1.1579845146e-01 4.2813323987e-05 1.9996249965e-23
1.2840024578e-01 4.2813323987e-05 2.8139533674e-23
1.4237343339e-01 4.2813323987e-05 3.7735151410e-23
1.5786725650e-01 4.2813323987e-05 4.8224307050e-23
1.7504719864e-01 4.2813323987e-05 5.8961974513e-23
1.9409675211e-01 4.2813323987e-05 6.9294498402e-23
2.1521937781e-01 4.2813323987e-05 7.8783145815e-23
2.3864067833e-01 4.2813323987e-05 8.7155329002e-23
2.6461080752e-01 4.2813323987e-05 9.2979657958e-23
2.9340714225e-01 4.2813323987e-05 9.4324229947e-23
3.2533724503e-01 4.2813323987e-05 8.8843501698e-23
3.6074214893e-01 4.2813323987e-05 7.4137944587e-23
4.0000000000e-01 4.2813323987e-05 4.9467164491e-23
2.0000000000e-02 7.8475997035e-05 1.6118185552e-26
2.2176504808e-02 7.8475997035e-05 2.9921787817e-26
2.4589868274e-02 7.8475997035e-05 5.5491543094e-26
2.7265866600e-02 7.8475997035e-05 1.0286882180e-25
3.0233081086e-02 7.8475997035e-05 1.9045124894e-25
3.3523203403e-02 7.8475997035e-05 3.5218609359e-25
3.7171374071e-02 7.8475997035e-05 6.4969004649e-25
4.1216557790e-02 7.8475997035e-05 1.1940432509e-24
4.5701959599e-02 7.8475997035e-05 2.1866962305e-24
5.0675486338e-02 7.8475997035e-05 3.9736647351e-24
5.6190258320e-02 7.8475997035e-05 7.1534606028e-24
6.2305176688e-02 7.8475997035e-05 1.2708910515e-23
6.9085552518e-02 7.8475997035e-05 2.2159731237e-23
7.6603804377e-02 7.8475997035e-05 3.7730182022e-23
8.4940231802e-02 7.8475997035e-05 6.2399168883e-23
9.4183872945e-02 7.8475997035e-05 9.9675121721e-23
1.0443345556e-01 7.8475997035e-05 1.5317086211e-22
1.1579845146e-01 7.8475997035e-05 2.2572524652e-22
1.2840024578e-01 7.8475997035e-05 3.1764971866e-22
1.4237343339e-01 7.8475997035e-05 4.2596868760e-22
1.5786725650e-01 7.8475997035e-05 5.4437425098e-22
1.7504719864e-01 7.8475997035e-05 6.6558510999e-22
1.9409675211e-01 7.8475997035e-05 7.8222255482e-22
2.1521937781e-01 7.8475997035e-05 8.8933400223e-22
2.3864067833e-01 7.8475997035e-05 9.8384237839e-22
2.6461080752e-01 7.8475997035e-05 1.0495896106e-21
2.9340714225e-01 7.8475997035e-05 1.0647676487e-21
3.2533724503e-01 7.8475997035e-05 1.0028991115e-21
3.6074214893e-01 7.8475997035e-05 8.3689721061e-22
4.0000000000e-01 7.8475997035e-05 5.5840409672e-22
2.0000000000e-02 1.4384498883e-04 1.8194818596e-25
2.2176504808e-02 1.4384498883e-04 3.3776847875e-25
2.4589868274e-02 1.4384498883e-04 6.2640956513e-25
2.7265866600e-02 1.4384498883e-04 1.1612222392e-24
3.0233081086e-02 1.4384498883e-04 2.1498858633e-24
3.3523203403e-02 1.4384498883e-04 3.9756100737e-24
3.7171374071e-02 1.4384498883e-04 7.3339474233e-24
4.1216557790e-02 1.4384498883e-04 1.3478812659e-23
4.5701959599e-02 1.4384498883e-04 2.4684255626e-23
5.0675486338e-02 1.4384498883e-04 4.4856233218e-23
5.6190258320e-02 1.4384498883e-04 8.0750973851e-23
6.2305176688e-02 1.4384498883e-04 1.4346299752e-22
6.9085552518e-02 1.4384498883e-04 2.5014744289e-22
7.6603804377e-02 1.4384498883e-04 4.2591259126e-22
8.4940231802e-02 1.4384498883e-04 7.0438546245e-22
9.4183872945e-02 1.4384498883e-04 1.1251705426e-21
1.0443345556e-01 1.4384498883e-04 1.7290507305e-21
1.1579845146e-01 1.4384498883e-04 2.5480721139e-21
1.2840024578e-01 1.4384498883e-04 3.5857503871e-21
1.4237343339e-01 1.4384498883e-04 4.8084959523e-21
1.5786725650e-01 1.4384498883e-04 6.1451028177e-21
1.7504719864e-01 1.4384498883e-04 7.5133769230e-21
1.9409675211e-01 1.4384498883e-04 8.8300245961e-21
2.1521937781e-01 1.4384498883e-04 1.0039139201e-20
2.3864067833e-01 1.4384498883e-04 1.1105985562e-20
2.6461080752e-01 1.4384498883e-04 1.1848165231e-20
2.9340714225e-01 1.4384498883e-04 1.2019500677e-20
3.2533724503e-01 1.4384498883e-04 1.1321105186e-20
3.6074214893e-01 1.4384498883e-04 9.4472128279e-21
4.0000000000e-01 1.4384498883e-04 6.3034770325e-21
2.0000000000e-02 2.6366508987e-04 2.0539000664e-24
2.2176504808e-02 2.6366508987e-04 3.8128585742e-24
2.4589868274e-02 2.6366508987e-04 7.0711485283e-24
2.7265866600e-02 2.6366508987e-04 1.3108316643e-23
3.0233081086e-02 2.6366508987e-04 2.4268726252e-23
3.3523203403e-02 2.6366508987e-04 4.4878192938e-23
3.7171374071e-02 2.6366508987e-04 8.2788377471e-23
4.1216557790e-02 2.6366508987e-04 1.5215394465e-22
4.5701959599e-02 2.6366508987e-04 2.7864523079e-22
5.0675486338e-02 2.6366508987e-04 5.0635415735e-22
5.6190258320e-02 2.6366508987e-04 9.1154759073e-22
6.2305176688e-02 2.6366508987e-04 1.6194646765e-21
6.9085552518e-02 2.6366508987e-04 2.8237591205e-21
7.6603804377e-02 2.6366508987e-04 4.8078627156e-21
8.4940231802e-02 2.6366508987e-04 7.9513700036e-21
9.4183872945e-02 2.6366508987e-04 1.2701351431e-20
1.0443345556e-01 2.6366508987e-04 1.9518179812e-20
1.1579845146e-01 2.6366508987e-04 2.8763603529e-20
1.2840024578e-01 2.6366508987e-04 4.0477309070e-20
1.4237343339e-01 2.6366508987e-04 5.4280124330e-20
1.5786725650e-01 2.6366508987e-04 6.9368249089e-20
1.7504719864e-01 2.6366508987e-04 8.4813845652e-20
1.9409675211e-01 2.6366508987e-04 9.9676663485e-20
2.1521937781e-01 2.6366508987e-04 1.1332560730e-19
2.3864067833e-01 2.6366508987e-04 1.2536857327e-19
2.6461080752e-01 2.6366508987e-04 1.3374657860e-19
2.9340714225e-01 2.6366508987e-04 1.3568067803e-19
3.2533724503e-01 2.6366508987e-04 1.2779692509e-19
3.6074214893e-01 2.6366508987e-04 1.0664371811e-19
4.0000000000e-01 2.6366508987e-04 7.1156037236e-20
2.0000000000e-02 4.8329302386e-04 2.3185202207e-23
2.2176504808e-02 4.8329302386e-04 4.3040992342e-23
2.4589868274e-02 4.8329302386e-04 7.9821803965e-23
2.7265866600e-02 4.8329302386e-04 1.4797164522e-22
3.0233081086e-02 4.8329302386e-04 2.7395457777e-22
3.3523203403e-02 4.8329302386e-04 5.0660204699e-22
3.7171374071e-02 4.8329302386e-04 9.3454657480e-22
4.1216557790e-02 4.8329302386e-04 1.7175713809e-21
4.5701959599e-02 4.8329302386e-04 3.1454529485e-21
5.0675486338e-02 4.8329302386e-04 5.7159175943e-21
5.6190258320e-02 4.8329302386e-04 1.0289894605e-20
6.2305176688e-02 4.8329302386e-04 1.8281130911e-20
6.9085552518e-02 4.8329302386e-04 3.1875662922e-20
7.6603804377e-02 4.8329302386e-04 5.4272976114e-20
8.4940231802e-02 4.8329302386e-04 8.9758077509e-20
9.4183872945e-02 4.8329302386e-04 1.4337766770e-19
1.0443345556e-01 4.8329302386e-04 2.2032860949e-19
1.1579845146e-01 4.8329302386e-04 3.2469445565e-19
1.2840024578e-01 4.8329302386e-04 4.5692320232e-19
1.4237343339e-01 4.8329302386e-04 6.1273461109e-19
1.5786725650e-01 4.8329302386e-04 7.8305508052e-19
1.7504719864e-01 4.8329302386e-04 9.5741082711e-19
1.9409675211e-01 4.8329302386e-04 1.1251879466e-18
2.1521937781e-01 4.8329302386e-04 1.2792623962e-18
2.3864067833e-01 4.8329302386e-04 1.4152079593e-18
2.6461080752e-01 4.8329302386e-04 1.5097820581e-18
2.9340714225e-01 4.8329302386e-04 1.5316149053e-18
3.2533724503e-01 4.8329302386e-04 1.4426201149e-18
3.6074214893e-01 4.8329302386e-04 1.2038346991e-18
4.0000000000e-01 4.8329302386e-04 8.0323631054e-19
2.0000000000e-02 8.8586679041e-04 2.6172334777e-22
2.2176504808e-02 8.8586679041e-04 4.8586303052e-22
2.4589868274e-02 8.8586679041e-04 9.0105876898e-22
2.7265866600e-02 8.8586679041e-04 1.6703600002e-21
3.0233081086e-02 8.8586679041e-04 3.0925030798e-21
3.3523203403e-02 8.8586679041e-04 5.7187158664e-21
3.7171374071e-02 8.8586679041e-04 1.0549515852e-20
4.1216557790e-02 8.8586679041e-04 1.9388596564e-20
4.5701959599e-02 8.8586679041e-04 3.5507064748e-20
5.0675486338e-02 8.8586679041e-04 6.4523443662e-20
5.6190258320e-02 8.8586679041e-04 1.1615622931e-19
6.2305176688e-02 8.8586679041e-04 2.0636433275e-19
6.9085552518e-02 8.8586679041e-04 3.5982456129e-19
7.6603804377e-02 8.8586679041e-04 6.1265391932e-19
8.4940231802e-02 8.8586679041e-04 1.0132231898e-18
9.4183872945e-02 8.8586679041e-04 1.6185014413e-18
1.0443345556e-01 8.8586679041e-04 2.4871528301e-18
1.1579845146e-01 8.8586679041e-04 3.6652740475e-18
1.2840024578e-01 8.8586679041e-04 5.1579222437e-18
1.4237343339e-01 8.8586679041e-04 6.9167804655e-18
1.5786725650e-01 8.8586679041e-04 8.8394224616e-18
1.7504719864e-01 8.8586679041e-04 1.0807616196e-17
1.9409675211e-01 8.8586679041e-04 1.2701547894e-17
2.1521937781e-01 8.8586679041e-04 1.4440798662e-17
2.3864067833e-01 8.8586679041e-04 1.5975403691e-17
2.6461080752e-01 8.8586679041e-04 1.7042991954e-17
2.9340714225e-01 8.8586679041e-04 1.7289449406e-17
3.2533724503e-01 8.8586679041e-04 1.6284842490e-17
3.6074214893e-01 8.8586679041e-04 1.3589342237e-17
4.0000000000e-01 8.8586679041e-04 9.0672358332e-18
2.0000000000e-02 1.6237767392e-03 2.9544323210e-21
2.2176504808e-02 1.6237767392e-03 5.4846059902e-21
2.4589868274e-02 1.6237767392e-03 1.0171492811e-20
2.7265866600e-02 1.6237767392e-03 1.8855656610e-20
3.0233081086e-02 1.6237767392e-03 3.4909346567e-20
3.3523203403e-02 1.6237767392e-03 6.4555031618e-20
3.7171374071e-02 1.6237767392e-03 1.1908693232e-19
4.1216557790e-02 1.6237767392e-03 2.1886582468e-19
4.5701959599e-02 1.6237767392e-03 4.0081720110e-19
5.0675486338e-02 1.6237767392e-03 7.2836508108e-19
5.6190258320e-02 1.6237767392e-03 1.3112155301e-18
6.2305176688e-02 1.6237767392e-03 2.3295187830e-18
6.9085552518e-02 1.6237767392e-03 4.0618359914e-18
7.6603804377e-02 1.6237767392e-03 6.9158695862e-18
8.4940231802e-02 1.6237767392e-03 1.1437647293e-17
9.4183872945e-02 1.6237767392e-03 1.8270257546e-17
1.0443345556e-01 1.6237767392e-03 2.8075923571e-17
1.1579845146e-01 1.6237767392e-03 4.1375002283e-17
1.2840024578e-01 1.6237767392e-03 5.8224580710e-17
1.4237343339e-01 1.6237767392e-03 7.8079238779e-17
1.5786725650e-01 1.6237767392e-03 9.9782750153e-17
1.7504719864e-01 1.6237767392e-03 1.2200046680e-16
1.9409675211e-01 1.6237767392e-03 1.4337988546e-16
2.1521937781e-01 1.6237767392e-03 1.6301320716e-16
2.3864067833e-01 1.6237767392e-03 1.8033641021e-16
2.6461080752e-01 1.6237767392e-03 1.9238775105e-16
2.9340714225e-01 1.6237767392e-03 1.9516985616e-16
3.2533724503e-01 1.6237767392e-03 1.8382947262e-16
3.6074214893e-01 1.6237767392e-03 1.5340164440e-16
4.0000000000e-01 1.6237767392e-03 1.0235439381e-16
2.0000000000e-02 2.9763514416e-03 3.3350751524e-20
2.2176504808e-02 2.9763514416e-03 6.1912310627e-20
2.4589868274e-02 2.9763514416e-03 1.1481966500e-19
2.7265866600e-02 2.9763514416e-03 2.1284979654e-19
3.0233081086e-02 2.9763514416e-03 3.9406993178e-19
3.3523203403e-02 2.9763514416e-03 7.2872165789e-19
3.7171374071e-02 2.9763514416e-03 1.3442984161e-18
4.1216557790e-02 2.9763514416e-03 2.4706403610e-18
4.5701959599e-02 2.9763514416e-03 4.5245764424e-18
5.0675486338e-02 2.9763514416e-03 8.2220610250e-18
5.6190258320e-02 2.9763514416e-03 1.4801497745e-17
6.2305176688e-02 2.9763514416e-03 2.6296490717e-17
6.9085552518e-02 2.9763514416e-03 4.5851543769e-17
7.6603804377e-02 2.9763514416e-03 7.8068956428e-17
8.4940231802e-02 2.9763514416e-03 1.2911249657e-16
9.4183872945e-02 2.9763514416e-03 2.0624159009e-16
1.0443345556e-01 2.9763514416e-03 3.1693166371e-16
1.1579845146e-01 2.9763514416e-03 4.6705670345e-16
1.2840024578e-01 2.9763514416e-03 6.5726112933e-16
1.4237343339e-01 2.9763514416e-03 8.8138803288e-16
1.5786725650e-01 2.9763514416e-03 1.1263854931e-15
1.7504719864e-01 2.9763514416e-03 1.3771874973e-15
1.9409675211e-01 2.9763514416e-03 1.6185264761e-15
2.1521937781e-01 2.9763514416e-03 1.8401548508e-15
2.3864067833e-01 2.9763514416e-03 2.0357057309e-15
2.6461080752e-01 2.9763514416e-03 2.1717458328e-15
2.9340714225e-01 2.9763514416e-03 2.2031512894e-15
3.2533724503e-01 2.9763514416e-03 2.0751367431e-15
3.6074214893e-01 2.9763514416e-03 1.7316558885e-15
4.0000000000e-01 2.9763514416e-03 1.1554151812e-15
2.0000000000e-02 5.4555947812e-03 3.7647592037e-19
2.2176504808e-02 5.4555947812e-03 6.9888962197e-19
2.4589868274e-02 5.4555947812e-03 1.2961278856e-18
2.7265866600e-02 5.4555947812e-03 2.4027291557e-18
3.0233081086e-02 5.4555947812e-03 4.4484107097e-18
3.3523203403e-02 5.4555947812e-03 8.2260861992e-18
3.7171374071e-02 5.4555947812e-03 1.5174949899e-17
4.1216557790e-02 5.4555947812e-03 2.7889524562e-17
4.5701959599e-02 5.4555947812e-03 5.1075133320e-17
5.0675486338e-02 5.4555947812e-03 9.2813740328e-17
5.6190258320e-02 5.4555947812e-03 1.6708491508e-16
6.2305176688e-02 5.4555947812e-03 2.9684475139e-16
6.9085552518e-02 5.4555947812e-03 5.1758959998e-16
7.6603804377e-02 5.4555947812e-03 8.8127196180e-16
8.4940231802e-02 5.4555947812e-03 1.4574707841e-15
9.4183872945e-02 5.4555947812e-03 2.3281332174e-15
1.0443345556e-01 5.4555947812e-03 3.5776447107e-15
1.1579845146e-01 5.4555947812e-03 5.2723130442e-15
1.2840024578e-01 5.4555947812e-03 7.4194126752e-15
1.4237343339e-01 5.4555947812e-03 9.9494420879e-15
1.5786725650e-01 5.4555947812e-03 1.2715066252e-14
1.7504719864e-01 5.4555947812e-03 1.5546214309e-14
1.9409675211e-01 5.4555947812e-03 1.8270540149e-14
2.1521937781e-01 5.4555947812e-03 2.0772365222e-14
2.3864067833e-01 5.4555947812e-03 2.2979817654e-14
2.6461080752e-01 5.4555947812e-03 2.4515489872e-14
2.9340714225e-01 5.4555947812e-03 2.4870006566e-14
3.2533724503e-01 5.4555947812e-03 2.3424929860e-14
3.6074214893e-01 5.4555947812e-03 1.9547587823e-14
4.0000000000e-01 5.4555947812e-03 1.3042764371e-14
2.0000000000e-02 1.0000000000e-02 4.2498028422e-18
2.2176504808e-02 1.0000000000e-02 7.8893308739e-18
2.4589868274e-02 1.0000000000e-02 1.4631182697e-17
2.7265866600e-02 1.0000000000e-02 2.7122917145e-17
3.0233081086e-02 1.0000000000e-02 5.0215345669e-17
3.3523203403e-02 1.0000000000e-02 9.2859178019e-17
3.7171374071e-02 1.0000000000e-02 1.7130058450e-16
4.1216557790e-02 1.0000000000e-02 3.1482752107e-16
4.5701959599e-02 1.0000000000e-02 5.7655545815e-16
5.0675486338e-02 1.0000000000e-02 1.0477166695e-15
5.6190258320e-02 1.0000000000e-02 1.8861178327e-15
6.2305176688e-02 1.0000000000e-02 3.3508960332e-15
6.9085552518e-02 1.0000000000e-02 5.8427475280e-15
7.6603804377e-02 1.0000000000e-02 9.9481318336e-15
8.4940231802e-02 1.0000000000e-02 1.6452482472e-14
9.4183872945e-02 1.0000000000e-02 2.6280849927e-14
1.0443345556e-01 1.0000000000e-02 4.0385809124e-14
1.1579845146e-01 1.0000000000e-02 5.9515867411e-14
1.2840024578e-01 1.0000000000e-02 8.3753141619e-14
1.4237343339e-01 1.0000000000e-02 1.1231307230e-13
1.5786725650e-01 1.0000000000e-02 1.4353248581e-13
1.7504719864e-01 1.0000000000e-02 1.7549155784e-13
1.9409675211e-01 1.0000000000e-02 2.0624478022e-13
2.1521937781e-01 1.0000000000e-02 2.3448632962e-13
2.3864067833e-01 1.0000000000e-02 2.5940488912e-13
2.6461080752e-01 1.0000000000e-02 2.7674013901e-13
2.9340714225e-01 1.0000000000e-02 2.8074205778e-13
3.2533724503e-01 1.0000000000e-02 2.6442948436e-13
3.6074214893e-01 1.0000000000e-02 2.2066057825e-13
4.0000000000e-01 1.0000000000e-02 1.4723166635e-13
