2.0000000000e-02 1.0000000000e-07 4.2429950187e-24
2.2176504808e-02 1.0000000000e-07 7.8702267118e-24
2.4589868274e-02 1.0000000000e-07 1.4577715049e-23
2.7265866600e-02 1.0000000000e-07 2.6973349131e-23
3.0233081086e-02 1.0000000000e-07 4.9798264566e-23
3.3523203403e-02 1.0000000000e-07 9.1698747571e-23
3.7171374071e-02 1.0000000000e-07 1.6809070399e-22
4.1216557790e-02 1.0000000000e-07 3.0603054633e-22
4.5701959599e-02 1.0000000000e-07 5.5262767183e-22
5.0675486338e-02 1.0000000000e-07 9.8390125672e-22
5.6190258320e-02 1.0000000000e-07 1.7197291630e-21
6.2305176688e-02 1.0000000000e-07 2.9306652402e-21
6.9085552518e-02 1.0000000000e-07 4.8283848618e-21
7.6603804377e-02 1.0000000000e-07 7.6304099148e-21
8.4940231802e-02 1.0000000000e-07 1.1478145224e-20
9.4183872945e-02 1.0000000000e-07 1.6305388186e-20
1.0443345556e-01 1.0000000000e-07 2.1674145963e-20
1.1579845146e-01 1.0000000000e-07 2.6634196071e-20
1.2840024578e-01 1.0000000000e-07 2.9783633551e-20
1.4237343339e-01 1.0000000000e-07 2.9750379513e-20
1.5786725650e-01 1.0000000000e-07 2.5866142553e-20
1.7504719864e-01 1.0000000000e-07 1.8913507873e-20
1.9409675211e-01 1.0000000000e-07 1.1036019242e-20
2.1521937781e-01 1.0000000000e-07 4.7733632713e-21
2.3864067833e-01 1.0000000000e-07 1.4052574906e-21
2.6461080752e-01 1.0000000000e-07 2.4197769103e-22
2.9340714225e-01 1.0000000000e-07 1.8902644915e-23
3.2533724503e-01 1.0000000000e-07 4.5401405164e-25
3.6074214893e-01 1.0000000000e-07 1.8167884090e-27
4.0000000000e-01 1.0000000000e-07 4.6862526549e-31
2.0000000000e-02 1.8329807108e-07 1.4255692253e-23
2.2176504808e-02 1.8329807108e-07 2.6442531624e-23
2.4589868274e-02 1.8329807108e-07 4.8978473592e-23
2.7265866600e-02 1.8329807108e-07 9.0625551654e-23
3.0233081086e-02 1.8329807108e-07 1.6731311992e-22
3.3523203403e-02 1.8329807108e-07 3.0809112892e-22
3.7171374071e-02 1.8329807108e-07 5.6475422103e-22
4.1216557790e-02 1.8329807108e-07 1.0282070257e-21
4.5701959599e-02 1.8329807108e-07 1.8567285573e-21
5.0675486338e-02 1.8329807108e-07 3.3057294342e-21
5.6190258320e-02 1.8329807108e-07 5.7779774894e-21
6.2305176688e-02 1.8329807108e-07 9.8465026651e-21
6.9085552518e-02 1.8329807108e-07 1.6222495752e-20
7.6603804377e-02 1.8329807108e-07 2.5636790764e-20
8.4940231802e-02 1.8329807108e-07 3.8564482217e-20
9.4183872945e-02 1.8329807108e-07 5.4783141391e-20
1.0443345556e-01 1.8329807108e-07 7.2821191945e-20
1.1579845146e-01 1.8329807108e-07 8.9486058999e-20
1.2840024578e-01 1.8329807108e-07 1.0006759664e-19
1.4237343339e-01 1.8329807108e-07 9.9955869113e-20
1.5786725650e-01 1.8329807108e-07 8.6905538744e-20
1.7504719864e-01 1.8329807108e-07 6.3545949608e-20
1.9409675211e-01 1.8329807108e-07 3.7079019256e-20
2.1521937781e-01 1.8329807108e-07 1.6037633206e-20
2.3864067833e-01 1.8329807108e-07 4.7214098138e-21
2.6461080752e-01 1.8329807108e-07 8.1300107119e-22
2.9340714225e-01 1.8329807108e-07 6.3509452045e-23
3.2533724503e-01 1.8329807108e-07 1.5254047129e-24
3.6074214893e-01 1.8329807108e-07 6.1040789189e-27
4.0000000000e-01 1.8329807108e-07 1.5744957364e-30
2.0000000000e-02 3.3598182863e-07 4.7896535514e-23
2.2176504808e-02 3.3598182863e-07 8.8842101285e-23
2.4589868274e-02 3.3598182863e-07 1.6455877121e-22
2.7265866600e-02 3.3598182863e-07 3.0448538565e-22
3.0233081086e-02 3.3598182863e-07 5.6214167983e-22
3.3523203403e-02 3.3598182863e-07 1.0351302088e-21
3.7171374071e-02 3.3598182863e-07 1.8974715591e-21
4.1216557790e-02 3.3598182863e-07 3.4545887671e-21
4.5701959599e-02 3.3598182863e-07 6.2382705596e-21
5.0675486338e-02 3.3598182863e-07 1.1106650203e-20
5.6190258320e-02 3.3598182863e-07 1.9412954427e-20
6.2305176688e-02 3.3598182863e-07 3.3082459710e-20
6.9085552518e-02 3.3598182863e-07 5.4504637876e-20
7.6603804377e-02 3.3598182863e-07 8.6134958409e-20
8.4940231802e-02 3.3598182863e-07 1.2956965256e-19
9.4183872945e-02 3.3598182863e-07 1.8406140022e-19
1.0443345556e-01 3.3598182863e-07 2.4466597232e-19
1.1579845146e-01 3.3598182863e-07 3.0065689739e-19
1.2840024578e-01 3.3598182863e-07 3.3620894104e-19
1.4237343339e-01 3.3598182863e-07 3.3583355687e-19
1.5786725650e-01 3.3598182863e-07 2.9198681825e-19
1.7504719864e-01 3.3598182863e-07 2.1350284351e-19
1.9409675211e-01 3.3598182863e-07 1.2457876693e-19
2.1521937781e-01 3.3598182863e-07 5.3883533315e-20
2.3864067833e-01 3.3598182863e-07 1.5863079029e-20
2.6461080752e-01 3.3598182863e-07 2.7315358657e-21
2.9340714225e-01 3.3598182863e-07 2.1338021833e-22
3.2533724503e-01 3.3598182863e-07 5.1250826485e-24
3.6074214893e-01 3.3598182863e-07 2.0508595973e-26
4.0000000000e-01 3.3598182863e-07 5.2900195668e-30
2.0000000000e-02 6.1584821107e-07 1.6092365587e-22
2.2176504808e-02 6.1584821107e-07 2.9849331649e-22
2.4589868274e-02 6.1584821107e-07 5.5288756868e-22
2.7265866600e-02 6.1584821107e-07 1.0230155666e-21
3.0233081086e-02 6.1584821107e-07 1.8886938954e-21
3.3523203403e-02 6.1584821107e-07 3.4778494041e-21
3.7171374071e-02 6.1584821107e-07 6.3751596419e-21
4.1216557790e-02 6.1584821107e-07 1.1606790511e-20
4.5701959599e-02 6.1584821107e-07 2.0959455501e-20
5.0675486338e-02 6.1584821107e-07 3.7316326450e-20
5.6190258320e-02 6.1584821107e-07 6.5223999274e-20
6.2305176688e-02 6.1584821107e-07 1.1115105309e-19
6.9085552518e-02 6.1584821107e-07 1.8312567902e-19
7.6603804377e-02 6.1584821107e-07 2.8939780835e-19
8.4940231802e-02 6.1584821107e-07 4.3533048800e-19
9.4183872945e-02 6.1584821107e-07 6.1841285827e-19
1.0443345556e-01 6.1584821107e-07 8.2203320785e-19
1.1579845146e-01 6.1584821107e-07 1.0101525418e-18
1.2840024578e-01 6.1584821107e-07 1.1296009481e-18
1.4237343339e-01 6.1584821107e-07 1.1283397255e-18
1.5786725650e-01 6.1584821107e-07 9.8102265131e-19
1.7504719864e-01 6.1584821107e-07 7.1733075781e-19
1.9409675211e-01 6.1584821107e-07 4.1856201923e-19
2.1521937781e-01 6.1584821107e-07 1.8103888056e-19
2.3864067833e-01 6.1584821107e-07 5.3297063000e-20
2.6461080752e-01 6.1584821107e-07 9.1774641513e-21
2.9340714225e-01 6.1584821107e-07 7.1691875949e-22
3.2533724503e-01 6.1584821107e-07 1.7219346401e-23
3.6074214893e-01 6.1584821107e-07 6.8905155775e-26
4.0000000000e-01 6.1584821107e-07 1.7773504475e-29
2.0000000000e-02 1.1288378917e-06 5.4067424168e-22
2.2176504808e-02 1.1288378917e-06 1.0028833031e-21
2.4589868274e-02 1.1288378917e-06 1.8576017635e-21
2.7265866600e-02 1.1288378917e-06 3.4371464079e-21
3.0233081086e-02 1.1288378917e-06 6.3456682868e-21
3.3523203403e-02 1.1288378917e-06 1.1684942025e-20
3.7171374071e-02 1.1288378917e-06 2.1419377943e-20
4.1216557790e-02 1.1288378917e-06 3.8996707005e-20
4.5701959599e-02 1.1288378917e-06 7.0419961862e-20
5.0675486338e-02 1.1288378917e-06 1.2537607598e-19
5.6190258320e-02 1.1288378917e-06 2.1914078546e-19
6.2305176688e-02 1.1288378917e-06 3.7344734071e-19
6.9085552518e-02 1.1288378917e-06 6.1526900507e-19
7.6603804377e-02 1.1288378917e-06 9.7232404851e-19
8.4940231802e-02 1.1288378917e-06 1.4626313342e-18
9.4183872945e-02 1.1288378917e-06 2.0777548297e-18
1.0443345556e-01 1.1288378917e-06 2.7618822037e-18
1.1579845146e-01 1.1288378917e-06 3.3939289817e-18
1.2840024578e-01 1.1288378917e-06 3.7952539217e-18
1.4237343339e-01 1.1288378917e-06 3.7910164429e-18
1.5786725650e-01 1.1288378917e-06 3.2960578431e-18
1.7504719864e-01 1.1288378917e-06 2.4101009974e-18
1.9409675211e-01 1.1288378917e-06 1.4062923261e-18
2.1521937781e-01 1.1288378917e-06 6.0825774143e-19
2.3864067833e-01 1.1288378917e-06 1.7906844687e-19
2.6461080752e-01 1.1288378917e-06 3.0834611877e-20
2.9340714225e-01 1.1288378917e-06 2.4087167579e-21
3.2533724503e-01 1.1288378917e-06 5.7853874917e-23
3.6074214893e-01 1.1288378917e-06 2.3150880239e-25
4.0000000000e-01 1.1288378917e-06 5.9715745348e-29
2.0000000000e-02 2.0691380811e-06 1.8165672041e-21
2.2176504808e-02 2.0691380811e-06 3.3695056607e-21
2.4589868274e-02 2.0691380811e-06 6.2412043737e-21
2.7265866600e-02 2.0691380811e-06 1.1548187354e-20
3.0233081086e-02 2.0691380811e-06 2.1320292349e-20
3.3523203403e-02 2.0691380811e-06 3.8934287984e-20
3.7171374071e-02 2.0691380811e-06 7.1965217693e-20
4.1216557790e-02 2.0691380811e-06 1.3102184930e-19
4.5701959599e-02 2.0691380811e-06 2.3659827558e-19
5.0675486338e-02 2.0691380811e-06 4.2124083275e-19
5.6190258320e-02 2.0691380811e-06 7.3627321827e-19
6.2305176688e-02 2.0691380811e-06 1.2547152043e-18
6.9085552518e-02 2.0691380811e-06 2.0671920542e-18
7.6603804377e-02 2.0691380811e-06 3.2668321184e-18
8.4940231802e-02 2.0691380811e-06 4.9141755026e-18
9.4183872945e-02 2.0691380811e-06 6.9808786713e-18
1.0443345556e-01 2.0691380811e-06 9.2794223324e-18
1.1579845146e-01 2.0691380811e-06 1.1402984655e-17
1.2840024578e-01 2.0691380811e-06 1.2751363527e-17
1.4237343339e-01 2.0691380811e-06 1.2737126368e-17
1.5786725650e-01 2.0691380811e-06 1.1074155414e-17
1.7504719864e-01 2.0691380811e-06 8.0975014028e-18
1.9409675211e-01 2.0691380811e-06 4.7248866732e-18
2.1521937781e-01 2.0691380811e-06 2.0436354824e-18
2.3864067833e-01 2.0691380811e-06 6.0163744230e-19
2.6461080752e-01 2.0691380811e-06 1.0359869284e-19
2.9340714225e-01 2.0691380811e-06 8.0928506097e-21
3.2533724503e-01 2.0691380811e-06 1.9437850688e-22
3.6074214893e-01 2.0691380811e-06 7.7782750772e-25
4.0000000000e-01 2.0691380811e-06 2.0063405320e-28
2.0000000000e-02 3.7926901907e-06 6.1033357107e-21
2.2176504808e-02 3.7926901907e-06 1.1320926734e-20
2.4589868274e-02 3.7926901907e-06 2.0969312583e-20
2.7265866600e-02 3.7926901907e-06 3.8799811045e-20
3.0233081086e-02 3.7926901907e-06 7.1632308103e-20
3.3523203403e-02 3.7926901907e-06 1.3190405320e-19
3.7171374071e-02 3.7926901907e-06 2.4179005438e-19
4.1216557790e-02 3.7926901907e-06 4.4020960519e-19
4.5701959599e-02 3.7926901907e-06 7.9492721281e-19
5.0675486338e-02 3.7926901907e-06 1.4152926528e-18
5.6190258320e-02 3.7926901907e-06 2.4737442225e-18
6.2305176688e-02 3.7926901907e-06 4.2156150874e-18
6.9085552518e-02 3.7926901907e-06 6.9453896650e-18
7.6603804377e-02 3.7926901907e-06 1.0975962290e-17
8.4940231802e-02 3.7926901907e-06 1.6510736716e-17
9.4183872945e-02 3.7926901907e-06 2.3454483814e-17
1.0443345556e-01 3.7926901907e-06 3.1177172839e-17
1.1579845146e-01 3.7926901907e-06 3.8311956363e-17
1.2840024578e-01 3.7926901907e-06 4.2842264354e-17
1.4237343339e-01 3.7926901907e-06 4.2794430087e-17
1.5786725650e-01 3.7926901907e-06 3.7207149865e-17
1.7504719864e-01 3.7926901907e-06 2.7206133286e-17
1.9409675211e-01 3.7926901907e-06 1.5874760645e-17
2.1521937781e-01 3.7926901907e-06 6.8662438644e-18
2.3864067833e-01 3.7926901907e-06 2.0213924803e-18
2.6461080752e-01 3.7926901907e-06 3.4807278263e-19
2.9340714225e-01 3.7926901907e-06 2.7190507467e-20
3.2533724503e-01 3.7926901907e-06 6.5307646187e-22
3.6074214893e-01 3.7926901907e-06 2.6133590840e-24
4.0000000000e-01 3.7926901907e-06 6.7409396079e-28
2.0000000000e-02 6.9519279618e-06 2.0506098928e-20
2.2176504808e-02 6.9519279618e-06 3.8036256660e-20
2.4589868274e-02 6.9519279618e-06 7.0453079867e-20
2.7265866600e-02 6.9519279618e-06 1.3036031465e-19
3.0233081086e-02 6.9519279618e-06 2.4067153865e-19
3.3523203403e-02 6.9519279618e-06 4.4317364997e-19
3.7171374071e-02 6.9519279618e-06 8.1237064615e-19
4.1216557790e-02 6.9519279618e-06 1.4790242813e-18
4.5701959599e-02 6.9519279618e-06 2.6708109859e-18
5.0675486338e-02 6.9519279618e-06 4.7551261354e-18
5.6190258320e-02 6.9519279618e-06 8.3113310742e-18
6.2305176688e-02 6.9519279618e-06 1.4163700659e-17
6.9085552518e-02 6.9519279618e-06 2.3335247202e-17
7.6603804377e-02 6.9519279618e-06 3.6877238810e-17
8.4940231802e-02 6.9519279618e-06 5.5473075138e-17
9.4183872945e-02 6.9519279618e-06 7.8802803614e-17
1.0443345556e-01 6.9519279618e-06 1.0474963542e-16
1.1579845146e-01 6.9519279618e-06 1.2872121157e-16
1.2840024578e-01 6.9519279618e-06 1.4394222320e-16
1.4237343339e-01 6.9519279618e-06 1.4378150876e-16
1.5786725650e-01 6.9519279618e-06 1.2500926250e-16
1.7504719864e-01 6.9519279618e-06 9.1407664115e-17
1.9409675211e-01 6.9519279618e-06 5.3336311107e-17
2.1521937781e-01 6.9519279618e-06 2.3069331694e-17
2.3864067833e-01 6.9519279618e-06 6.7915114192e-18
2.6461080752e-01 6.9519279618e-06 1.1694613000e-18
2.9340714225e-01 6.9519279618e-06 9.1355164200e-20
3.2533724503e-01 6.9519279618e-06 2.1942182389e-21
3.6074214893e-01 6.9519279618e-06 8.7804116390e-24
4.0000000000e-01 6.9519279618e-06 2.2648332161e-27
2.0000000000e-02 1.2742749857e-05 6.8896766159e-20
2.2176504808e-02 1.2742749857e-05 1.2779491067e-19
2.4589868274e-02 1.2742749857e-05 2.3670954606e-19
2.7265866600e-02 1.2742749857e-05 4.3798696897e-19
3.0233081086e-02 1.2742749857e-05 8.0861263655e-19
3.3523203403e-02 1.2742749857e-05 1.4889829332e-18
3.7171374071e-02 1.2742749857e-05 2.7294177522e-18
4.1216557790e-02 1.2742749857e-05 4.9692528262e-18
4.5701959599e-02 1.2742749857e-05 8.9734395895e-18
5.0675486338e-02 1.2742749857e-05 1.5976359743e-17
5.6190258320e-02 1.2742749857e-05 2.7924562126e-17
6.2305176688e-02 1.2742749857e-05 4.7587460474e-17
6.9085552518e-02 1.2742749857e-05 7.8402190264e-17
7.6603804377e-02 1.2742749857e-05 1.2390082130e-16
8.4940231802e-02 1.2742749857e-05 1.8637945224e-16
9.4183872945e-02 1.2742749857e-05 2.6476310059e-16
1.0443345556e-01 1.2742749857e-05 3.5193974056e-16
1.1579845146e-01 1.2742749857e-05 4.3247988047e-16
1.2840024578e-01 1.2742749857e-05 4.8361971368e-16
1.4237343339e-01 1.2742749857e-05 4.8307974236e-16
1.5786725650e-01 1.2742749857e-05 4.2000840609e-16
1.7504719864e-01 1.2742749857e-05 3.0711314140e-16
1.9409675211e-01 1.2742749857e-05 1.7920031338e-16
2.1521937781e-01 1.2742749857e-05 7.7508762477e-17
2.3864067833e-01 1.2742749857e-05 2.2818244258e-17
2.6461080752e-01 1.2742749857e-05 3.9291774609e-18
2.9340714225e-01 1.2742749857e-05 3.0693675123e-19
3.2533724503e-01 1.2742749857e-05 7.3721745633e-21
3.6074214893e-01 1.2742749857e-05 2.9500587586e-23
4.0000000000e-01 1.2742749857e-05 7.6094280549e-27
2.0000000000e-02 2.3357214691e-05 2.3148061481e-19
2.2176504808e-02 2.3357214691e-05 4.2936767776e-19
2.4589868274e-02 2.3357214691e-05 7.9530106140e-19
2.7265866600e-02 2.3357214691e-05 1.4715566275e-18
3.0233081086e-02 2.3357214691e-05 2.7167915228e-18
3.3523203403e-02 2.3357214691e-05 5.0027120869e-18
3.7171374071e-02 2.3357214691e-05 9.1703476747e-18
4.1216557790e-02 2.3357214691e-05 1.6695786515e-17
4.5701959599e-02 2.3357214691e-05 3.0149126424e-17
5.0675486338e-02 2.3357214691e-05 5.3677665613e-17
5.6190258320e-02 2.3357214691e-05 9.3821454469e-17
6.2305176688e-02 2.3357214691e-05 1.5988521990e-16
6.9085552518e-02 2.3357214691e-05 2.6341711253e-16
7.6603804377e-02 2.3357214691e-05 4.1628424509e-16
8.4940231802e-02 2.3357214691e-05 6.2620109184e-16
9.4183872945e-02 2.3357214691e-05 8.8955590690e-16
1.0443345556e-01 2.3357214691e-05 1.1824535760e-15
1.1579845146e-01 2.3357214691e-05 1.4530538108e-15
1.2840024578e-01 2.3357214691e-05 1.6248743576e-15
1.4237343339e-01 2.3357214691e-05 1.6230601521e-15
1.5786725650e-01 2.3357214691e-05 1.4111519232e-15
1.7504719864e-01 2.3357214691e-05 1.0318443484e-15
1.9409675211e-01 2.3357214691e-05 6.0208048980e-16
2.1521937781e-01 2.3357214691e-05 2.6041535752e-16
2.3864067833e-01 2.3357214691e-05 7.6665154318e-17
2.6461080752e-01 2.3357214691e-05 1.3201322283e-17
2.9340714225e-01 2.3357214691e-05 1.0312517095e-18
3.2533724503e-01 2.3357214691e-05 2.4769166907e-20
3.6074214893e-01 2.3357214691e-05 9.9116613627e-23
4.0000000000e-01 2.3357214691e-05 2.5566295527e-26
2.0000000000e-02 4.2813323987e-05 7.7773280255e-19
2.2176504808e-02 4.2813323987e-05 1.4425973753e-18
2.4589868274e-02 4.2813323987e-05 2.6720670492e-18
2.7265866600e-02 4.2813323987e-05 4.9441628664e-18
3.0233081086e-02 4.2813323987e-05 9.1279258383e-18
3.3523203403e-02 4.2813323987e-05 1.6808203550e-17
3.7171374071e-02 4.2813323987e-05 3.0810701809e-17
4.1216557790e-02 4.2813323987e-05 5.6094808835e-17
4.5701959599e-02 4.2813323987e-05 1.0129558627e-16
5.0675486338e-02 4.2813323987e-05 1.8034720249e-16
5.6190258320e-02 4.2813323987e-05 3.1522303837e-16
6.2305176688e-02 4.2813323987e-05 5.3718528552e-16
6.9085552518e-02 4.2813323987e-05 8.8503363161e-16
7.6603804377e-02 4.2813323987e-05 1.3986394190e-15
8.4940231802e-02 4.2813323987e-05 2.1039218792e-15
9.4183872945e-02 4.2813323987e-05 2.9887462027e-15
1.0443345556e-01 4.2813323987e-05 3.9728291473e-15
1.1579845146e-01 4.2813323987e-05 4.8819967646e-15
1.2840024578e-01 4.2813323987e-05 5.4592825797e-15
1.4237343339e-01 4.2813323987e-05 5.4531871788e-15
1.5786725650e-01 4.2813323987e-05 4.7412140363e-15
1.7504719864e-01 4.2813323987e-05 3.4668095105e-15
1.9409675211e-01 4.2813323987e-05 2.0228810394e-15
2.1521937781e-01 4.2813323987e-05 8.7494828022e-16
2.3864067833e-01 4.2813323987e-05 2.5758098740e-16
2.6461080752e-01 4.2813323987e-05 4.4354044010e-17
2.9340714225e-01 4.2813323987e-05 3.4648183513e-18
3.2533724503e-01 4.2813323987e-05 8.3219899911e-20
3.6074214893e-01 4.2813323987e-05 3.3301381094e-22
4.0000000000e-01 4.2813323987e-05 8.5898107224e-26
2.0000000000e-02 7.8475997035e-05 2.6130408918e-18
2.2176504808e-02 7.8475997035e-05 4.8468650412e-18
2.4589868274e-02 7.8475997035e-05 8.9776597341e-18
2.7265866600e-02 7.8475997035e-05 1.6611488809e-17
3.0233081086e-02 7.8475997035e-05 3.0668172147e-17
3.3523203403e-02 7.8475997035e-05 5.6472509648e-17
3.7171374071e-02 7.8475997035e-05 1.0351835935e-16
4.1216557790e-02 7.8475997035e-05 1.8846836449e-16
4.5701959599e-02 7.8475997035e-05 3.4033476308e-16
5.0675486338e-02 7.8475997035e-05 6.0593382882e-16
5.6190258320e-02 7.8475997035e-05 1.0590921286e-15
6.2305176688e-02 7.8475997035e-05 1.8048449454e-15
6.9085552518e-02 7.8475997035e-05 2.9735521795e-15
7.6603804377e-02 7.8475997035e-05 4.6991742957e-15
8.4940231802e-02 7.8475997035e-05 7.0687952028e-15
9.4183872945e-02 7.8475997035e-05 1.0041644145e-14
1.0443345556e-01 7.8475997035e-05 1.3347984017e-14
1.1579845146e-01 7.8475997035e-05 1.6402622003e-14
1.2840024578e-01 7.8475997035e-05 1.8342197441e-14
1.4237343339e-01 7.8475997035e-05 1.8321718002e-14
1.5786725650e-01 7.8475997035e-05 1.5929617618e-14
1.7504719864e-01 7.8475997035e-05 1.1647849988e-14
1.9409675211e-01 7.8475997035e-05 6.7965127073e-15
2.1521937781e-01 7.8475997035e-05 2.9396672314e-15
2.3864067833e-01 7.8475997035e-05 8.6542531166e-16
2.6461080752e-01 7.8475997035e-05 1.4902152814e-16
2.9340714225e-01 7.8475997035e-05 1.1641160055e-17
3.2533724503e-01 7.8475997035e-05 2.7960374150e-19
3.6074214893e-01 7.8475997035e-05 1.1188658916e-21
4.0000000000e-01 7.8475997035e-05 2.8860203141e-25
2.0000000000e-02 1.4384498883e-04 8.7793425712e-18
2.2176504808e-02 1.4384498883e-04 1.6284585796e-17
2.4589868274e-02 1.4384498883e-04 3.0163305343e-17
2.7265866600e-02 1.4384498883e-04 5.5811583863e-17
3.0233081086e-02 1.4384498883e-04 1.0303948559e-16
3.3523203403e-02 1.4384498883e-04 1.8973737059e-16
3.7171374071e-02 1.4384498883e-04 3.4780287671e-16
4.1216557790e-02 1.4384498883e-04 6.3321945740e-16
4.5701959599e-02 1.4384498883e-04 1.1434629605e-15
5.0675486338e-02 1.4384498883e-04 2.0358275583e-15
5.6190258320e-02 1.4384498883e-04 3.5583571004e-15
6.2305176688e-02 1.4384498883e-04 6.0639510516e-15
6.9085552518e-02 1.4384498883e-04 9.9905949877e-15
7.6603804377e-02 1.4384498883e-04 1.5788371729e-14
8.4940231802e-02 1.4384498883e-04 2.3749867384e-14
9.4183872945e-02 1.4384498883e-04 3.3738099622e-14
1.0443345556e-01 1.4384498883e-04 4.4846800787e-14
1.1579845146e-01 1.4384498883e-04 5.5109829350e-14
1.2840024578e-01 1.4384498883e-04 6.1626450374e-14
1.4237343339e-01 1.4384498883e-04 6.1557643178e-14
1.5786725650e-01 1.4384498883e-04 5.3520620567e-14
1.7504719864e-01 1.4384498883e-04 3.9134659387e-14
1.9409675211e-01 1.4384498883e-04 2.2835047677e-14
2.1521937781e-01 1.4384498883e-04 9.8767477197e-15
2.3864067833e-01 1.4384498883e-04 2.9076717875e-15
2.6461080752e-01 1.4384498883e-04 5.0068525528e-16
2.9340714225e-01 1.4384498883e-04 3.9112182428e-17
3.2533724503e-01 1.4384498883e-04 9.3941776362e-19
3.6074214893e-01 1.4384498883e-04 3.7591860824e-21
4.0000000000e-01 1.4384498883e-04 9.6965038259e-25
2.0000000000e-02 2.6366508987e-04 2.9496995712e-17
2.2176504808e-02 2.6366508987e-04 5.4713249144e-17
2.4589868274e-02 2.6366508987e-04 1.0134322486e-16
2.7265866600e-02 2.6366508987e-04 1.8751678005e-16
3.0233081086e-02 2.6366508987e-04 3.4619394789e-16
3.3523203403e-02 2.6366508987e-04 6.3748308730e-16
3.7171374071e-02 2.6366508987e-04 1.1685544652e-15
4.1216557790e-02 2.6366508987e-04 2.1275023122e-15
4.5701959599e-02 2.6366508987e-04 3.8418277643e-15
5.0675486338e-02 2.6366508987e-04 6.8400106582e-15
5.6190258320e-02 2.6366508987e-04 1.1955433255e-14
6.2305176688e-02 2.6366508987e-04 2.0373773630e-14
6.9085552518e-02 2.6366508987e-04 3.3566583731e-14
7.6603804377e-02 2.6366508987e-04 5.3046060047e-14
8.4940231802e-02 2.6366508987e-04 7.9795238735e-14
9.4183872945e-02 2.6366508987e-04 1.1335388405e-13
1.0443345556e-01 2.6366508987e-04 1.5067710136e-13
1.1579845146e-01 2.6366508987e-04 1.8515901240e-13
1.2840024578e-01 2.6366508987e-04 2.0705367489e-13
1.4237343339e-01 2.6366508987e-04 2.0682249521e-13
1.5786725650e-01 2.6366508987e-04 1.7981955967e-13
1.7504719864e-01 2.6366508987e-04 1.3148534423e-13
1.9409675211e-01 2.6366508987e-04 7.6721610753e-14
2.1521937781e-01 2.6366508987e-04 3.3184077598e-14
2.3864067833e-01 2.6366508987e-04 9.7692488423e-15
2.6461080752e-01 2.6366508987e-04 1.6822114764e-15
2.9340714225e-01 2.6366508987e-04 1.3140982574e-16
3.2533724503e-01 2.6366508987e-04 3.1562729807e-18
3.6074214893e-01 2.6366508987e-04 1.2630182141e-20
4.0000000000e-01 2.6366508987e-04 3.2578490867e-24
2.0000000000e-02 4.8329302386e-04 9.9104545585e-17
2.2176504808e-02 4.8329302386e-04 1.8382657497e-16
2.4589868274e-02 4.8329302386e-04 3.4049482009e-16
2.7265866600e-02 4.8329302386e-04 6.3002230659e-16
3.0233081086e-02 4.8329302386e-04 1.1631487567e-15
3.3523203403e-02 4.8329302386e-04 2.1418273339e-15
3.7171374071e-02 4.8329302386e-04 3.9261306607e-15
4.1216557790e-02 4.8329302386e-04 7.1480211727e-15
4.5701959599e-02 4.8329302386e-04 1.2907843175e-14
5.0675486338e-02 4.8329302386e-04 2.2981192888e-14
5.6190258320e-02 4.8329302386e-04 4.0168083271e-14
6.2305176688e-02 4.8329302386e-04 6.8452177203e-14
6.9085552518e-02 4.8329302386e-04 1.1277762183e-13
7.6603804377e-02 4.8329302386e-04 1.7822512256e-13
8.4940231802e-02 4.8329302386e-04 2.6809750226e-13
9.4183872945e-02 4.8329302386e-04 3.8084845247e-13
1.0443345556e-01 4.8329302386e-04 5.0624768049e-13
1.1579845146e-01 4.8329302386e-04 6.2210063575e-13
1.2840024578e-01 4.8329302386e-04 6.9566272312e-13
1.4237343339e-01 4.8329302386e-04 6.9488600143e-13
1.5786725650e-01 4.8329302386e-04 6.0416104483e-13
1.7504719864e-01 4.8329302386e-04 4.4176686394e-13
1.9409675211e-01 4.8329302386e-04 2.5777067076e-13
2.1521937781e-01 4.8329302386e-04 1.1149247073e-13
2.3864067833e-01 4.8329302386e-04 3.2822900904e-14
2.6461080752e-01 4.8329302386e-04 5.6519248797e-15
2.9340714225e-01 4.8329302386e-04 4.4151313551e-16
3.2533724503e-01 4.8329302386e-04 1.0604503677e-17
3.6074214893e-01 4.8329302386e-04 4.2435116917e-20
4.0000000000e-01 4.8329302386e-04 1.0945780936e-23
2.0000000000e-02 8.8586679041e-04 3.3297326451e-16
2.2176504808e-02 8.8586679041e-04 6.1762388810e-16
2.4589868274e-02 8.8586679041e-04 1.1440007229e-15
2.7265866600e-02 8.8586679041e-04 2.1167604665e-15
3.0233081086e-02 8.8586679041e-04 3.9079684625e-15
3.3523203403e-02 8.8586679041e-04 7.1961506425e-15
3.7171374071e-02 8.8586679041e-04 1.3191085588e-14
4.1216557790e-02 8.8586679041e-04 2.4016052247e-14
4.5701959599e-02 8.8586679041e-04 4.3368007536e-14
5.0675486338e-02 8.8586679041e-04 7.7212632105e-14
5.6190258320e-02 8.8586679041e-04 1.3495746070e-13
6.2305176688e-02 8.8586679041e-04 2.2998687670e-13
6.9085552518e-02 8.8586679041e-04 3.7891231610e-13
7.6603804377e-02 8.8586679041e-04 5.9880402585e-13
8.4940231802e-02 8.8586679041e-04 9.0075889060e-13
9.4183872945e-02 8.8586679041e-04 1.2795815949e-12
1.0443345556e-01 8.8586679041e-04 1.7009002143e-12
1.1579845146e-01 8.8586679041e-04 2.0901450919e-12
1.2840024578e-01 8.8586679041e-04 2.3373003382e-12
1.4237343339e-01 8.8586679041e-04 2.3346906945e-12
1.5786725650e-01 8.8586679041e-04 2.0298713263e-12
1.7504719864e-01 8.8586679041e-04 1.4842563877e-12
1.9409675211e-01 8.8586679041e-04 8.6606261329e-13
2.1521937781e-01 8.8586679041e-04 3.7459444193e-13
2.3864067833e-01 8.8586679041e-04 1.1027898266e-13
2.6461080752e-01 8.8586679041e-04 1.8989440564e-14
2.9340714225e-01 8.8586679041e-04 1.4834039063e-15
3.2533724503e-01 8.8586679041e-04 3.5629205371e-17
3.6074214893e-01 8.8586679041e-04 1.4257428180e-19
4.0000000000e-01 8.8586679041e-04 3.6775834945e-23
2.0000000000e-02 1.6237767392e-03 1.1187296629e-15
2.2176504808e-02 1.6237767392e-03 2.0751040333e-15
2.4589868274e-02 1.6237767392e-03 3.8436345484e-15
2.7265866600e-02 1.6237767392e-03 7.1119305229e-15
3.0233081086e-02 1.6237767392e-03 1.3130063902e-14
3.3523203403e-02 1.6237767392e-03 2.4177758519e-14
3.7171374071e-02 1.6237767392e-03 4.4319650575e-14
4.1216557790e-02 1.6237767392e-03 8.0689571503e-14
4.5701959599e-02 1.6237767392e-03 1.4570862476e-13
5.0675486338e-02 1.6237767392e-03 2.5942041328e-13
5.6190258320e-02 1.6237767392e-03 4.5343254433e-13
6.2305176688e-02 1.6237767392e-03 7.7271411395e-13
6.9085552518e-02 1.6237767392e-03 1.2730765285e-12
7.6603804377e-02 1.6237767392e-03 2.0118727160e-12
8.4940231802e-02 1.6237767392e-03 3.0263861922e-12
9.4183872945e-02 1.6237767392e-03 4.2991616414e-12
1.0443345556e-01 1.6237767392e-03 5.7147156431e-12
1.1579845146e-01 1.6237767392e-03 7.0225077007e-12
1.2840024578e-01 1.6237767392e-03 7.8529044169e-12
1.4237343339e-01 1.6237767392e-03 7.8441364881e-12
1.5786725650e-01 1.6237767392e-03 6.8199988008e-12
1.7504719864e-01 1.6237767392e-03 4.9868317530e-12
1.9409675211e-01 1.6237767392e-03 2.9098130052e-12
2.1521937781e-01 1.6237767392e-03 1.2585692559e-12
2.3864067833e-01 1.6237767392e-03 3.7051734255e-13
2.6461080752e-01 1.6237767392e-03 6.3801069652e-14
2.9340714225e-01 1.6237767392e-03 4.9839675704e-15
3.2533724503e-01 1.6237767392e-03 1.1970765573e-16
3.6074214893e-01 1.6237767392e-03 4.7902367914e-19
4.0000000000e-01 1.6237767392e-03 1.2356012274e-22
2.0000000000e-02 2.9763514416e-03 3.7587283790e-15
2.2176504808e-02 2.9763514416e-03 6.9719724770e-15
2.4589868274e-02 2.9763514416e-03 1.2913913642e-14
2.7265866600e-02 2.9763514416e-03 2.3894794222e-14
3.0233081086e-02 2.9763514416e-03 4.4114628799e-14
3.3523203403e-02 2.9763514416e-03 8.1232875195e-14
3.7171374071e-02 2.9763514416e-03 1.4890597244e-13
4.1216557790e-02 2.9763514416e-03 2.7110229785e-13
4.5701959599e-02 2.9763514416e-03 4.8955450194e-13
5.0675486338e-02 2.9763514416e-03 8.7160544837e-13
5.6190258320e-02 2.9763514416e-03 1.5234509540e-12
6.2305176688e-02 2.9763514416e-03 2.5961790101e-12
6.9085552518e-02 2.9763514416e-03 4.2773058004e-12
7.6603804377e-02 2.9763514416e-03 6.7595267408e-12
8.4940231802e-02 2.9763514416e-03 1.0168107670e-11
9.4183872945e-02 2.9763514416e-03 1.4444401898e-11
1.0443345556e-01 2.9763514416e-03 1.9200406119e-11
1.1579845146e-01 2.9763514416e-03 2.3594349788e-11
1.2840024578e-01 2.9763514416e-03 2.6384331860e-11
1.4237343339e-01 2.9763514416e-03 2.6354873213e-11
1.5786725650e-01 2.9763514416e-03 2.2913956683e-11
1.7504719864e-01 2.9763514416e-03 1.6754848514e-11
1.9409675211e-01 2.9763514416e-03 9.7764429446e-12
2.1521937781e-01 2.9763514416e-03 4.2285640006e-12
2.3864067833e-01 2.9763514416e-03 1.2448709429e-12
2.6461080752e-01 2.9763514416e-03 2.1436000050e-13
2.9340714225e-01 2.9763514416e-03 1.6745225381e-14
3.2533724503e-01 2.9763514416e-03 4.0219597073e-16
3.6074214893e-01 2.9763514416e-03 1.6094325168e-18
4.0000000000e-01 2.9763514416e-03 4.1513955984e-22
2.0000000000e-02 5.4555947812e-03 1.2628644341e-14
2.2176504808e-02 5.4555947812e-03 2.3424560620e-14
2.4589868274e-02 5.4555947812e-03 4.3388403200e-14
2.7265866600e-02 5.4555947812e-03 8.0282166572e-14
3.0233081086e-02 5.4555947812e-03 1.4821713653e-13
3.3523203403e-02 5.4555947812e-03 2.7292769953e-13
3.7171374071e-02 5.4555947812e-03 5.0029700916e-13
4.1216557790e-02 5.4555947812e-03 9.1085445776e-13
4.5701959599e-02 5.4555947812e-03 1.6448141677e-12
5.0675486338e-02 5.4555947812e-03 2.9284359239e-12
5.6190258320e-02 5.4555947812e-03 5.1185183736e-12
6.2305176688e-02 5.4555947812e-03 8.7226897127e-12
6.9085552518e-02 5.4555947812e-03 1.4370970244e-11
7.6603804377e-02 5.4555947812e-03 2.2710781550e-11
8.4940231802e-02 5.4555947812e-03 3.4162994086e-11
9.4183872945e-02 5.4555947812e-03 4.8530565632e-11
1.0443345556e-01 5.4555947812e-03 6.4509875582e-11
1.1579845146e-01 5.4555947812e-03 7.9272727872e-11
1.2840024578e-01 5.4555947812e-03 8.8646560656e-11
1.4237343339e-01 5.4555947812e-03 8.8547584953e-11
1.5786725650e-01 5.4555947812e-03 7.6986730676e-11
1.7504719864e-01 5.4555947812e-03 5.6293246423e-11
1.9409675211e-01 5.4555947812e-03 3.2847071780e-11
2.1521937781e-01 5.4555947812e-03 1.4207206654e-11
2.3864067833e-01 5.4555947812e-03 4.1825401580e-12
2.6461080752e-01 5.4555947812e-03 7.2021064953e-13
2.9340714225e-01 5.4555947812e-03 5.6260914444e-14
3.2533724503e-01 5.4555947812e-03 1.3513053771e-15
3.6074214893e-01 5.4555947812e-03 5.4074008003e-18
4.0000000000e-01 5.4555947812e-03 1.3947934845e-21
2.0000000000e-02 1.0000000000e-02 4.2429950187e-14
2.2176504808e-02 1.0000000000e-02 7.8702267118e-14
2.4589868274e-02 1.0000000000e-02 1.4577715049e-13
2.7265866600e-02 1.0000000000e-02 2.6973349131e-13
3.0233081086e-02 1.0000000000e-02 4.9798264566e-13
3.3523203403e-02 1.0000000000e-02 9.1698747571e-13
3.7171374071e-02 1.0000000000e-02 1.6809070399e-12
4.1216557790e-02 1.0000000000e-02 3.0603054633e-12
4.5701959599e-02 1.0000000000e-02 5.5262767183e-12
5.0675486338e-02 1.0000000000e-02 9.8390125672e-12
5.6190258320e-02 1.0000000000e-02 1.7197291630e-11
6.2305176688e-02 1.0000000000e-02 2.9306652402e-11
6.9085552518e-02 1.0000000000e-02 4.8283848618e-11
7.6603804377e-02 1.0000000000e-02 7.6304099148e-11
8.4940231802e-02 1.0000000000e-02 1.1478145224e-10
9.4183872945e-02 1.0000000000e-02 1.6305388186e-10
1.0443345556e-01 1.0000000000e-02 2.1674145963e-10
1.1579845146e-01 1.0000000000e-02 2.6634196071e-10
1.2840024578e-01 1.0000000000e-02 2.9783633551e-10
1.4237343339e-01 1.0000000000e-02 2.9750379513e-10
1.5786725650e-01 1.0000000000e-02 2.5866142553e-10
1.7504719864e-01 1.0000000000e-02 1.8913507873e-10
1.9409675211e-01 1.0000000000e-02 1.1036019242e-10
2.1521937781e-01 1.0000000000e-02 4.7733632713e-11
2.3864067833e-01 1.0000000000e-02 1.4052574906e-11
2.6461080752e-01 1.0000000000e-02 2.4197769103e-12
2.9340714225e-01 1.0000000000e-02 1.8902644915e-13
3.2533724503e-01 1.0000000000e-02 4.5401405164e-15
3.6074214893e-01 1.0000000000e-02 1.8167884090e-17
4.0000000000e-01 1.0000000000e-02 4.6862526549e-21
