2.0000000000e-02 1.0000000000e-07 4.2359248284e-24
2.2176504808e-02 1.0000000000e-07 1.2567166358e-24
2.4589868274e-02 1.0000000000e-07 2.3240567296e-24
2.7265866600e-02 1.0000000000e-07 4.2916477686e-24
3.0233081086e-02 1.0000000000e-07 7.8963339282e-24
3.3523203403e-02 1.0000000000e-07 1.4443637978e-23
3.7171374071e-02 1.0000000000e-07 2.6235248914e-23
4.1216557790e-02 1.0000000000e-07 4.7132099440e-23
4.5701959599e-02 1.0000000000e-07 8.3334186648e-23
5.0675486338e-02 1.0000000000e-07 1.4402798958e-22
5.6190258320e-02 1.0000000000e-07 2.4152007091e-22
6.2305176688e-02 1.0000000000e-07 3.8901486492e-22
6.9085552518e-02 1.0000000000e-07 5.9550321351e-22
7.6603804377e-02 1.0000000000e-07 8.6042851859e-22
8.4940231802e-02 1.0000000000e-07 1.1649249127e-21
9.4183872945e-02 1.0000000000e-07 1.4676822005e-21
1.0443345556e-01 1.0000000000e-07 1.7032848715e-21
1.1579845146e-01 1.0000000000e-07 1.7962475680e-21
1.2840024578e-01 1.0000000000e-07 1.6907452395e-21
1.4237343339e-01 1.0000000000e-07 1.3838993036e-21
1.5786725650e-01 1.0000000000e-07 9.4445785712e-22
1.7504719864e-01 1.0000000000e-07 5.0180401094e-22
1.9409675211e-01 1.0000000000e-07 1.8712476900e-22
2.1521937781e-01 1.0000000000e-07 4.1622753601e-23
2.3864067833e-01 1.0000000000e-07 4.5479250548e-24
2.6461080752e-01 1.0000000000e-07 1.7715839248e-25
2.9340714225e-01 1.0000000000e-07 1.4668301938e-27
3.2533724503e-01 1.0000000000e-07 1.1692589482e-30
3.6074214893e-01 1.0000000000e-07 2.7365094535e-35
4.0000000000e-01 1.0000000000e-07 2.4789420774e-41
2.0000000000e-02 1.8329807108e-07 1.4231937698e-23
2.2176504808e-02 1.8329807108e-07 4.2223395336e-24
2.4589868274e-02 1.8329807108e-07 7.8084082986e-24
2.7265866600e-02 1.8329807108e-07 1.4419156651e-23
3.0233081086e-02 1.8329807108e-07 2.6530247127e-23
3.3523203403e-02 1.8329807108e-07 4.8527999000e-23
3.7171374071e-02 1.8329807108e-07 8.8145669045e-23
4.1216557790e-02 1.8329807108e-07 1.5835528957e-22
4.5701959599e-02 1.8329807108e-07 2.7998772417e-22
5.0675486338e-02 1.8329807108e-07 4.8390787313e-22
5.6190258320e-02 1.8329807108e-07 8.1146355074e-22
6.2305176688e-02 1.8329807108e-07 1.3070192568e-21
6.9085552518e-02 1.8329807108e-07 2.0007825863e-21
7.6603804377e-02 1.8329807108e-07 2.8908834708e-21
8.4940231802e-02 1.8329807108e-07 3.9139360237e-21
9.4183872945e-02 1.8329807108e-07 4.9311454957e-21
1.0443345556e-01 1.8329807108e-07 5.7227276580e-21
1.1579845146e-01 1.8329807108e-07 6.0350654258e-21
1.2840024578e-01 1.8329807108e-07 5.6805967731e-21
1.4237343339e-01 1.8329807108e-07 4.6496501865e-21
1.5786725650e-01 1.8329807108e-07 3.1732067790e-21
1.7504719864e-01 1.8329807108e-07 1.6859702921e-21
1.9409675211e-01 1.8329807108e-07 6.2870522070e-22
2.1521937781e-01 1.8329807108e-07 1.3984488867e-22
2.3864067833e-01 1.8329807108e-07 1.5280201764e-23
2.6461080752e-01 1.8329807108e-07 5.9522000663e-25
2.9340714225e-01 1.8329807108e-07 4.9282829079e-27
3.2533724503e-01 1.8329807108e-07 3.9284975956e-30
3.6074214893e-01 1.8329807108e-07 9.1941745023e-35
4.0000000000e-01 1.8329807108e-07 8.3287949224e-41
2.0000000000e-02 3.3598182863e-07 4.7816724526e-23
2.2176504808e-02 3.3598182863e-07 1.4186293576e-23
2.4589868274e-02 3.3598182863e-07 2.6234832988e-23
2.7265866600e-02 3.3598182863e-07 4.8445746190e-23
3.0233081086e-02 3.3598182863e-07 8.9136809436e-23
3.3523203403e-02 3.3598182863e-07 1.6304525844e-22
3.7171374071e-02 3.3598182863e-07 2.9615343071e-22
4.1216557790e-02 3.3598182863e-07 5.3204499762e-22
4.5701959599e-02 3.3598182863e-07 9.4070787561e-22
5.0675486338e-02 3.3598182863e-07 1.6258425210e-21
5.6190258320e-02 3.3598182863e-07 2.7263700764e-21
6.2305176688e-02 3.3598182863e-07 4.3913471994e-21
6.9085552518e-02 3.3598182863e-07 6.7222659203e-21
7.6603804377e-02 3.3598182863e-07 9.7128431487e-21
8.4940231802e-02 3.3598182863e-07 1.3150113824e-20
9.4183872945e-02 3.3598182863e-07 1.6567752809e-20
1.0443345556e-01 3.3598182863e-07 1.9227325033e-20
1.1579845146e-01 3.3598182863e-07 2.0276723177e-20
1.2840024578e-01 3.3598182863e-07 1.9085772915e-20
1.4237343339e-01 3.3598182863e-07 1.5621979722e-20
1.5786725650e-01 3.3598182863e-07 1.0661398162e-20
1.7504719864e-01 3.3598182863e-07 5.6645538175e-21
1.9409675211e-01 3.3598182863e-07 2.1123352972e-21
2.1521937781e-01 3.3598182863e-07 4.6985341421e-22
2.3864067833e-01 3.3598182863e-07 5.1338701304e-23
2.6461080752e-01 3.3598182863e-07 1.9998310626e-24
2.9340714225e-01 3.3598182863e-07 1.6558135034e-26
3.2533724503e-01 3.3598182863e-07 1.3199038059e-29
3.6074214893e-01 3.3598182863e-07 3.0890755620e-34
4.0000000000e-01 3.3598182863e-07 2.7983237483e-40
2.0000000000e-02 6.1584821107e-07 2.5743781764e-23
2.2176504808e-02 6.1584821107e-07 4.7663368571e-23
2.4589868274e-02 6.1584821107e-07 8.8144271612e-23
2.7265866600e-02 6.1584821107e-07 1.6276890394e-22
3.0233081086e-02 6.1584821107e-07 2.9948348232e-22
3.3523203403e-02 6.1584821107e-07 5.4780244079e-22
3.7171374071e-02 6.1584821107e-07 9.9502171206e-22
4.1216557790e-02 6.1584821107e-07 1.7875745121e-21
4.5701959599e-02 6.1584821107e-07 3.1606075225e-21
5.0675486338e-02 6.1584821107e-07 5.4625354327e-21
5.6190258320e-02 6.1584821107e-07 9.1601080380e-21
6.2305176688e-02 6.1584821107e-07 1.4754128622e-20
6.9085552518e-02 6.1584821107e-07 2.2585591964e-20
7.6603804377e-02 6.1584821107e-07 3.2633388023e-20
8.4940231802e-02 6.1584821107e-07 4.4181992892e-20
9.4183872945e-02 6.1584821107e-07 5.5664638849e-20
1.0443345556e-01 6.1584821107e-07 6.4600318241e-20
1.1579845146e-01 6.1584821107e-07 6.8126105314e-20
1.2840024578e-01 6.1584821107e-07 6.4124728848e-20
1.4237343339e-01 6.1584821107e-07 5.2487013136e-20
1.5786725650e-01 6.1584821107e-07 3.5820360502e-20
1.7504719864e-01 6.1584821107e-07 1.9031871500e-20
1.9409675211e-01 6.1584821107e-07 7.0970627583e-21
2.1521937781e-01 6.1584821107e-07 1.5786220929e-21
2.3864067833e-01 6.1584821107e-07 1.7248870744e-22
2.6461080752e-01 6.1584821107e-07 6.7190689737e-24
2.9340714225e-01 6.1584821107e-07 5.5632324874e-26
3.2533724503e-01 6.1584821107e-07 4.4346369433e-29
3.6074214893e-01 6.1584821107e-07 1.0378732561e-33
4.0000000000e-01 6.1584821107e-07 1.1133577518e-40
2.0000000000e-02 1.1288378917e-06 8.6494428728e-23
2.2176504808e-02 1.1288378917e-06 1.6014025731e-22
2.4589868274e-02 1.1288378917e-06 2.9614873559e-22
2.7265866600e-02 1.1288378917e-06 5.4687393990e-22
3.0233081086e-02 1.1288378917e-06 1.0062100804e-21
3.3523203403e-02 1.1288378917e-06 1.8405166578e-21
3.7171374071e-02 1.1288378917e-06 3.3430921434e-21
4.1216557790e-02 1.1288378917e-06 6.0059255340e-21
4.5701959599e-02 1.1288378917e-06 1.0619066950e-20
5.0675486338e-02 1.1288378917e-06 1.8353126436e-20
5.6190258320e-02 1.1288378917e-06 3.0776298490e-20
6.2305176688e-02 1.1288378917e-06 4.9571191143e-20
6.9085552518e-02 1.1288378917e-06 7.5883484888e-20
7.6603804377e-02 1.1288378917e-06 1.0964225382e-19
8.4940231802e-02 1.1288378917e-06 1.4844346764e-19
9.4183872945e-02 1.1288378917e-06 1.8702307150e-19
1.0443345556e-01 1.1288378917e-06 2.1704533053e-19
1.1579845146e-01 1.1288378917e-06 2.2889133441e-19
1.2840024578e-01 1.1288378917e-06 2.1544743659e-19
1.4237343339e-01 1.1288378917e-06 1.7634682653e-19
1.5786725650e-01 1.1288378917e-06 1.2034990224e-19
1.7504719864e-01 1.1288378917e-06 6.3943629887e-20
1.9409675211e-01 1.1288378917e-06 2.3844841234e-20
2.1521937781e-01 1.1288378917e-06 5.3038833749e-21
2.3864067833e-01 1.1288378917e-06 5.7953071342e-22
2.6461080752e-01 1.1288378917e-06 2.2574850805e-23
2.9340714225e-01 1.1288378917e-06 1.8691450242e-25
3.2533724503e-01 1.1288378917e-06 1.4899574295e-28
3.6074214893e-01 1.1288378917e-06 3.4870655447e-33
4.0000000000e-01 1.1288378917e-06 3.7406797336e-40
2.0000000000e-02 2.0691380811e-06 2.9060556330e-22
2.2176504808e-02 2.0691380811e-06 5.3804216488e-22
2.4589868274e-02 2.0691380811e-06 9.9500593731e-22
2.7265866600e-02 2.0691380811e-06 1.8373970636e-21
3.0233081086e-02 2.0691380811e-06 3.3806830278e-21
3.3523203403e-02 2.0691380811e-06 3.8753003337e-20
3.7171374071e-02 2.0691380811e-06 1.1232182116e-20
4.1216557790e-02 2.0691380811e-06 2.0178818435e-20
4.5701959599e-02 2.0691380811e-06 3.5678135322e-20
5.0675486338e-02 2.0691380811e-06 6.1663169811e-20
5.6190258320e-02 2.0691380811e-06 1.0340277045e-19
6.2305176688e-02 2.0691380811e-06 1.6655019447e-19
6.9085552518e-02 2.0691380811e-06 2.5495472015e-19
7.6603804377e-02 2.0691380811e-06 3.6837804934e-19
8.4940231802e-02 2.0691380811e-06 4.9874307706e-19
9.4183872945e-02 2.0691380811e-06 6.2836353560e-19
1.0443345556e-01 2.0691380811e-06 7.2923287045e-19
1.1579845146e-01 2.0691380811e-06 7.6903329092e-19
1.2840024578e-01 2.0691380811e-06 7.2386423718e-19
1.4237343339e-01 2.0691380811e-06 5.9249329250e-19
1.5786725650e-01 2.0691380811e-06 4.0435380229e-19
1.7504719864e-01 2.0691380811e-06 2.1483897699e-19
1.9409675211e-01 2.0691380811e-06 8.0114333612e-20
2.1521937781e-01 2.0691380811e-06 1.7820084351e-20
2.3864067833e-01 2.0691380811e-06 1.9471178884e-21
2.6461080752e-01 2.0691380811e-06 7.5847396543e-23
2.9340714225e-01 2.0691380811e-06 6.2799876320e-25
3.2533724503e-01 2.0691380811e-06 5.0059862174e-28
3.6074214893e-01 2.0691380811e-06 1.1715906583e-32
4.0000000000e-01 2.0691380811e-06 1.2568004172e-39
2.0000000000e-02 3.7926901907e-06 9.7638188568e-22
2.2176504808e-02 3.7926901907e-06 1.8077239044e-21
2.4589868274e-02 3.7926901907e-06 3.3430391431e-21
2.7265866600e-02 3.7926901907e-06 6.1733202533e-21
3.0233081086e-02 3.7926901907e-06 1.1358480657e-20
3.3523203403e-02 3.7926901907e-06 2.0776449436e-20
3.7171374071e-02 3.7926901907e-06 3.7738090869e-20
4.1216557790e-02 3.7926901907e-06 6.7797163174e-20
4.5701959599e-02 3.7926901907e-06 1.1987205147e-19
5.0675486338e-02 3.7926901907e-06 2.0717704552e-19
5.6190258320e-02 3.7926901907e-06 3.4741451902e-19
6.2305176688e-02 3.7926901907e-06 5.5957838898e-19
6.9085552518e-02 3.7926901907e-06 8.5660153095e-19
7.6603804377e-02 3.7926901907e-06 1.2376833064e-18
8.4940231802e-02 3.7926901907e-06 1.6756861105e-18
9.4183872945e-02 3.7926901907e-06 2.1111872973e-18
1.0443345556e-01 3.7926901907e-06 2.4500899331e-18
1.1579845146e-01 3.7926901907e-06 2.5838121136e-18
1.2840024578e-01 3.7926901907e-06 2.4320523009e-18
1.4237343339e-01 3.7926901907e-06 1.9906697986e-18
1.5786725650e-01 3.7926901907e-06 1.3585552991e-18
1.7504719864e-01 3.7926901907e-06 7.2181992348e-19
1.9409675211e-01 3.7926901907e-06 2.6916960306e-19
2.1521937781e-01 3.7926901907e-06 5.9872245267e-20
2.3864067833e-01 3.7926901907e-06 6.5419622871e-21
2.6461080752e-01 3.7926901907e-06 2.5483346987e-22
2.9340714225e-01 3.7926901907e-06 2.1099617284e-24
3.2533724503e-01 3.7926901907e-06 1.6819204034e-27
3.6074214893e-01 3.7926901907e-06 3.9363317176e-32
4.0000000000e-01 3.7926901907e-06 4.2226210239e-39
2.0000000000e-02 6.9519279618e-06 3.2804657139e-21
2.2176504808e-02 6.9519279618e-06 6.0736238304e-21
2.4589868274e-02 6.9519279618e-06 1.1232004045e-20
2.7265866600e-02 6.9519279618e-06 2.0741234274e-20
3.0233081086e-02 6.9519279618e-06 3.8162431016e-20
3.3523203403e-02 6.9519279618e-06 6.9805094740e-20
3.7171374071e-02 6.9519279618e-06 1.2679312779e-19
4.1216557790e-02 6.9519279618e-06 2.2778614859e-19
4.5701959599e-02 6.9519279618e-06 4.0274831056e-19
5.0675486338e-02 6.9519279618e-06 6.9607722604e-19
5.6190258320e-02 6.9519279618e-06 1.1672496539e-18
6.2305176688e-02 6.9519279618e-06 1.8800817039e-18
6.9085552518e-02 6.9519279618e-06 2.8780254877e-18
7.6603804377e-02 6.9519279618e-06 4.1583910056e-18
8.4940231802e-02 6.9519279618e-06 5.6300008360e-18
9.4183872945e-02 6.9519279618e-06 7.0932056874e-18
1.0443345556e-01 6.9519279618e-06 8.2318569603e-18
1.1579845146e-01 6.9519279618e-06 8.6811391876e-18
1.2840024578e-01 6.9519279618e-06 8.1712537937e-18
1.4237343339e-01 6.9519279618e-06 6.6882887914e-18
1.5786725650e-01 6.9519279618e-06 4.5644989367e-18
1.7504719864e-01 6.9519279618e-06 2.4251837783e-18
1.9409675211e-01 6.9519279618e-06 9.0436095448e-19
2.1521937781e-01 6.9519279618e-06 2.0115986449e-19
2.3864067833e-01 6.9519279618e-06 2.1979804520e-20
2.6461080752e-01 6.9519279618e-06 8.5619415204e-22
2.9340714225e-01 6.9519279618e-06 7.0890879983e-24
3.2533724503e-01 6.9519279618e-06 5.6509469275e-27
3.6074214893e-01 6.9519279618e-06 1.3225359286e-31
4.0000000000e-01 6.9519279618e-06 1.4187239332e-38
2.0000000000e-02 1.2742749857e-05 1.1021768693e-20
2.2176504808e-02 1.2742749857e-05 2.0406272409e-20
2.4589868274e-02 1.2742749857e-05 3.7737492581e-20
2.7265866600e-02 1.2742749857e-05 6.9686778195e-20
3.0233081086e-02 1.2742749857e-05 1.2821883358e-19
3.3523203403e-02 1.2742749857e-05 2.3453243378e-19
3.7171374071e-02 1.2742749857e-05 4.2600186933e-19
4.1216557790e-02 1.2742749857e-05 7.6532006739e-19
4.5701959599e-02 1.2742749857e-05 1.3531611386e-18
5.0675486338e-02 1.2742749857e-05 2.3386929927e-18
5.6190258320e-02 1.2742749857e-05 3.9217467319e-18
6.2305176688e-02 1.2742749857e-05 6.3167328885e-18
6.9085552518e-02 1.2742749857e-05 9.6696426621e-18
7.6603804377e-02 1.2742749857e-05 1.3971438142e-17
8.4940231802e-02 1.2742749857e-05 1.8915779761e-17
9.4183872945e-02 1.2742749857e-05 2.3831882177e-17
1.0443345556e-01 1.2742749857e-05 2.7657543545e-17
1.1579845146e-01 1.2742749857e-05 2.9167050188e-17
1.2840024578e-01 1.2742749857e-05 2.7453927918e-17
1.4237343339e-01 1.2742749857e-05 2.2471434985e-17
1.5786725650e-01 1.2742749857e-05 1.5335886995e-17
1.7504719864e-01 1.2742749857e-05 8.1481768060e-18
1.9409675211e-01 1.2742749857e-05 3.0384884723e-18
2.1521937781e-01 1.2742749857e-05 6.7586059118e-19
2.3864067833e-01 1.2742749857e-05 7.3848149156e-20
2.6461080752e-01 1.2742749857e-05 2.8766567686e-21
2.9340714225e-01 1.2742749857e-05 2.3818047490e-23
3.2533724503e-01 1.2742749857e-05 1.8986154822e-26
3.6074214893e-01 1.2742749857e-05 4.4434803971e-31
4.0000000000e-01 1.2742749857e-05 4.7666546140e-38
2.0000000000e-02 2.3357214691e-05 3.7031140002e-20
2.2176504808e-02 2.3357214691e-05 6.8561367196e-20
2.4589868274e-02 2.3357214691e-05 1.2679111765e-19
2.7265866600e-02 2.3357214691e-05 2.3413491169e-19
3.0233081086e-02 2.3357214691e-05 4.3079198169e-19
3.3523203403e-02 2.3357214691e-05 7.8798635975e-19
3.7171374071e-02 2.3357214691e-05 1.4312888706e-18
4.1216557790e-02 2.3357214691e-05 2.5713363573e-18
4.5701959599e-02 2.3357214691e-05 4.5463755377e-18
5.0675486338e-02 2.3357214691e-05 7.8575834830e-18
5.6190258320e-02 2.3357214691e-05 1.3176356384e-17
6.2305176688e-02 2.3357214691e-05 2.1223074668e-17
6.9085552518e-02 2.3357214691e-05 3.2488242238e-17
7.6603804377e-02 2.3357214691e-05 4.6941493356e-17
8.4940231802e-02 2.3357214691e-05 6.3553582739e-17
9.4183872945e-02 2.3357214691e-05 8.0070793534e-17
1.0443345556e-01 2.3357214691e-05 9.2924320557e-17
1.1579845146e-01 2.3357214691e-05 9.7995988579e-17
1.2840024578e-01 2.3357214691e-05 9.2240209048e-17
1.4237343339e-01 2.3357214691e-05 7.5499938183e-17
1.5786725650e-01 2.3357214691e-05 5.1525793563e-17
1.7504719864e-01 2.3357214691e-05 2.7376393433e-17
1.9409675211e-01 2.3357214691e-05 1.0208769132e-17
2.1521937781e-01 2.3357214691e-05 2.2707687732e-18
2.3864067833e-01 2.3357214691e-05 2.4811636194e-19
2.6461080752e-01 2.3357214691e-05 9.6650440146e-21
2.9340714225e-01 2.3357214691e-05 8.0024311500e-23
3.2533724503e-01 2.3357214691e-05 6.3790030157e-26
3.6074214893e-01 2.3357214691e-05 1.4929286693e-30
4.0000000000e-01 2.3357214691e-05 1.6015093337e-37
2.0000000000e-02 4.2813323987e-05 1.2441790134e-19
2.2176504808e-02 4.2813323987e-05 2.3035373524e-19
2.4589868274e-02 4.2813323987e-05 4.2599511563e-19
2.7265866600e-02 4.2813323987e-05 7.8665075776e-19
3.0233081086e-02 4.2813323987e-05 1.4473827777e-18
3.3523203403e-02 4.2813323987e-05 2.6474909808e-18
3.7171374071e-02 4.2813323987e-05 4.8088705202e-18
4.1216557790e-02 4.2813323987e-05 8.6392229134e-18
4.5701959599e-02 4.2813323987e-05 1.5274995668e-17
5.0675486338e-02 4.2813323987e-05 2.6400052672e-17
5.6190258320e-02 4.2813323987e-05 4.4270163125e-17
6.2305176688e-02 4.2813323987e-05 7.1305674362e-17
6.9085552518e-02 4.2813323987e-05 1.0915459036e-16
7.6603804377e-02 4.2813323987e-05 1.5771488776e-16
8.4940231802e-02 4.2813323987e-05 2.1352848945e-16
9.4183872945e-02 4.2813323987e-05 2.6902331631e-16
1.0443345556e-01 4.2813323987e-05 3.1220883145e-16
1.1579845146e-01 4.2813323987e-05 3.2924871441e-16
1.2840024578e-01 4.2813323987e-05 3.0991034109e-16
1.4237343339e-01 4.2813323987e-05 2.5366607292e-16
1.5786725650e-01 4.2813323987e-05 1.7311730343e-16
1.7504719864e-01 4.2813323987e-05 9.1979707268e-17
1.9409675211e-01 4.2813323987e-05 3.4299609209e-17
2.1521937781e-01 4.2813323987e-05 7.6293704482e-18
2.3864067833e-01 4.2813323987e-05 8.3362588998e-19
2.6461080752e-01 4.2813323987e-05 3.2472791618e-20
2.9340714225e-01 4.2813323987e-05 2.6886714512e-22
3.2533724503e-01 4.2813323987e-05 2.1432290980e-25
3.6074214893e-01 4.2813323987e-05 5.0159690432e-30
4.0000000000e-01 4.2813323987e-05 5.3807803449e-37
2.0000000000e-02 7.8475997035e-05 4.1802154007e-19
2.2176504808e-02 7.8475997035e-05 7.7394669197e-19
2.4589868274e-02 7.8475997035e-05 1.4312661794e-18
2.7265866600e-02 7.8475997035e-05 2.6430036008e-18
3.0233081086e-02 7.8475997035e-05 4.8629431237e-18
3.3523203403e-02 7.8475997035e-05 8.8950886102e-18
3.7171374071e-02 7.8475997035e-05 1.6156931110e-17
4.1216557790e-02 7.8475997035e-05 2.9026219124e-17
4.5701959599e-02 7.8475997035e-05 5.1321209768e-17
5.0675486338e-02 7.8475997035e-05 8.8699379726e-17
5.6190258320e-02 7.8475997035e-05 1.4873970361e-16
6.2305176688e-02 7.8475997035e-05 2.3957410864e-16
6.9085552518e-02 7.8475997035e-05 3.6673958872e-16
7.6603804377e-02 7.8475997035e-05 5.2989336392e-16
8.4940231802e-02 7.8475997035e-05 7.1741692348e-16
9.4183872945e-02 7.8475997035e-05 9.0386945759e-16
1.0443345556e-01 7.8475997035e-05 1.0489649410e-15
1.1579845146e-01 7.8475997035e-05 1.1062158514e-15
1.2840024578e-01 7.8475997035e-05 1.0412424311e-15
1.4237343339e-01 7.8475997035e-05 8.5227191040e-16
1.5786725650e-01 7.8475997035e-05 5.8164268173e-16
1.7504719864e-01 7.8475997035e-05 3.0903510245e-16
1.9409675211e-01 7.8475997035e-05 1.1524045423e-16
2.1521937781e-01 7.8475997035e-05 2.5633298345e-17
2.3864067833e-01 7.8475997035e-05 2.8008315091e-18
2.6461080752e-01 7.8475997035e-05 1.0910267908e-19
2.9340714225e-01 7.8475997035e-05 9.0334475077e-22
3.2533724503e-01 7.8475997035e-05 7.2008603153e-25
3.6074214893e-01 7.8475997035e-05 1.6852744515e-29
4.0000000000e-01 7.8475997035e-05 1.8078444197e-36
2.0000000000e-02 1.4384498883e-04 1.4044764144e-18
2.2176504808e-02 1.4384498883e-04 2.6003202483e-18
2.4589868274e-02 1.4384498883e-04 4.8087942820e-18
2.7265866600e-02 1.4384498883e-04 8.8800118288e-18
3.0233081086e-02 1.4384498883e-04 1.6338605232e-17
3.3523203403e-02 1.4384498883e-04 2.9885881371e-17
3.7171374071e-02 1.4384498883e-04 5.4284352595e-17
4.1216557790e-02 1.4384498883e-04 9.7522821793e-17
4.5701959599e-02 1.4384498883e-04 1.7242993905e-16
5.0675486338e-02 1.4384498883e-04 2.9801379799e-16
5.6190258320e-02 1.4384498883e-04 4.9973837607e-16
6.2305176688e-02 1.4384498883e-04 8.0492547112e-16
6.9085552518e-02 1.4384498883e-04 1.2321783765e-15
7.6603804377e-02 1.4384498883e-04 1.7803454139e-15
8.4940231802e-02 1.4384498883e-04 2.4103904984e-15
9.4183872945e-02 1.4384498883e-04 3.0368371320e-15
1.0443345556e-01 1.4384498883e-04 3.5243315906e-15
1.1579845146e-01 1.4384498883e-04 3.7166842461e-15
1.2840024578e-01 1.4384498883e-04 3.4983853605e-15
1.4237343339e-01 1.4384498883e-04 2.8634787495e-15
1.5786725650e-01 1.4384498883e-04 1.9542137182e-15
1.7504719864e-01 1.4384498883e-04 1.0383017883e-15
1.9409675211e-01 1.4384498883e-04 3.8718698546e-16
2.1521937781e-01 1.4384498883e-04 8.6123224516e-17
2.3864067833e-01 1.4384498883e-04 9.4102849210e-18
2.6461080752e-01 1.4384498883e-04 3.6656517627e-19
2.9340714225e-01 1.4384498883e-04 3.0350742124e-21
3.2533724503e-01 1.4384498883e-04 3.6186118040e-26
3.6074214893e-01 1.4384498883e-04 5.6622159195e-29
4.0000000000e-01 1.4384498883e-04 6.0740287401e-36
2.0000000000e-02 2.6366508987e-04 4.7187855397e-18
2.2176504808e-02 2.6366508987e-04 8.7366035204e-18
2.4589868274e-02 2.6366508987e-04 1.6156674964e-17
2.7265866600e-02 2.6366508987e-04 2.9835226125e-17
3.0233081086e-02 2.6366508987e-04 5.4894744631e-17
3.3523203403e-02 2.6366508987e-04 1.0041113073e-16
3.7171374071e-02 2.6366508987e-04 1.8238556051e-16
4.1216557790e-02 2.6366508987e-04 3.2765895999e-16
4.5701959599e-02 2.6366508987e-04 5.7933326233e-16
5.0675486338e-02 2.6366508987e-04 1.0012722080e-15
5.6190258320e-02 2.6366508987e-04 1.6790301343e-15
6.2305176688e-02 2.6366508987e-04 2.7044033170e-15
6.9085552518e-02 2.6366508987e-04 4.1398954413e-15
7.6603804377e-02 2.6366508987e-04 5.9816370775e-15
8.4940231802e-02 2.6366508987e-04 8.0984740737e-15
9.4183872945e-02 2.6366508987e-04 1.0203220929e-14
1.0443345556e-01 2.6366508987e-04 1.1841113725e-14
1.1579845146e-01 2.6366508987e-04 1.2487383695e-14
1.2840024578e-01 2.6366508987e-04 1.1753939107e-14
1.4237343339e-01 2.6366508987e-04 9.6207682648e-15
1.5786725650e-01 2.6366508987e-04 6.5658029856e-15
1.7504719864e-01 2.6366508987e-04 3.4885053350e-15
1.9409675211e-01 2.6366508987e-04 1.3008779139e-15
2.1521937781e-01 2.6366508987e-04 2.8935838460e-16
2.3864067833e-01 2.6366508987e-04 3.1616847357e-17
2.6461080752e-01 2.6366508987e-04 1.2315923824e-18
2.9340714225e-01 2.6366508987e-04 1.0197297839e-20
3.2533724503e-01 2.6366508987e-04 8.1286039766e-24
3.6074214893e-01 2.6366508987e-04 1.9024016587e-28
4.0000000000e-01 2.6366508987e-04 2.0407632832e-35
2.0000000000e-02 4.8329302386e-04 1.5854261945e-17
2.2176504808e-02 4.8329302386e-04 2.9353400268e-17
2.4589868274e-02 4.8329302386e-04 5.4283491988e-17
2.7265866600e-02 4.8329302386e-04 1.0024093831e-16
3.0233081086e-02 4.8329302386e-04 1.8443636683e-16
3.3523203403e-02 4.8329302386e-04 3.3736315318e-16
3.7171374071e-02 4.8329302386e-04 6.1278234134e-16
4.1216557790e-02 4.8329302386e-04 1.1008745654e-15
4.5701959599e-02 4.8329302386e-04 1.9464544886e-15
5.0675486338e-02 4.8329302386e-04 3.3640926741e-15
5.6190258320e-02 4.8329302386e-04 5.6412361484e-15
6.2305176688e-02 4.8329302386e-04 9.0863037178e-15
6.9085552518e-02 4.8329302386e-04 1.3909296407e-14
7.6603804377e-02 4.8329302386e-04 2.0097213635e-14
8.4940231802e-02 4.8329302386e-04 2.7209401284e-14
9.4183872945e-02 4.8329302386e-04 3.4280968255e-14
1.0443345556e-01 4.8329302386e-04 3.9783990423e-14
1.1579845146e-01 4.8329302386e-04 4.1955340085e-14
1.2840024578e-01 4.8329302386e-04 3.9491099546e-14
1.4237343339e-01 4.8329302386e-04 3.2324033144e-14
1.5786725650e-01 4.8329302386e-04 2.2059904935e-14
1.7504719864e-01 4.8329302386e-04 1.1720744016e-14
1.9409675211e-01 4.8329302386e-04 4.3707134035e-15
2.1521937781e-01 4.8329302386e-04 9.7219159187e-16
2.3864067833e-01 4.8329302386e-04 1.0622686190e-16
2.6461080752e-01 4.8329302386e-04 4.1379266075e-18
2.9340714225e-01 4.8329302386e-04 3.4261067751e-20
3.2533724503e-01 4.8329302386e-04 2.7310632283e-23
3.6074214893e-01 4.8329302386e-04 6.3917238808e-28
4.0000000000e-01 4.8329302386e-04 6.8565937970e-35
2.0000000000e-02 8.8586679041e-04 5.3267439200e-17
2.2176504808e-02 8.8586679041e-04 9.8622090984e-17
2.4589868274e-02 8.8586679041e-04 1.8238266902e-16
2.7265866600e-02 8.8586679041e-04 3.3679133757e-16
3.0233081086e-02 8.8586679041e-04 6.1967267794e-16
3.3523203403e-02 8.8586679041e-04 1.1334788912e-15
3.7171374071e-02 8.8586679041e-04 2.0588373160e-15
4.1216557790e-02 8.8586679041e-04 3.6987384959e-15
4.5701959599e-02 8.8586679041e-04 6.5397333843e-15
5.0675486338e-02 8.8586679041e-04 1.1302740083e-14
5.6190258320e-02 8.8586679041e-04 1.8953528368e-14
6.2305176688e-02 8.8586679041e-04 3.0528329386e-14
6.9085552518e-02 8.8586679041e-04 4.6732708418e-14
7.6603804377e-02 8.8586679041e-04 6.7522985874e-14
8.4940231802e-02 8.8586679041e-04 9.1418643992e-14
9.4183872945e-02 8.8586679041e-04 1.1517782401e-13
1.0443345556e-01 8.8586679041e-04 1.3366697852e-13
1.1579845146e-01 8.8586679041e-04 1.4096231882e-13
1.2840024578e-01 8.8586679041e-04 1.3268291840e-13
1.4237343339e-01 8.8586679041e-04 1.0860287764e-13
1.5786725650e-01 8.8586679041e-04 7.4117271995e-14
1.7504719864e-01 8.8586679041e-04 3.9379570075e-14
1.9409675211e-01 8.8586679041e-04 1.4684802817e-14
2.1521937781e-01 8.8586679041e-04 3.2663870882e-15
2.3864067833e-01 8.8586679041e-04 3.5690295312e-16
2.6461080752e-01 8.8586679041e-04 1.3902681483e-17
2.9340714225e-01 8.8586679041e-04 1.1511096194e-19
3.2533724503e-01 8.8586679041e-04 9.1758761753e-23
3.6074214893e-01 8.8586679041e-04 2.1475030776e-27
4.0000000000e-01 8.8586679041e-04 2.3036909221e-34
2.0000000000e-02 1.6237767392e-03 1.7896891629e-16
2.2176504808e-02 1.6237767392e-03 3.3135230472e-16
2.4589868274e-02 1.6237767392e-03 6.1277262649e-16
2.7265866600e-02 1.6237767392e-03 1.1315576946e-15
3.0233081086e-02 1.6237767392e-03 2.0819875949e-15
3.3523203403e-02 1.6237767392e-03 3.8082831056e-15
3.7171374071e-02 1.6237767392e-03 6.9173192626e-15
4.1216557790e-02 1.6237767392e-03 1.2427089235e-14
4.5701959599e-02 1.6237767392e-03 2.1972315812e-14
5.0675486338e-02 1.6237767392e-03 3.7975152817e-14
5.6190258320e-02 1.6237767392e-03 6.3680411202e-14
6.2305176688e-02 1.6237767392e-03 1.0256963932e-13
6.9085552518e-02 1.6237767392e-03 1.5701340831e-13
7.6603804377e-02 1.6237767392e-03 2.2686496268e-13
8.4940231802e-02 1.6237767392e-03 3.0715003179e-13
9.4183872945e-02 1.6237767392e-03 3.8697655930e-13
1.0443345556e-01 1.6237767392e-03 4.4909675872e-13
1.1579845146e-01 1.6237767392e-03 4.7360777646e-13
1.2840024578e-01 1.6237767392e-03 4.4579049552e-13
1.4237343339e-01 1.6237767392e-03 3.6488593425e-13
1.5786725650e-01 1.6237767392e-03 2.4902056578e-13
1.7504719864e-01 1.6237767392e-03 1.3230819964e-13
1.9409675211e-01 1.6237767392e-03 4.9338269036e-14
2.1521937781e-01 1.6237767392e-03 1.0974467069e-14
2.3864067833e-01 1.6237767392e-03 1.1991290683e-15
2.6461080752e-01 1.6237767392e-03 4.6710483475e-17
2.9340714225e-01 1.6237767392e-03 3.8675191487e-19
3.2533724503e-01 1.6237767392e-03 3.0829276566e-22
3.6074214893e-01 1.6237767392e-03 7.2152201099e-27
4.0000000000e-01 1.6237767392e-03 7.7399828860e-34
2.0000000000e-02 2.9763514416e-03 6.0130303761e-16
2.2176504808e-02 2.9763514416e-03 1.1132835326e-15
2.4589868274e-02 2.9763514416e-03 2.0588046758e-15
2.7265866600e-02 2.9763514416e-03 3.8018282344e-15
3.0233081086e-02 2.9763514416e-03 6.9950999930e-15
3.3523203403e-02 2.9763514416e-03 1.2795139218e-14
3.7171374071e-02 2.9763514416e-03 2.3240935751e-14
4.1216557790e-02 2.9763514416e-03 4.1752761656e-14
4.5701959599e-02 2.9763514416e-03 7.3822988457e-14
5.0675486338e-02 2.9763514416e-03 1.2758961286e-13
5.6190258320e-02 2.9763514416e-03 2.1395461003e-13
6.2305176688e-02 2.9763514416e-03 3.4461534980e-13
6.9085552518e-02 2.9763514416e-03 5.2753652043e-13
7.6603804377e-02 2.9763514416e-03 7.6222505014e-13
8.4940231802e-02 2.9763514416e-03 1.0319682934e-12
9.4183872945e-02 2.9763514416e-03 1.3001709203e-12
1.0443345556e-01 2.9763514416e-03 1.5088835023e-12
1.1579845146e-01 2.9763514416e-03 1.5912360679e-12
1.2840024578e-01 2.9763514416e-03 1.4977750587e-12
1.4237343339e-01 2.9763514416e-03 1.2259504343e-12
1.5786725650e-01 2.9763514416e-03 8.3666385056e-13
1.7504719864e-01 2.9763514416e-03 4.4453150859e-13
1.9409675211e-01 2.9763514416e-03 1.6576761852e-13
2.1521937781e-01 2.9763514416e-03 3.6872215140e-14
2.3864067833e-01 2.9763514416e-03 4.0288557714e-15
2.6461080752e-01 2.9763514416e-03 1.5693873654e-16
2.9340714225e-01 2.9763514416e-03 1.2994161558e-18
3.2533724503e-01 2.9763514416e-03 1.0358076716e-21
3.6074214893e-01 2.9763514416e-03 2.4241828465e-26
4.0000000000e-01 2.9763514416e-03 2.6004936036e-33
2.0000000000e-02 5.4555947812e-03 2.0202689414e-15
2.2176504808e-02 5.4555947812e-03 3.7404303707e-15
2.4589868274e-02 5.4555947812e-03 6.9172095977e-15
2.7265866600e-02 5.4555947812e-03 1.2773452023e-14
3.0233081086e-02 5.4555947812e-03 2.3502264871e-14
3.3523203403e-02 5.4555947812e-03 4.2989342719e-14
3.7171374071e-02 5.4555947812e-03 7.8085320925e-14
4.1216557790e-02 5.4555947812e-03 1.4028169211e-13
4.5701959599e-02 5.4555947812e-03 2.4803182657e-13
5.0675486338e-02 5.4555947812e-03 4.2867791442e-13
5.6190258320e-02 5.4555947812e-03 7.1884861123e-13
6.2305176688e-02 5.4555947812e-03 1.1578449540e-12
6.9085552518e-02 5.4555947812e-03 1.7724268480e-12
7.6603804377e-02 5.4555947812e-03 2.5609376617e-12
8.4940231802e-02 5.4555947812e-03 3.4672259432e-12
9.4183872945e-02 5.4555947812e-03 4.3683380333e-12
1.0443345556e-01 5.4555947812e-03 5.0695743827e-12
1.1579845146e-01 5.4555947812e-03 5.3462640387e-12
1.2840024578e-01 5.4555947812e-03 5.0322520310e-12
1.4237343339e-01 5.4555947812e-03 4.1189706873e-12
1.5786725650e-01 5.4555947812e-03 2.8110385046e-12
1.7504719864e-01 5.4555947812e-03 1.4935450914e-12
1.9409675211e-01 5.4555947812e-03 5.5694907598e-13
2.1521937781e-01 5.4555947812e-03 1.2388394268e-13
2.3864067833e-01 5.4555947812e-03 1.3536223293e-14
2.6461080752e-01 5.4555947812e-03 5.2728563686e-16
2.9340714225e-01 5.4555947812e-03 4.3658021618e-18
3.2533724503e-01 5.4555947812e-03 3.4801255561e-21
3.6074214893e-01 5.4555947812e-03 8.1448138569e-26
4.0000000000e-01 5.4555947812e-03 8.7371859627e-33
2.0000000000e-02 1.0000000000e-02 4.2359248284e-14
2.2176504808e-02 1.0000000000e-02 1.2567166358e-14
2.4589868274e-02 1.0000000000e-02 2.3240567296e-14
2.7265866600e-02 1.0000000000e-02 4.2916477686e-14
3.0233081086e-02 1.0000000000e-02 7.8963339282e-14
3.3523203403e-02 1.0000000000e-02 1.4443637978e-13
3.7171374071e-02 1.0000000000e-02 2.6235248914e-13
4.1216557790e-02 1.0000000000e-02 4.7132099440e-13
4.5701959599e-02 1.0000000000e-02 8.3334186648e-13
5.0675486338e-02 1.0000000000e-02 1.4402798958e-12
5.6190258320e-02 1.0000000000e-02 2.4152007091e-12
6.2305176688e-02 1.0000000000e-02 3.8901486492e-12
6.9085552518e-02 1.0000000000e-02 5.9550321351e-12
7.6603804377e-02 1.0000000000e-02 8.6042851859e-12
8.4940231802e-02 1.0000000000e-02 1.1649249127e-11
9.4183872945e-02 1.0000000000e-02 1.4676822005e-11
1.0443345556e-01 1.0000000000e-02 1.7032848715e-11
1.1579845146e-01 1.0000000000e-02 1.7962475680e-11
1.2840024578e-01 1.0000000000e-02 1.6907452395e-11
1.4237343339e-01 1.0000000000e-02 1.3838993036e-11
1.5786725650e-01 1.0000000000e-02 9.4445785712e-12
1.7504719864e-01 1.0000000000e-02 5.0180401094e-12
1.9409675211e-01 1.0000000000e-02 1.8712476900e-12
2.1521937781e-01 1.0000000000e-02 4.1622753601e-13
2.3864067833e-01 1.0000000000e-02 4.5479250548e-14
2.6461080752e-01 1.0000000000e-02 1.7715839248e-15
2.9340714225e-01 1.0000000000e-02 1.4668301938e-17
3.2533724503e-01 1.0000000000e-02 1.1692589482e-20
3.6074214893e-01 1.0000000000e-02 2.7365094535e-25
4.0000000000e-01 1.0000000000e-02 2.4789420774e-31
