2.0000000000e-02 1.0000000000e-07 4.0849839962e-24
2.2176504808e-02 1.0000000000e-07 1.1799321324e-24
2.4589868274e-02 1.0000000000e-07 2.1149230525e-24
2.7265866600e-02 1.0000000000e-07 3.7292590336e-24
3.0233081086e-02 1.0000000000e-07 6.4174266653e-24
3.3523203403e-02 1.0000000000e-07 1.0678390928e-23
3.7171374071e-02 1.0000000000e-07 1.7021835942e-23
4.1216557790e-02 1.0000000000e-07 2.5732817278e-23
4.5701959599e-02 1.0000000000e-07 3.6612609303e-23
5.0675486338e-02 1.0000000000e-07 4.8735254665e-23
5.6190258320e-02 1.0000000000e-07 6.0228681216e-23
6.2305176688e-02 1.0000000000e-07 6.8306841494e-23
6.9085552518e-02 1.0000000000e-07 7.0067209443e-23
7.6603804377e-02 1.0000000000e-07 6.3680678155e-23
8.4940231802e-02 1.0000000000e-07 4.9595288745e-23
9.4183872945e-02 1.0000000000e-07 3.1301594424e-23
1.0443345556e-01 1.0000000000e-07 1.4587554252e-23
1.1579845146e-01 1.0000000000e-07 4.3198256414e-24
1.2840024578e-01 1.0000000000e-07 6.4337868357e-25
1.4237343339e-01 1.0000000000e-07 3.3738874206e-26
1.5786725650e-01 1.0000000000e-07 3.6782797075e-28
1.7504719864e-01 1.0000000000e-07 3.7032552695e-31
1.9409675211e-01 1.0000000000e-07 1.0418688081e-35
2.1521937781e-01 1.0000000000e-07 1.3177189380e-42
2.3864067833e-01 1.0000000000e-07 5.3851182630e-53
2.6461080752e-01 1.0000000000e-07 1.1544948025e-68
2.9340714225e-01 1.0000000000e-07 2.6459619957e-92
3.2533724503e-01 1.0000000000e-07 5.2207363680e-128
3.6074214893e-01 1.0000000000e-07 6.9256029383e-182
4.0000000000e-01 1.0000000000e-07 2.4455261075e-262
2.0000000000e-02 1.8329807108e-07 1.3724803929e-23
2.2176504808e-02 1.8329807108e-07 3.9643575549e-24
2.4589868274e-02 1.8329807108e-07 7.1057571458e-24
2.7265866600e-02 1.8329807108e-07 1.2529632695e-23
3.0233081086e-02 1.8329807108e-07 2.1561387461e-23
3.3523203403e-02 1.8329807108e-07 3.5877453107e-23
3.7171374071e-02 1.8329807108e-07 5.7190275665e-23
4.1216557790e-02 1.8329807108e-07 8.6457590049e-23
4.5701959599e-02 1.8329807108e-07 1.2301171424e-22
5.0675486338e-02 1.8329807108e-07 1.6374159981e-22
5.6190258320e-02 1.8329807108e-07 2.0235742451e-22
6.2305176688e-02 1.8329807108e-07 2.2949857513e-22
6.9085552518e-02 1.8329807108e-07 2.3541309155e-22
7.6603804377e-02 1.8329807108e-07 2.1395550695e-22
8.4940231802e-02 1.8329807108e-07 1.6663115804e-22
9.4183872945e-02 1.8329807108e-07 1.0516766934e-22
1.0443345556e-01 1.8329807108e-07 4.9011531528e-23
1.1579845146e-01 1.8329807108e-07 1.4513829184e-23
1.2840024578e-01 1.8329807108e-07 2.1616354661e-24
1.4237343339e-01 1.8329807108e-07 1.1335648652e-25
1.5786725650e-01 1.8329807108e-07 1.2358351423e-27
1.7504719864e-01 1.8329807108e-07 1.2442264773e-30
1.9409675211e-01 1.8329807108e-07 3.5004898733e-35
2.1521937781e-01 1.8329807108e-07 4.4272961839e-42
2.3864067833e-01 1.8329807108e-07 1.8093018814e-52
2.6461080752e-01 1.8329807108e-07 3.8788927487e-68
2.9340714225e-01 1.8329807108e-07 8.8899514978e-92
3.2533724503e-01 1.8329807108e-07 1.7540725517e-127
3.6074214893e-01 1.8329807108e-07 2.3268767396e-181
4.0000000000e-01 1.8329807108e-07 8.2165233355e-262
2.0000000000e-02 3.3598182863e-07 4.6112847218e-23
2.2176504808e-02 3.3598182863e-07 1.3319521006e-23
2.4589868274e-02 3.3598182863e-07 2.3874052796e-23
2.7265866600e-02 3.3598182863e-07 4.2097289050e-23
3.0233081086e-02 3.3598182863e-07 7.2442343869e-23
3.3523203403e-02 3.3598182863e-07 1.2054172302e-22
3.7171374071e-02 3.3598182863e-07 1.9214893398e-22
4.1216557790e-02 3.3598182863e-07 2.9048179203e-22
4.5701959599e-02 3.3598182863e-07 4.1329700694e-22
5.0675486338e-02 3.3598182863e-07 5.5014202127e-22
5.6190258320e-02 3.3598182863e-07 6.7988417522e-22
6.2305176688e-02 3.3598182863e-07 7.7107350939e-22
6.9085552518e-02 3.3598182863e-07 7.9094520984e-22
7.6603804377e-02 3.3598182863e-07 7.1885162469e-22
8.4940231802e-02 3.3598182863e-07 5.5985041184e-22
9.4183872945e-02 3.3598182863e-07 3.5334425856e-22
1.0443345556e-01 3.3598182863e-07 1.6466983987e-22
1.1579845146e-01 3.3598182863e-07 4.8763828695e-23
1.2840024578e-01 3.3598182863e-07 7.2627023672e-24
1.4237343339e-01 3.3598182863e-07 3.8085719627e-25
1.5786725650e-01 3.3598182863e-07 4.1521815100e-27
1.7504719864e-01 3.3598182863e-07 4.1803748708e-30
1.9409675211e-01 3.3598182863e-07 1.1761009887e-34
2.1521937781e-01 3.3598182863e-07 1.4874910678e-41
2.3864067833e-01 3.3598182863e-07 6.0789255465e-52
2.6461080752e-01 3.3598182863e-07 1.3032374788e-67
2.9340714225e-01 3.3598182863e-07 2.9868621607e-91
3.2533724503e-01 3.3598182863e-07 5.8933650347e-127
3.6074214893e-01 3.3598182863e-07 7.8178830196e-181
4.0000000000e-01 3.3598182863e-07 2.7606025352e-261
2.0000000000e-02 6.1584821107e-07 2.4684337875e-23
2.2176504808e-02 6.1584821107e-07 4.4751170242e-23
2.4589868274e-02 6.1584821107e-07 8.0212479153e-23
2.7265866600e-02 6.1584821107e-07 1.4143924155e-22
3.0233081086e-02 6.1584821107e-07 2.4339311163e-22
3.3523203403e-02 6.1584821107e-07 4.0499828525e-22
3.7171374071e-02 6.1584821107e-07 6.4558550207e-22
4.1216557790e-02 6.1584821107e-07 9.7596603671e-22
4.5701959599e-02 6.1584821107e-07 1.3886028416e-21
5.0675486338e-02 6.1584821107e-07 1.8483772231e-21
5.6190258320e-02 6.1584821107e-07 2.2842872845e-21
6.2305176688e-02 6.1584821107e-07 2.5906668769e-21
6.9085552518e-02 6.1584821107e-07 2.6574321795e-21
7.6603804377e-02 6.1584821107e-07 2.4152108338e-21
8.4940231802e-02 6.1584821107e-07 1.8809956513e-21
9.4183872945e-02 6.1584821107e-07 1.1871725013e-21
1.0443345556e-01 6.1584821107e-07 5.5326073918e-22
1.1579845146e-01 6.1584821107e-07 1.6383760336e-22
1.2840024578e-01 6.1584821107e-07 2.4401360221e-23
1.4237343339e-01 6.1584821107e-07 1.2796109725e-24
1.5786725650e-01 6.1584821107e-07 1.3950575365e-26
1.7504719864e-01 6.1584821107e-07 1.4045299934e-29
1.9409675211e-01 6.1584821107e-07 3.9514856084e-34
2.1521937781e-01 6.1584821107e-07 4.9976996901e-41
2.3864067833e-01 6.1584821107e-07 2.0424085212e-51
2.6461080752e-01 6.1584821107e-07 4.3786411125e-67
2.9340714225e-01 6.1584821107e-07 1.0035314106e-90
3.2533724503e-01 6.1584821107e-07 1.9800635611e-126
3.6074214893e-01 6.1584821107e-07 2.6266666329e-180
4.0000000000e-01 6.1584821107e-07 9.5300875872e-262
2.0000000000e-02 1.1288378917e-06 8.2934889779e-23
2.2176504808e-02 1.1288378917e-06 1.5035580011e-22
2.4589868274e-02 1.1288378917e-06 2.6949935424e-22
2.7265866600e-02 1.1288378917e-06 4.7521015017e-22
3.0233081086e-02 1.1288378917e-06 8.1775662722e-22
3.3523203403e-02 1.1288378917e-06 1.3607206447e-21
3.7171374071e-02 1.1288378917e-06 2.1690499752e-21
4.1216557790e-02 1.1288378917e-06 3.2790685369e-21
4.5701959599e-02 1.1288378917e-06 4.6654532196e-21
5.0675486338e-02 1.1288378917e-06 6.2102115941e-21
5.6190258320e-02 1.1288378917e-06 7.6747901895e-21
6.2305176688e-02 1.1288378917e-06 8.7041699468e-21
6.9085552518e-02 1.1288378917e-06 8.9284892311e-21
7.6603804377e-02 1.1288378917e-06 8.1146695245e-21
8.4940231802e-02 1.1288378917e-06 6.3198035856e-21
9.4183872945e-02 1.1288378917e-06 3.9886838787e-21
1.0443345556e-01 1.1288378917e-06 1.8588555486e-21
1.1579845146e-01 1.1288378917e-06 5.5046457574e-22
1.2840024578e-01 1.1288378917e-06 8.1984136281e-23
1.4237343339e-01 1.1288378917e-06 4.2992603447e-24
1.5786725650e-01 1.1288378917e-06 4.6871398217e-26
1.7504719864e-01 1.1288378917e-06 4.7189655556e-29
1.9409675211e-01 1.1288378917e-06 1.3276273605e-33
2.1521937781e-01 1.1288378917e-06 1.6791362808e-40
2.3864067833e-01 1.1288378917e-06 6.8621214976e-51
2.6461080752e-01 1.1288378917e-06 1.4711438479e-66
2.9340714225e-01 1.1288378917e-06 3.3716831842e-90
3.2533724503e-01 1.1288378917e-06 6.6526537607e-126
3.6074214893e-01 1.1288378917e-06 8.8251225852e-180
4.0000000000e-01 1.1288378917e-06 3.2019362545e-261
2.0000000000e-02 2.0691380811e-06 2.7864615925e-22
2.2176504808e-02 2.0691380811e-06 5.0516816666e-22
2.4589868274e-02 2.0691380811e-06 9.0546885853e-22
2.7265866600e-02 2.0691380811e-06 1.5966197524e-21
3.0233081086e-02 2.0691380811e-06 2.7475136699e-21
3.3523203403e-02 2.0691380811e-06 2.9912448621e-20
3.7171374071e-02 2.0691380811e-06 7.2876137706e-21
4.1216557790e-02 2.0691380811e-06 1.1017074432e-20
4.5701959599e-02 2.0691380811e-06 1.5675075041e-20
5.0675486338e-02 2.0691380811e-06 2.0865182476e-20
5.6190258320e-02 2.0691380811e-06 2.5785900422e-20
6.2305176688e-02 2.0691380811e-06 2.9244429354e-20
6.9085552518e-02 2.0691380811e-06 2.9998101387e-20
7.6603804377e-02 2.0691380811e-06 2.7263815056e-20
8.4940231802e-02 2.0691380811e-06 2.1233391653e-20
9.4183872945e-02 2.0691380811e-06 1.3401253034e-20
1.0443345556e-01 2.0691380811e-06 6.2454168637e-21
1.1579845146e-01 2.0691380811e-06 1.8494609475e-21
1.2840024578e-01 2.0691380811e-06 2.7545180026e-22
1.4237343339e-01 2.0691380811e-06 1.4444733524e-23
1.5786725650e-01 2.0691380811e-06 1.5747938083e-25
1.7504719864e-01 2.0691380811e-06 1.5854866766e-28
1.9409675211e-01 2.0691380811e-06 4.4605866833e-33
2.1521937781e-01 2.0691380811e-06 5.6415927815e-40
2.3864067833e-01 2.0691380811e-06 2.3055481290e-50
2.6461080752e-01 2.0691380811e-06 4.9427760019e-66
2.9340714225e-01 2.0691380811e-06 1.1328242818e-89
3.2533724503e-01 2.0691380811e-06 2.2351707758e-125
3.6074214893e-01 2.0691380811e-06 2.9650808241e-179
4.0000000000e-01 2.0691380811e-06 1.0757923980e-260
2.0000000000e-02 3.7926901907e-06 9.3620046125e-22
2.2176504808e-02 3.7926901907e-06 1.6972732440e-21
2.4589868274e-02 3.7926901907e-06 3.0422108286e-21
2.7265866600e-02 3.7926901907e-06 5.3643522402e-21
3.0233081086e-02 3.7926901907e-06 9.2311466698e-21
3.3523203403e-02 3.7926901907e-06 1.5360330237e-20
3.7171374071e-02 3.7926901907e-06 2.4485058010e-20
4.1216557790e-02 3.7926901907e-06 3.7015368139e-20
4.5701959599e-02 3.7926901907e-06 5.2665403762e-20
5.0675486338e-02 3.7926901907e-06 7.0103221629e-20
5.6190258320e-02 3.7926901907e-06 8.6635939766e-20
6.2305176688e-02 3.7926901907e-06 9.8255968516e-20
6.9085552518e-02 3.7926901907e-06 1.0078816960e-19
7.6603804377e-02 3.7926901907e-06 9.1601464378e-20
8.4940231802e-02 3.7926901907e-06 7.1340337554e-20
9.4183872945e-02 3.7926901907e-06 4.5025775003e-20
1.0443345556e-01 3.7926901907e-06 2.0983465784e-20
1.1579845146e-01 3.7926901907e-06 6.2138527113e-21
1.2840024578e-01 3.7926901907e-06 9.2546799551e-22
1.4237343339e-01 3.7926901907e-06 4.8531679833e-23
1.5786725650e-01 3.7926901907e-06 5.2910210343e-25
1.7504719864e-01 3.7926901907e-06 5.3269471287e-28
1.9409675211e-01 3.7926901907e-06 1.4986760706e-32
2.1521937781e-01 3.7926901907e-06 1.8954726591e-39
2.3864067833e-01 3.7926901907e-06 7.7462227639e-50
2.6461080752e-01 3.7926901907e-06 1.6606829196e-65
2.9340714225e-01 3.7926901907e-06 3.8060837371e-89
3.2533724503e-01 3.7926901907e-06 7.5097676454e-125
3.6074214893e-01 3.7926901907e-06 9.9621327730e-179
4.0000000000e-01 3.7926901907e-06 3.6144669709e-260
2.0000000000e-02 6.9519279618e-06 3.1454634293e-21
2.2176504808e-02 6.9519279618e-06 5.7025296820e-21
2.4589868274e-02 6.9519279618e-06 1.0221275573e-20
2.7265866600e-02 6.9519279618e-06 1.8023248751e-20
3.0233081086e-02 6.9519279618e-06 3.1014975385e-20
3.3523203403e-02 6.9519279618e-06 5.1607918414e-20
3.7171374071e-02 6.9519279618e-06 8.2265345642e-20
4.1216557790e-02 6.9519279618e-06 1.2436491075e-19
4.5701959599e-02 6.9519279618e-06 1.7694618661e-19
5.0675486338e-02 6.9519279618e-06 2.3553408595e-19
5.6190258320e-02 6.9519279618e-06 2.9108101468e-19
6.2305176688e-02 6.9519279618e-06 3.3012219976e-19
6.9085552518e-02 6.9519279618e-06 3.3862993525e-19
7.6603804377e-02 6.9519279618e-06 3.0776427507e-19
8.4940231802e-02 6.9519279618e-06 2.3969057067e-19
9.4183872945e-02 6.9519279618e-06 1.5127842221e-19
1.0443345556e-01 6.9519279618e-06 7.0500632051e-20
1.1579845146e-01 6.9519279618e-06 2.0877415968e-20
1.2840024578e-01 6.9519279618e-06 3.1094042947e-21
1.4237343339e-01 6.9519279618e-06 1.6305762537e-22
1.5786725650e-01 6.9519279618e-06 1.7776869224e-24
1.7504719864e-01 6.9519279618e-06 1.7897574373e-27
1.9409675211e-01 6.9519279618e-06 5.0352792672e-32
2.1521937781e-01 6.9519279618e-06 6.3684437012e-39
2.3864067833e-01 6.9519279618e-06 2.6025900892e-49
2.6461080752e-01 6.9519279618e-06 5.5795928411e-65
2.9340714225e-01 6.9519279618e-06 1.2787749739e-88
3.2533724503e-01 6.9519279618e-06 2.5231454661e-124
3.6074214893e-01 6.9519279618e-06 3.3470955861e-178
4.0000000000e-01 6.9519279618e-06 1.2143952224e-259
2.0000000000e-02 1.2742749857e-05 1.0568185549e-20
2.2176504808e-02 1.2742749857e-05 1.9159463504e-20
2.4589868274e-02 1.2742749857e-05 3.4341628578e-20
2.7265866600e-02 1.2742749857e-05 6.0554840731e-20
3.0233081086e-02 1.2742749857e-05 1.0420468145e-19
3.3523203403e-02 1.2742749857e-05 1.7339322801e-19
3.7171374071e-02 1.2742749857e-05 2.7639661261e-19
4.1216557790e-02 1.2742749857e-05 4.1784350130e-19
4.5701959599e-02 1.2742749857e-05 5.9450703347e-19
5.0675486338e-02 1.2742749857e-05 7.9135172903e-19
5.6190258320e-02 1.2742749857e-05 9.7797931590e-19
6.2305176688e-02 1.2742749857e-05 1.1091506034e-18
6.9085552518e-02 1.2742749857e-05 1.1377350487e-18
7.6603804377e-02 1.2742749857e-05 1.0340320392e-18
8.4940231802e-02 1.2742749857e-05 8.0531676237e-19
9.4183872945e-02 1.2742749857e-05 5.0826800925e-19
1.0443345556e-01 1.2742749857e-05 2.3686931276e-19
1.1579845146e-01 1.2742749857e-05 7.0144323939e-20
1.2840024578e-01 1.2742749857e-05 1.0447033409e-20
1.4237343339e-01 1.2742749857e-05 5.4784399142e-22
1.5786725650e-01 1.2742749857e-05 5.9727050292e-24
1.7504719864e-01 1.2742749857e-05 6.0132597659e-27
1.9409675211e-01 1.2742749857e-05 1.6917623359e-31
2.1521937781e-01 1.2742749857e-05 2.1396813603e-38
2.3864067833e-01 1.2742749857e-05 8.7442297733e-49
2.6461080752e-01 1.2742749857e-05 1.8746418057e-64
2.9340714225e-01 1.2742749857e-05 4.2964515413e-88
3.2533724503e-01 1.2742749857e-05 8.4773102758e-124
3.6074214893e-01 1.2742749857e-05 1.1245632956e-177
4.0000000000e-01 1.2742749857e-05 4.0801472750e-259
2.0000000000e-02 2.3357214691e-05 3.5507183059e-20
2.2176504808e-02 2.3357214691e-05 6.4372315835e-20
2.4589868274e-02 2.3357214691e-05 1.1538163168e-19
2.7265866600e-02 2.3357214691e-05 2.0345326121e-19
3.0233081086e-02 2.3357214691e-05 3.5010879424e-19
3.3523203403e-02 2.3357214691e-05 5.8256973817e-19
3.7171374071e-02 2.3357214691e-05 9.2864239333e-19
4.1216557790e-02 2.3357214691e-05 1.4038782365e-18
4.5701959599e-02 2.3357214691e-05 1.9974356024e-18
5.0675486338e-02 2.3357214691e-05 2.6587980101e-18
5.6190258320e-02 2.3357214691e-05 3.2858327892e-18
6.2305176688e-02 2.3357214691e-05 3.7265444797e-18
6.9085552518e-02 2.3357214691e-05 3.8225830217e-18
7.6603804377e-02 2.3357214691e-05 3.4741597540e-18
8.4940231802e-02 2.3357214691e-05 2.7057179845e-18
9.4183872945e-02 2.3357214691e-05 1.7076881518e-18
1.0443345556e-01 2.3357214691e-05 7.9583784847e-19
1.1579845146e-01 2.3357214691e-05 2.3567218225e-19
1.2840024578e-01 2.3357214691e-05 3.5100133884e-20
1.4237343339e-01 2.3357214691e-05 1.8406562604e-21
1.5786725650e-01 2.3357214691e-05 2.0067203576e-23
1.7504719864e-01 2.3357214691e-05 2.0203460122e-26
1.9409675211e-01 2.3357214691e-05 5.6840140320e-31
2.1521937781e-01 2.3357214691e-05 7.1889405610e-38
2.3864067833e-01 2.3357214691e-05 2.9379023092e-48
2.6461080752e-01 2.3357214691e-05 6.2984558192e-64
2.9340714225e-01 2.3357214691e-05 1.4435296455e-87
3.2533724503e-01 2.3357214691e-05 2.8482222083e-123
3.6074214893e-01 2.3357214691e-05 3.7783283247e-177
4.0000000000e-01 2.3357214691e-05 1.3708553425e-258
2.0000000000e-02 4.2813323987e-05 1.1929768294e-19
2.2176504808e-02 4.2813323987e-05 2.1627928387e-19
2.4589868274e-02 4.2813323987e-05 3.8766131601e-19
2.7265866600e-02 4.2813323987e-05 6.8356598742e-19
3.0233081086e-02 4.2813323987e-05 1.1763019291e-18
3.3523203403e-02 4.2813323987e-05 1.9573284593e-18
3.7171374071e-02 4.2813323987e-05 3.1200696945e-18
4.1216557790e-02 4.2813323987e-05 4.7167757706e-18
4.5701959599e-02 4.2813323987e-05 6.7110206625e-18
5.0675486338e-02 4.2813323987e-05 8.9330781738e-18
5.6190258320e-02 4.2813323987e-05 1.1039801091e-17
6.2305176688e-02 4.2813323987e-05 1.2520512288e-17
6.9085552518e-02 4.2813323987e-05 1.2843184337e-17
7.6603804377e-02 4.2813323987e-05 1.1672545471e-17
8.4940231802e-02 4.2813323987e-05 9.0907207617e-18
9.4183872945e-02 4.2813323987e-05 5.7375218798e-18
1.0443345556e-01 4.2813323987e-05 2.6738705562e-18
1.1579845146e-01 4.2813323987e-05 7.9181570748e-19
1.2840024578e-01 4.2813323987e-05 1.1793007168e-19
1.4237343339e-01 4.2813323987e-05 6.1842705625e-21
1.5786725650e-01 4.2813323987e-05 6.7422157529e-23
1.7504719864e-01 4.2813323987e-05 6.7879954763e-26
1.9409675211e-01 4.2813323987e-05 1.9097254284e-30
2.1521937781e-01 4.2813323987e-05 2.4153533956e-37
2.3864067833e-01 4.2813323987e-05 9.8708179017e-48
2.6461080752e-01 4.2813323987e-05 2.1161667037e-63
2.9340714225e-01 4.2813323987e-05 4.8499972996e-87
3.2533724503e-01 4.2813323987e-05 9.5695090589e-123
3.6074214893e-01 4.2813323987e-05 1.2694496597e-176
4.0000000000e-01 4.2813323987e-05 4.6058248476e-258
2.0000000000e-02 7.8475997035e-05 4.0081853665e-19
2.2176504808e-02 7.8475997035e-05 7.2665909290e-19
2.4589868274e-02 7.8475997035e-05 1.3024715784e-18
2.7265866600e-02 7.8475997035e-05 2.2966575044e-18
3.0233081086e-02 7.8475997035e-05 3.9521607315e-18
3.3523203403e-02 7.8475997035e-05 6.5762679499e-18
3.7171374071e-02 7.8475997035e-05 1.0482867214e-17
4.1216557790e-02 7.8475997035e-05 1.5847509486e-17
4.5701959599e-02 7.8475997035e-05 2.2547809942e-17
5.0675486338e-02 7.8475997035e-05 3.0013519401e-17
5.6190258320e-02 7.8475997035e-05 3.7091725581e-17
6.2305176688e-02 7.8475997035e-05 4.2066646137e-17
6.9085552518e-02 7.8475997035e-05 4.3150765590e-17
7.6603804377e-02 7.8475997035e-05 3.9217631721e-17
8.4940231802e-02 7.8475997035e-05 3.0543169851e-17
9.4183872945e-02 7.8475997035e-05 1.9277030930e-17
1.0443345556e-01 7.8475997035e-05 8.9837191899e-18
1.1579845146e-01 7.8475997035e-05 2.6603568934e-18
1.2840024578e-01 7.8475997035e-05 3.9622361132e-19
1.4237343339e-01 7.8475997035e-05 2.0778025323e-20
1.5786725650e-01 7.8475997035e-05 2.2652619777e-22
1.7504719864e-01 7.8475997035e-05 2.2806431328e-25
1.9409675211e-01 7.8475997035e-05 6.4163304162e-30
2.1521937781e-01 7.8475997035e-05 8.1151485063e-37
2.3864067833e-01 7.8475997035e-05 3.3164154487e-47
2.6461080752e-01 7.8475997035e-05 7.1099355878e-63
2.9340714225e-01 7.8475997035e-05 1.6295109616e-86
3.2533724503e-01 7.8475997035e-05 3.2151811527e-122
3.6074214893e-01 7.8475997035e-05 4.2651201801e-176
4.0000000000e-01 7.8475997035e-05 1.5474734547e-257
2.0000000000e-02 1.4384498883e-04 1.3466774489e-18
2.2176504808e-02 1.4384498883e-04 2.4414425082e-18
2.4589868274e-02 1.4384498883e-04 4.3760678265e-18
2.7265866600e-02 1.4384498883e-04 7.7163518807e-18
3.0233081086e-02 1.4384498883e-04 1.3278541896e-17
3.3523203403e-02 1.4384498883e-04 2.2095065314e-17
3.7171374071e-02 1.4384498883e-04 3.5220528959e-17
4.1216557790e-02 1.4384498883e-04 5.3244752165e-17
4.5701959599e-02 1.4384498883e-04 7.5756544157e-17
5.0675486338e-02 1.4384498883e-04 1.0083997132e-16
5.6190258320e-02 1.4384498883e-04 1.2462145788e-16
6.2305176688e-02 1.4384498883e-04 1.4133628694e-16
6.9085552518e-02 1.4384498883e-04 1.4497873130e-16
7.6603804377e-02 1.4384498883e-04 1.3176411620e-16
8.4940231802e-02 1.4384498883e-04 1.0261950059e-16
9.4183872945e-02 1.4384498883e-04 6.4767321023e-17
1.0443345556e-01 1.4384498883e-04 3.0183664013e-17
1.1579845146e-01 1.4384498883e-04 8.9383157384e-18
1.2840024578e-01 1.4384498883e-04 1.3312393348e-18
1.4237343339e-01 1.4384498883e-04 6.9810389434e-20
1.5786725650e-01 1.4384498883e-04 7.6108686158e-22
1.7504719864e-01 1.4384498883e-04 7.6625465022e-25
1.9409675211e-01 1.4384498883e-04 2.1557704263e-29
2.1521937781e-01 1.4384498883e-04 2.7265424347e-36
2.3864067833e-01 1.4384498883e-04 1.1142553269e-46
2.6461080752e-01 1.4384498883e-04 2.3888091602e-62
2.9340714225e-01 1.4384498883e-04 5.4748607264e-86
3.2533724503e-01 1.4384498883e-04 1.7824098309e-123
3.6074214893e-01 1.4384498883e-04 1.4330028774e-175
4.0000000000e-01 1.4384498883e-04 5.1992296105e-257
2.0000000000e-02 2.6366508987e-04 4.5245915185e-18
2.2176504808e-02 2.6366508987e-04 8.2028031840e-18
2.4589868274e-02 2.6366508987e-04 1.4702792705e-17
2.7265866600e-02 2.6366508987e-04 2.5925540152e-17
3.0233081086e-02 2.6366508987e-04 4.4613487877e-17
3.3523203403e-02 2.6366508987e-04 7.4235404478e-17
3.7171374071e-02 2.6366508987e-04 1.1833457725e-16
4.1216557790e-02 2.6366508987e-04 1.7889269197e-16
4.5701959599e-02 2.6366508987e-04 2.5452822237e-16
5.0675486338e-02 2.6366508987e-04 3.3880397963e-16
5.6190258320e-02 2.6366508987e-04 4.1870545304e-16
6.2305176688e-02 2.6366508987e-04 4.7486424136e-16
6.9085552518e-02 2.6366508987e-04 4.8710219253e-16
7.6603804377e-02 2.6366508987e-04 4.4270348709e-16
8.4940231802e-02 2.6366508987e-04 3.4478287460e-16
9.4183872945e-02 2.6366508987e-04 2.1760642953e-16
1.0443345556e-01 2.6366508987e-04 1.0141162630e-16
1.1579845146e-01 2.6366508987e-04 3.0031116666e-17
1.2840024578e-01 2.6366508987e-04 4.4727222603e-18
1.4237343339e-01 2.6366508987e-04 2.3455022299e-19
1.5786725650e-01 2.6366508987e-04 2.5571135550e-21
1.7504719864e-01 2.6366508987e-04 2.5744763858e-24
1.9409675211e-01 2.6366508987e-04 7.2429968994e-29
2.1521937781e-01 2.6366508987e-04 9.1606871306e-36
2.3864067833e-01 2.6366508987e-04 3.7436954230e-46
2.6461080752e-01 2.6366508987e-04 8.0259646989e-62
2.9340714225e-01 2.6366508987e-04 1.8394537183e-85
3.2533724503e-01 2.6366508987e-04 3.6294183138e-121
3.6074214893e-01 2.6366508987e-04 4.8146292719e-175
4.0000000000e-01 2.6366508987e-04 1.7468466720e-256
2.0000000000e-02 4.8329302386e-04 1.5201805322e-17
2.2176504808e-02 4.8329302386e-04 2.7559928136e-17
2.4589868274e-02 4.8329302386e-04 4.9398711791e-17
2.7265866600e-02 4.8329302386e-04 8.7105103885e-17
3.0233081086e-02 4.8329302386e-04 1.4989321238e-16
3.3523203403e-02 4.8329302386e-04 2.4941746945e-16
3.7171374071e-02 4.8329302386e-04 3.9758267654e-16
4.1216557790e-02 4.8329302386e-04 6.0104693777e-16
4.5701959599e-02 4.8329302386e-04 8.5516857588e-16
5.0675486338e-02 4.8329302386e-04 1.1383198062e-15
5.6190258320e-02 4.8329302386e-04 1.4067742377e-15
6.2305176688e-02 4.8329302386e-04 1.5954575616e-15
6.9085552518e-02 4.8329302386e-04 1.6365748537e-15
7.6603804377e-02 4.8329302386e-04 1.4874032713e-15
8.4940231802e-02 4.8329302386e-04 1.1584078069e-15
9.4183872945e-02 4.8329302386e-04 7.3111806113e-16
1.0443345556e-01 4.8329302386e-04 3.4072463648e-16
1.1579845146e-01 4.8329302386e-04 1.0089909493e-16
1.2840024578e-01 4.8329302386e-04 1.5027534040e-17
1.4237343339e-01 4.8329302386e-04 7.8804612826e-19
1.5786725650e-01 4.8329302386e-04 8.5914368821e-21
1.7504719864e-01 4.8329302386e-04 8.6497728385e-24
1.9409675211e-01 4.8329302386e-04 2.4335153430e-28
2.1521937781e-01 4.8329302386e-04 3.0778244136e-35
2.3864067833e-01 4.8329302386e-04 1.2578136341e-45
2.6461080752e-01 4.8329302386e-04 2.6965782961e-61
2.9340714225e-01 4.8329302386e-04 6.1802302397e-85
3.2533724503e-01 4.8329302386e-04 1.2194186019e-120
3.6074214893e-01 4.8329302386e-04 1.6176279469e-174
4.0000000000e-01 4.8329302386e-04 5.8690873919e-256
2.0000000000e-02 8.8586679041e-04 5.1075303505e-17
2.2176504808e-02 8.8586679041e-04 9.2596350521e-17
2.4589868274e-02 8.8586679041e-04 1.6597069520e-16
2.7265866600e-02 8.8586679041e-04 2.9265732086e-16
3.0233081086e-02 8.8586679041e-04 5.0361395596e-16
3.3523203403e-02 8.8586679041e-04 8.3799737479e-16
3.7171374071e-02 8.8586679041e-04 1.3358055469e-15
4.1216557790e-02 8.8586679041e-04 2.0194084924e-15
4.5701959599e-02 8.8586679041e-04 2.8732110191e-15
5.0675486338e-02 8.8586679041e-04 3.8245477006e-15
5.6190258320e-02 8.8586679041e-04 4.7265058085e-15
6.2305176688e-02 8.8586679041e-04 5.3604474905e-15
6.9085552518e-02 8.8586679041e-04 5.4985941205e-15
7.6603804377e-02 8.8586679041e-04 4.9974047101e-15
8.4940231802e-02 8.8586679041e-04 3.8920397325e-15
9.4183872945e-02 8.8586679041e-04 2.4564238312e-15
1.0443345556e-01 8.8586679041e-04 1.1447728642e-15
1.1579845146e-01 8.8586679041e-04 3.3900262423e-16
1.2840024578e-01 8.8586679041e-04 5.0489783665e-17
1.4237343339e-01 8.8586679041e-04 2.6476917922e-18
1.5786725650e-01 8.8586679041e-04 2.8865666742e-20
1.7504719864e-01 8.8586679041e-04 2.9061664955e-23
1.9409675211e-01 8.8586679041e-04 8.1761693494e-28
2.1521937781e-01 8.8586679041e-04 1.0340930747e-34
2.3864067833e-01 8.8586679041e-04 4.2260252484e-45
2.6461080752e-01 8.8586679041e-04 9.0600130695e-61
2.9340714225e-01 8.8586679041e-04 2.0764450573e-84
3.2533724503e-01 8.8586679041e-04 4.0970249174e-120
3.6074214893e-01 8.8586679041e-04 5.4349359566e-174
4.0000000000e-01 8.8586679041e-04 1.9719067143e-255
2.0000000000e-02 1.6237767392e-03 1.7160373869e-16
2.2176504808e-02 1.6237767392e-03 3.1110691172e-16
2.4589868274e-02 1.6237767392e-03 5.5763137670e-16
2.7265866600e-02 1.6237767392e-03 9.8327541824e-16
3.0233081086e-02 1.6237767392e-03 1.6920513785e-15
3.3523203403e-02 1.6237767392e-03 2.8155189037e-15
3.7171374071e-02 1.6237767392e-03 4.4880639035e-15
4.1216557790e-02 1.6237767392e-03 6.7848455803e-15
4.5701959599e-02 1.6237767392e-03 9.6534669223e-15
5.0675486338e-02 1.6237767392e-03 1.2849785301e-14
5.6190258320e-02 1.6237767392e-03 1.5880200646e-14
6.2305176688e-02 1.6237767392e-03 1.8010129501e-14
6.9085552518e-02 1.6237767392e-03 1.8474277075e-14
7.6603804377e-02 1.6237767392e-03 1.6790371729e-14
8.4940231802e-02 1.6237767392e-03 1.3076546264e-14
9.4183872945e-02 1.6237767392e-03 8.2531377070e-15
1.0443345556e-01 1.6237767392e-03 3.8462288029e-15
1.1579845146e-01 1.6237767392e-03 1.1389872160e-15
1.2840024578e-01 1.6237767392e-03 1.6963649843e-16
1.4237343339e-01 1.6237767392e-03 8.8957632998e-18
1.5786725650e-01 1.6237767392e-03 9.6983394965e-20
1.7504719864e-01 1.6237767392e-03 9.7641913346e-23
1.9409675211e-01 1.6237767392e-03 2.7470443292e-27
2.1521937781e-01 1.6237767392e-03 3.4743648221e-34
2.3864067833e-01 1.6237767392e-03 1.4198676908e-44
2.6461080752e-01 1.6237767392e-03 3.0439997585e-60
2.9340714225e-01 1.6237767392e-03 6.9764780739e-84
3.2533724503e-01 1.6237767392e-03 1.3765259237e-119
3.6074214893e-01 1.6237767392e-03 1.8260397212e-173
4.0000000000e-01 1.6237767392e-03 6.6252482376e-255
2.0000000000e-02 2.9763514416e-03 5.7655737926e-16
2.2176504808e-02 2.9763514416e-03 1.0452626910e-15
2.4589868274e-02 2.9763514416e-03 1.8735400965e-15
2.7265866600e-02 2.9763514416e-03 3.3036267307e-15
3.0233081086e-02 2.9763514416e-03 5.6849851627e-15
3.3523203403e-02 2.9763514416e-03 9.4596318980e-15
3.7171374071e-02 2.9763514416e-03 1.5079079173e-14
4.1216557790e-02 2.9763514416e-03 2.2795848250e-14
4.5701959599e-02 2.9763514416e-03 3.2433894692e-14
5.0675486338e-02 2.9763514416e-03 4.3172943630e-14
5.6190258320e-02 2.9763514416e-03 5.3354588519e-14
6.2305176688e-02 2.9763514416e-03 6.0510762437e-14
6.9085552518e-02 2.9763514416e-03 6.2070213942e-14
7.6603804377e-02 2.9763514416e-03 5.6412597968e-14
8.4940231802e-02 2.9763514416e-03 4.3934819260e-14
9.4183872945e-02 2.9763514416e-03 2.7729042987e-14
1.0443345556e-01 2.9763514416e-03 1.2922629865e-14
1.1579845146e-01 2.9763514416e-03 3.8267900761e-15
1.2840024578e-01 2.9763514416e-03 5.6994780944e-16
1.4237343339e-01 2.9763514416e-03 2.9888148205e-17
1.5786725650e-01 2.9763514416e-03 3.2584658387e-19
1.7504719864e-01 2.9763514416e-03 3.2805908597e-22
1.9409675211e-01 2.9763514416e-03 9.2295697704e-27
2.1521937781e-01 2.9763514416e-03 1.1673234462e-33
2.3864067833e-01 2.9763514416e-03 4.7704974317e-44
2.6461080752e-01 2.9763514416e-03 1.0227286052e-59
2.9340714225e-01 2.9763514416e-03 2.3439698606e-83
3.2533724503e-01 2.9763514416e-03 4.6248769699e-119
3.6074214893e-01 2.9763514416e-03 6.1351616466e-173
4.0000000000e-01 2.9763514416e-03 2.2259630180e-254
2.0000000000e-02 5.4555947812e-03 1.9371280259e-15
2.2176504808e-02 5.4555947812e-03 3.5118927032e-15
2.4589868274e-02 5.4555947812e-03 6.2947542762e-15
2.7265866600e-02 5.4555947812e-03 1.1099585501e-14
3.0233081086e-02 5.4555947812e-03 1.9100517107e-14
3.3523203403e-02 5.4555947812e-03 3.1782644232e-14
3.7171374071e-02 5.4555947812e-03 5.0662965946e-14
4.1216557790e-02 5.4555947812e-03 7.6589907803e-14
4.5701959599e-02 5.4555947812e-03 1.0897199248e-13
5.0675486338e-02 5.4555947812e-03 1.4505324548e-13
5.6190258320e-02 5.4555947812e-03 1.7926172216e-13
6.2305176688e-02 5.4555947812e-03 2.0330516615e-13
6.9085552518e-02 5.4555947812e-03 2.0854463984e-13
7.6603804377e-02 5.4555947812e-03 1.8953607823e-13
8.4940231802e-02 5.4555947812e-03 1.4761300915e-13
9.4183872945e-02 5.4555947812e-03 9.3164545690e-14
1.0443345556e-01 5.4555947812e-03 4.3417688128e-14
1.1579845146e-01 5.4555947812e-03 1.2857319275e-14
1.2840024578e-01 5.4555947812e-03 1.9149210724e-15
1.4237343339e-01 5.4555947812e-03 1.0041874688e-16
1.5786725650e-01 5.4555947812e-03 1.0947853110e-18
1.7504719864e-01 5.4555947812e-03 1.1022189160e-21
1.9409675211e-01 5.4555947812e-03 3.1009677289e-26
2.1521937781e-01 5.4555947812e-03 3.9219946607e-33
2.3864067833e-01 5.4555947812e-03 1.6028004506e-43
2.6461080752e-01 5.4555947812e-03 3.4361822697e-59
2.9340714225e-01 5.4555947812e-03 7.8753128003e-83
3.2533724503e-01 5.4555947812e-03 1.5538746215e-118
3.6074214893e-01 5.4555947812e-03 2.0613028290e-172
4.0000000000e-01 5.4555947812e-03 7.4788312524e-254
2.0000000000e-02 1.0000000000e-02 4.0849839962e-14
2.2176504808e-02 1.0000000000e-02 1.1799321324e-14
2.4589868274e-02 1.0000000000e-02 2.1149230525e-14
2.7265866600e-02 1.0000000000e-02 3.7292590336e-14
3.0233081086e-02 1.0000000000e-02 6.4174266653e-14
3.3523203403e-02 1.0000000000e-02 1.0678390928e-13
3.7171374071e-02 1.0000000000e-02 1.7021835942e-13
4.1216557790e-02 1.0000000000e-02 2.5732817278e-13
4.5701959599e-02 1.0000000000e-02 3.6612609303e-13
5.0675486338e-02 1.0000000000e-02 4.8735254665e-13
5.6190258320e-02 1.0000000000e-02 6.0228681216e-13
6.2305176688e-02 1.0000000000e-02 6.8306841494e-13
6.9085552518e-02 1.0000000000e-02 7.0067209443e-13
7.6603804377e-02 1.0000000000e-02 6.3680678155e-13
8.4940231802e-02 1.0000000000e-02 4.9595288745e-13
9.4183872945e-02 1.0000000000e-02 3.1301594424e-13
1.0443345556e-01 1.0000000000e-02 1.4587554252e-13
1.1579845146e-01 1.0000000000e-02 4.3198256414e-14
1.2840024578e-01 1.0000000000e-02 6.4337868357e-15
1.4237343339e-01 1.0000000000e-02 3.3738874206e-16
1.5786725650e-01 1.0000000000e-02 3.6782797075e-18
1.7504719864e-01 1.0000000000e-02 3.7032552695e-21
1.9409675211e-01 1.0000000000e-02 1.0418688081e-25
2.1521937781e-01 1.0000000000e-02 1.3177189380e-32
2.3864067833e-01 1.0000000000e-02 5.3851182630e-43
2.6461080752e-01 1.0000000000e-02 1.1544948025e-58
2.9340714225e-01 1.0000000000e-02 2.6459619957e-82
3.2533724503e-01 1.0000000000e-02 5.2207363680e-118
3.6074214893e-01 1.0000000000e-02 6.9256029383e-172
4.0000000000e-01 1.0000000000e-02 2.4455261075e-252
