2.0000000000e-02 1.0000000000e-07 3.8074518029e-24
2.2176504808e-02 1.0000000000e-07 6.7022346793e-24
2.4589868274e-02 1.0000000000e-07 1.1515726716e-23
2.7265866600e-02 1.0000000000e-07 1.9166743332e-23
3.0233081086e-02 1.0000000000e-07 3.0626615881e-23
3.3523203403e-02 1.0000000000e-07 4.6602257386e-23
3.7171374071e-02 1.0000000000e-07 6.7003638806e-23
4.1216557790e-02 1.0000000000e-07 9.0208817002e-23
4.5701959599e-02 1.0000000000e-07 1.1227988704e-22
5.0675486338e-02 1.0000000000e-07 1.2707142912e-22
5.6190258320e-02 1.0000000000e-07 1.2810402920e-22
6.2305176688e-02 1.0000000000e-07 1.1173665769e-22
6.9085552518e-02 1.0000000000e-07 8.0621941812e-23
7.6603804377e-02 1.0000000000e-07 4.4802649600e-23
8.4940231802e-02 1.0000000000e-07 1.7113506633e-23
9.4183872945e-02 1.0000000000e-07 3.7441569647e-24
1.0443345556e-01 1.0000000000e-07 3.5361556321e-25
1.1579845146e-01 1.0000000000e-07 9.3823593725e-27
1.2840024578e-01 1.0000000000e-07 3.6162809726e-29
1.4237343339e-01 1.0000000000e-07 7.6110750686e-33
1.5786725650e-01 1.0000000000e-07 1.9548376798e-38
1.7504719864e-01 1.0000000000e-07 6.4901249877e-47
1.9409675211e-01 1.0000000000e-07 9.1043113678e-60
2.1521937781e-01 1.0000000000e-07 3.3134091323e-79
2.3864067833e-01 1.0000000000e-07 1.4190930872e-108
2.6461080752e-01 1.0000000000e-07 5.7631570340e-153
2.9340714225e-01 1.0000000000e-07 4.9025791020e-220
3.2533724503e-01 1.0000000000e-07 3.0582663478e-321
3.6074214893e-01 1.0000000000e-07 1.0000000000e-300
4.0000000000e-01 1.0000000000e-07 1.0000000000e-300
2.0000000000e-02 1.8329807108e-07 1.2792346192e-23
2.2176504808e-02 1.8329807108e-07 2.2518290634e-23
2.4589868274e-02 1.8329807108e-07 3.8690749202e-23
2.7265866600e-02 1.8329807108e-07 6.4396774734e-23
3.0233081086e-02 1.8329807108e-07 1.0289986409e-22
3.3523203403e-02 1.8329807108e-07 1.5657511655e-22
3.7171374071e-02 1.8329807108e-07 2.2512005091e-22
4.1216557790e-02 1.8329807108e-07 3.0308523295e-22
4.5701959599e-02 1.8329807108e-07 3.7724001764e-22
5.0675486338e-02 1.8329807108e-07 4.2693691122e-22
5.6190258320e-02 1.8329807108e-07 4.3040625985e-22
6.2305176688e-02 1.8329807108e-07 3.7541486576e-22
6.9085552518e-02 1.8329807108e-07 2.7087507438e-22
7.6603804377e-02 1.8329807108e-07 1.5052876140e-22
8.4940231802e-02 1.8329807108e-07 5.7498272527e-23
9.4183872945e-02 1.8329807108e-07 1.2579687037e-23
1.0443345556e-01 1.8329807108e-07 1.1880840356e-24
1.1579845146e-01 1.8329807108e-07 3.1523022588e-26
1.2840024578e-01 1.8329807108e-07 1.2150046940e-28
1.4237343339e-01 1.8329807108e-07 2.5571829194e-32
1.5786725650e-01 1.8329807108e-07 6.5678993834e-38
1.7504719864e-01 1.8329807108e-07 2.1805640614e-46
1.9409675211e-01 1.8329807108e-07 3.0588831818e-59
2.1521937781e-01 1.8329807108e-07 1.1132452593e-78
2.3864067833e-01 1.8329807108e-07 4.7678949043e-108
2.6461080752e-01 1.8329807108e-07 1.9363160390e-152
2.9340714225e-01 1.8329807108e-07 1.6471774917e-219
3.2533724503e-01 1.8329807108e-07 1.0311150029e-320
3.6074214893e-01 1.8329807108e-07 1.0000000000e-300
4.0000000000e-01 1.8329807108e-07 1.0000000000e-300
2.0000000000e-02 3.3598182863e-07 4.2979958659e-23
2.2176504808e-02 3.3598182863e-07 7.5657364649e-23
2.4589868274e-02 3.3598182863e-07 1.2999388668e-22
2.7265866600e-02 3.3598182863e-07 2.1636146133e-22
3.0233081086e-02 3.3598182863e-07 3.4572484501e-22
3.3523203403e-02 3.3598182863e-07 5.2606393975e-22
3.7171374071e-02 3.3598182863e-07 7.5636246365e-22
4.1216557790e-02 3.3598182863e-07 1.0183113080e-21
4.5701959599e-02 3.3598182863e-07 1.2674579096e-21
5.0675486338e-02 3.3598182863e-07 1.4344304414e-21
5.6190258320e-02 3.3598182863e-07 1.4460868224e-21
6.2305176688e-02 3.3598182863e-07 1.2613257309e-21
6.9085552518e-02 3.3598182863e-07 9.1009102819e-22
7.6603804377e-02 3.3598182863e-07 5.0574928517e-22
8.4940231802e-02 3.3598182863e-07 1.9318374747e-22
9.4183872945e-02 3.3598182863e-07 4.2265462541e-23
1.0443345556e-01 3.3598182863e-07 3.9917464684e-24
1.1579845146e-01 3.3598182863e-07 1.0591162773e-25
1.2840024578e-01 3.3598182863e-07 4.0821949889e-28
1.4237343339e-01 3.3598182863e-07 8.5916699339e-32
1.5786725650e-01 3.3598182863e-07 2.2066948451e-37
1.7504719864e-01 3.3598182863e-07 7.3262990079e-46
1.9409675211e-01 3.3598182863e-07 1.0277291650e-58
2.1521937781e-01 3.3598182863e-07 3.7403017792e-78
2.3864067833e-01 3.3598182863e-07 1.6019260486e-107
2.6461080752e-01 3.3598182863e-07 6.5056700357e-152
2.9340714225e-01 3.3598182863e-07 5.5342170574e-219
3.2533724503e-01 3.3598182863e-07 3.4787162124e-320
3.6074214893e-01 3.3598182863e-07 1.0000000000e-300
4.0000000000e-01 3.3598182863e-07 1.0000000000e-300
2.0000000000e-02 6.1584821107e-07 1.4440485105e-22
2.2176504808e-02 6.1584821107e-07 2.5419499724e-22
2.4589868274e-02 6.1584821107e-07 4.3675583757e-22
2.7265866600e-02 6.1584821107e-07 7.2693519422e-22
3.0233081086e-02 6.1584821107e-07 1.1615726563e-21
3.3523203403e-02 6.1584821107e-07 1.7674792445e-21
3.7171374071e-02 6.1584821107e-07 2.5412404364e-21
4.1216557790e-02 6.1584821107e-07 3.4213409536e-21
4.5701959599e-02 6.1584821107e-07 4.2584282618e-21
5.0675486338e-02 6.1584821107e-07 4.8194256274e-21
5.6190258320e-02 6.1584821107e-07 4.8585889494e-21
6.2305176688e-02 6.1584821107e-07 4.2378252557e-21
6.9085552518e-02 6.1584821107e-07 3.0577404787e-21
7.6603804377e-02 6.1584821107e-07 1.6992256966e-21
8.4940231802e-02 6.1584821107e-07 6.4906228735e-22
9.4183872945e-02 6.1584821107e-07 1.4200427392e-22
1.0443345556e-01 6.1584821107e-07 1.3411542779e-23
1.1579845146e-01 6.1584821107e-07 3.5584382358e-25
1.2840024578e-01 6.1584821107e-07 1.3715433372e-27
1.4237343339e-01 6.1584821107e-07 2.8866449754e-31
1.5786725650e-01 6.1584821107e-07 7.4140936927e-37
1.7504719864e-01 6.1584821107e-07 2.4615033377e-45
1.9409675211e-01 6.1584821107e-07 3.4529832418e-58
2.1521937781e-01 6.1584821107e-07 1.2566734314e-77
2.3864067833e-01 6.1584821107e-07 5.3821804315e-107
2.6461080752e-01 6.1584821107e-07 2.1857869151e-151
2.9340714225e-01 6.1584821107e-07 1.8593963670e-218
3.2533724503e-01 6.1584821107e-07 1.1703921084e-319
3.6074214893e-01 6.1584821107e-07 1.0000000000e-300
4.0000000000e-01 6.1584821107e-07 1.0000000000e-300
2.0000000000e-02 1.1288378917e-06 4.8517405918e-22
2.2176504808e-02 1.1288378917e-06 8.5404900001e-22
2.4589868274e-02 1.1288378917e-06 1.4674202497e-21
2.7265866600e-02 1.1288378917e-06 2.4423701585e-21
3.0233081086e-02 1.1288378917e-06 3.9026730514e-21
3.3523203403e-02 1.1288378917e-06 5.9384090864e-21
3.7171374071e-02 1.1288378917e-06 8.5381060882e-21
4.1216557790e-02 1.1288378917e-06 1.1495083900e-20
4.5701959599e-02 1.1288378917e-06 1.4307545145e-20
5.0675486338e-02 1.1288378917e-06 1.6192394352e-20
5.6190258320e-02 1.1288378917e-06 1.6323975998e-20
6.2305176688e-02 1.1288378917e-06 1.4238322788e-20
6.9085552518e-02 1.1288378917e-06 1.0273452375e-20
7.6603804377e-02 1.1288378917e-06 5.7090895679e-21
8.4940231802e-02 1.1288378917e-06 2.1807313420e-21
9.4183872945e-02 1.1288378917e-06 4.7710855626e-22
1.0443345556e-01 1.1288378917e-06 4.5060346676e-23
1.1579845146e-01 1.1288378917e-06 1.1955705855e-24
1.2840024578e-01 1.1288378917e-06 4.6081363847e-27
1.4237343339e-01 1.1288378917e-06 9.6986025742e-31
1.5786725650e-01 1.1288378917e-06 2.4910007565e-36
1.7504719864e-01 1.1288378917e-06 8.2702039259e-45
1.9409675211e-01 1.1288378917e-06 1.1601396238e-57
2.1521937781e-01 1.1288378917e-06 4.2221943747e-77
2.3864067833e-01 1.1288378917e-06 1.8083148234e-106
2.6461080752e-01 1.1288378917e-06 7.3438468471e-151
2.9340714225e-01 1.1288378917e-06 6.2472339152e-218
3.2533724503e-01 1.1288378917e-06 3.9336518591e-319
3.6074214893e-01 1.1288378917e-06 1.0000000000e-300
4.0000000000e-01 1.1288378917e-06 1.0000000000e-300
2.0000000000e-02 2.0691380811e-06 1.6300966761e-21
2.2176504808e-02 2.0691380811e-06 2.8694494476e-21
2.4589868274e-02 2.0691380811e-06 4.9302653886e-21
2.7265866600e-02 2.0691380811e-06 8.2059199204e-21
3.0233081086e-02 2.0691380811e-06 1.3112272284e-20
3.3523203403e-02 2.0691380811e-06 1.9787077144e-20
3.7171374071e-02 2.0691380811e-06 2.8686484965e-20
4.1216557790e-02 2.0691380811e-06 3.8621393088e-20
4.5701959599e-02 2.0691380811e-06 4.8070751809e-20
5.0675486338e-02 2.0691380811e-06 5.4403502644e-20
5.6190258320e-02 2.0691380811e-06 5.4845593062e-20
6.2305176688e-02 2.0691380811e-06 4.7838177270e-20
6.9085552518e-02 2.0691380811e-06 3.4516933153e-20
7.6603804377e-02 2.0691380811e-06 1.9181503528e-20
8.4940231802e-02 2.0691380811e-06 7.3268610402e-21
9.4183872945e-02 2.0691380811e-06 1.6029980519e-21
1.0443345556e-01 2.0691380811e-06 1.5139457675e-22
1.1579845146e-01 2.0691380811e-06 4.0168999158e-24
1.2840024578e-01 2.0691380811e-06 1.5482500891e-26
1.4237343339e-01 2.0691380811e-06 3.2585542280e-30
1.5786725650e-01 2.0691380811e-06 8.3693098928e-36
1.7504719864e-01 2.0691380811e-06 2.7786382382e-44
1.9409675211e-01 2.0691380811e-06 3.8978583227e-57
2.1521937781e-01 2.0691380811e-06 1.4185805868e-76
2.3864067833e-01 2.0691380811e-06 6.0756092110e-106
2.6461080752e-01 2.0691380811e-06 2.4673990929e-150
2.9340714225e-01 2.0691380811e-06 2.0989570747e-217
3.2533724503e-01 2.0691380811e-06 1.3218133476e-318
3.6074214893e-01 2.0691380811e-06 1.0000000000e-300
4.0000000000e-01 2.0691380811e-06 1.0000000000e-300
2.0000000000e-02 3.7926901907e-06 5.4768286206e-21
2.2176504808e-02 3.7926901907e-06 9.6408287257e-21
2.4589868274e-02 3.7926901907e-06 1.6564795809e-20
2.7265866600e-02 3.7926901907e-06 2.7570399804e-20
3.0233081086e-02 3.7926901907e-06 4.4054852193e-20
3.3523203403e-02 3.7926901907e-06 6.7035011930e-20
3.7171374071e-02 3.7926901907e-06 9.6381376756e-20
4.1216557790e-02 3.7926901907e-06 1.2976086274e-19
4.5701959599e-02 3.7926901907e-06 1.6150899096e-19
5.0675486338e-02 3.7926901907e-06 1.8278588302e-19
5.6190258320e-02 3.7926901907e-06 1.8427122649e-19
6.2305176688e-02 3.7926901907e-06 1.6072758277e-19
6.9085552518e-02 3.7926901907e-06 1.1597062319e-19
7.6603804377e-02 3.7926901907e-06 6.4446366312e-20
8.4940231802e-02 3.7926901907e-06 2.4616921704e-20
9.4183872945e-02 3.7926901907e-06 5.3857821675e-21
1.0443345556e-01 3.7926901907e-06 5.0865826740e-22
1.1579845146e-01 3.7926901907e-06 1.3496053791e-23
1.2840024578e-01 3.7926901907e-06 5.2018389611e-26
1.4237343339e-01 3.7926901907e-06 1.0948150082e-29
1.5786725650e-01 3.7926901907e-06 2.8119360422e-35
1.7504719864e-01 3.7926901907e-06 9.3357195635e-44
1.9409675211e-01 3.7926901907e-06 1.3096095670e-56
2.1521937781e-01 3.7926901907e-06 4.7661729962e-76
2.3864067833e-01 3.7926901907e-06 2.0412942927e-105
2.6461080752e-01 3.7926901907e-06 8.2900125918e-150
2.9340714225e-01 3.7926901907e-06 7.0521143617e-217
3.2533724503e-01 3.7926901907e-06 4.4412252597e-318
3.6074214893e-01 3.7926901907e-06 1.0000000000e-300
4.0000000000e-01 3.7926901907e-06 1.0000000000e-300
2.0000000000e-02 6.9519279618e-06 1.8401148950e-20
2.2176504808e-02 6.9519279618e-06 3.2391432647e-20
2.4589868274e-02 6.9519279618e-06 5.5654703867e-20
2.7265866600e-02 6.9519279618e-06 9.2631533422e-20
3.0233081086e-02 6.9519279618e-06 1.4801629800e-19
3.3523203403e-02 6.9519279618e-06 2.2522545890e-19
3.7171374071e-02 6.9519279618e-06 3.2382391208e-19
4.1216557790e-02 6.9519279618e-06 4.3597291948e-19
4.5701959599e-02 6.9519279618e-06 5.4264086124e-19
5.0675486338e-02 6.9519279618e-06 6.1412735225e-19
5.6190258320e-02 6.9519279618e-06 6.1911783640e-19
6.2305176688e-02 6.9519279618e-06 5.4001547171e-19
6.9085552518e-02 6.9519279618e-06 3.8964022048e-19
7.6603804377e-02 6.9519279618e-06 2.1652808002e-19
8.4940231802e-02 6.9519279618e-06 8.2708383693e-20
9.4183872945e-02 6.9519279618e-06 1.8095249412e-20
1.0443345556e-01 6.9519279618e-06 1.7089993483e-21
1.1579845146e-01 6.9519279618e-06 4.5344288320e-23
1.2840024578e-01 6.9519279618e-06 1.7477233664e-25
1.4237343339e-01 6.9519279618e-06 3.6783794847e-29
1.5786725650e-01 6.9519279618e-06 9.4475941343e-35
1.7504719864e-01 6.9519279618e-06 3.1366321305e-43
1.9409675211e-01 6.9519279618e-06 4.4000501711e-56
2.1521937781e-01 6.9519279618e-06 1.6013475188e-75
2.3864067833e-01 6.9519279618e-06 6.8583778924e-105
2.6461080752e-01 6.9519279618e-06 2.7852935899e-149
2.9340714225e-01 6.9519279618e-06 2.3693822789e-216
3.2533724503e-01 6.9519279618e-06 1.4921889211e-317
3.6074214893e-01 6.9519279618e-06 1.0000000000e-300
4.0000000000e-01 6.9519279618e-06 1.0000000000e-300
2.0000000000e-02 1.2742749857e-05 6.1824516732e-20
2.2176504808e-02 1.2742749857e-05 1.0882932773e-19
2.4589868274e-02 1.2742749857e-05 1.8698969177e-19
2.7265866600e-02 1.2742749857e-05 3.1122511988e-19
3.0233081086e-02 1.2742749857e-05 4.9730786468e-19
3.3523203403e-02 1.2742749857e-05 7.5671661536e-19
3.7171374071e-02 1.2742749857e-05 1.0879895013e-18
4.1216557790e-02 1.2742749857e-05 1.4647897872e-18
4.5701959599e-02 1.2742749857e-05 1.8231746885e-18
5.0675486338e-02 1.2742749857e-05 2.0633563082e-18
5.6190258320e-02 1.2742749857e-05 2.0801234281e-18
6.2305176688e-02 1.2742749857e-05 1.8143538567e-18
6.9085552518e-02 1.2742749857e-05 1.3091203378e-18
7.6603804377e-02 1.2742749857e-05 7.2749500275e-19
8.4940231802e-02 1.2742749857e-05 2.7788513996e-19
9.4183872945e-02 1.2742749857e-05 6.0796749871e-20
1.0443345556e-01 1.2742749857e-05 5.7419272616e-21
1.1579845146e-01 1.2742749857e-05 1.5234856908e-22
1.2840024578e-01 1.2742749857e-05 5.8720329257e-25
1.4237343339e-01 1.2742749857e-05 1.2358686657e-28
1.5786725650e-01 1.2742749857e-05 3.1742199534e-34
1.7504719864e-01 1.2742749857e-05 1.0538513989e-42
1.9409675211e-01 1.2742749857e-05 1.4783369025e-55
2.1521937781e-01 1.2742749857e-05 5.3802366765e-75
2.3864067833e-01 1.2742749857e-05 2.3042903457e-104
2.6461080752e-01 1.2742749857e-05 9.3580803361e-149
2.9340714225e-01 1.2742749857e-05 7.9606939079e-216
3.2533724503e-01 1.2742749857e-05 5.0135084142e-317
3.6074214893e-01 1.2742749857e-05 1.0000000000e-300
4.0000000000e-01 1.2742749857e-05 1.0000000000e-300
2.0000000000e-02 2.3357214691e-05 2.0771914186e-19
2.2176504808e-02 2.3357214691e-05 3.6564676538e-19
2.4589868274e-02 2.3357214691e-05 6.2825138576e-19
2.7265866600e-02 2.3357214691e-05 1.0456598489e-18
3.0233081086e-02 2.3357214691e-05 1.6708640577e-18
3.3523203403e-02 2.3357214691e-05 2.5424303218e-18
3.7171374071e-02 2.3357214691e-05 3.6554470219e-18
4.1216557790e-02 2.3357214691e-05 4.9214275125e-18
4.5701959599e-02 2.3357214691e-05 6.1255356574e-18
5.0675486338e-02 2.3357214691e-05 6.9325022554e-18
5.6190258320e-02 2.3357214691e-05 6.9888367315e-18
6.2305176688e-02 2.3357214691e-05 6.0958992656e-18
6.9085552518e-02 2.3357214691e-05 4.3984064500e-18
7.6603804377e-02 2.3357214691e-05 2.4442510134e-18
8.4940231802e-02 2.3357214691e-05 9.3364357473e-19
9.4183872945e-02 2.3357214691e-05 2.0426603196e-19
1.0443345556e-01 2.3357214691e-05 1.9291832212e-20
1.1579845146e-01 2.3357214691e-05 5.1186350828e-22
1.2840024578e-01 2.3357214691e-05 1.9728963602e-24
1.4237343339e-01 2.3357214691e-05 4.1522941423e-28
1.5786725650e-01 2.3357214691e-05 1.0664802244e-33
1.7504719864e-01 2.3357214691e-05 3.5407492012e-42
1.9409675211e-01 2.3357214691e-05 4.9669433584e-55
2.1521937781e-01 2.3357214691e-05 1.8076617570e-74
2.3864067833e-01 2.3357214691e-05 7.7419968404e-104
2.6461080752e-01 2.3357214691e-05 3.1441449438e-148
2.9340714225e-01 2.3357214691e-05 2.6746484963e-215
3.2533724503e-01 2.3357214691e-05 1.6844479962e-316
3.6074214893e-01 2.3357214691e-05 1.0000000000e-300
4.0000000000e-01 2.3357214691e-05 1.0000000000e-300
2.0000000000e-02 4.2813323987e-05 6.9789857122e-19
2.2176504808e-02 4.2813323987e-05 1.2285066887e-18
2.4589868274e-02 4.2813323987e-05 2.1108104943e-18
2.7265866600e-02 4.2813323987e-05 3.5132270816e-18
3.0233081086e-02 4.2813323987e-05 5.6137996149e-18
3.3523203403e-02 4.2813323987e-05 8.5421038869e-18
3.7171374071e-02 4.2813323987e-05 1.2281637749e-17
4.1216557790e-02 4.2813323987e-05 1.6535102151e-17
4.5701959599e-02 4.2813323987e-05 2.0580686715e-17
5.0675486338e-02 4.2813323987e-05 2.3291947847e-17
5.6190258320e-02 4.2813323987e-05 2.3481221450e-17
6.2305176688e-02 4.2813323987e-05 2.0481113824e-17
6.9085552518e-02 4.2813323987e-05 1.4777846421e-17
7.6603804377e-02 4.2813323987e-05 8.2122392511e-18
8.4940231802e-02 4.2813323987e-05 3.1368727552e-18
9.4183872945e-02 4.2813323987e-05 6.8629674945e-19
1.0443345556e-01 4.2813323987e-05 6.4817050642e-20
1.1579845146e-01 4.2813323987e-05 1.7197683752e-21
1.2840024578e-01 4.2813323987e-05 6.6285732678e-24
1.4237343339e-01 4.2813323987e-05 1.3950953789e-27
1.5786725650e-01 4.2813323987e-05 3.5831797599e-33
1.7504719864e-01 4.2813323987e-05 1.1896273913e-41
1.9409675211e-01 4.2813323987e-05 1.6688027123e-54
2.1521937781e-01 4.2813323987e-05 6.0734150266e-74
2.3864067833e-01 4.2813323987e-05 2.6011702557e-103
2.6461080752e-01 4.2813323987e-05 1.0563755677e-147
2.9340714225e-01 4.2813323987e-05 8.9863329274e-215
3.2533724503e-01 4.2813323987e-05 5.6594413910e-316
3.6074214893e-01 4.2813323987e-05 1.0000000000e-300
4.0000000000e-01 4.2813323987e-05 1.0000000000e-300
2.0000000000e-02 7.8475997035e-05 2.3448123816e-18
2.2176504808e-02 7.8475997035e-05 4.1275592374e-18
2.4589868274e-02 7.8475997035e-05 7.0919396975e-18
2.7265866600e-02 7.8475997035e-05 1.1803804593e-17
3.0233081086e-02 7.8475997035e-05 1.8861346602e-17
3.3523203403e-02 7.8475997035e-05 2.8699916843e-17
3.7171374071e-02 7.8475997035e-05 4.1264071094e-17
4.1216557790e-02 7.8475997035e-05 5.5554938573e-17
4.5701959599e-02 7.8475997035e-05 6.9147367569e-17
5.0675486338e-02 7.8475997035e-05 7.8256712301e-17
5.6190258320e-02 7.8475997035e-05 7.8892637213e-17
6.2305176688e-02 7.8475997035e-05 6.8812820750e-17
6.9085552518e-02 7.8475997035e-05 4.9650878638e-17
7.6603804377e-02 7.8475997035e-05 2.7591631607e-17
8.4940231802e-02 7.8475997035e-05 1.0539322445e-17
9.4183872945e-02 7.8475997035e-05 2.3058323686e-18
1.0443345556e-01 7.8475997035e-05 2.1777351201e-19
1.1579845146e-01 7.8475997035e-05 5.7781092351e-21
1.2840024578e-01 7.8475997035e-05 2.2270801677e-23
1.4237343339e-01 7.8475997035e-05 4.6872669653e-27
1.5786725650e-01 7.8475997035e-05 1.2038832880e-32
1.7504719864e-01 7.8475997035e-05 3.9969318633e-41
1.9409675211e-01 7.8475997035e-05 5.6068738689e-54
2.1521937781e-01 7.8475997035e-05 2.0405570867e-73
2.3864067833e-01 7.8475997035e-05 8.7394593908e-103
2.6461080752e-01 7.8475997035e-05 3.5492299495e-147
2.9340714225e-01 7.8475997035e-05 3.0192445696e-214
3.2533724503e-01 7.8475997035e-05 1.9014697303e-315
3.6074214893e-01 7.8475997035e-05 1.0000000000e-300
4.0000000000e-01 7.8475997035e-05 1.0000000000e-300
2.0000000000e-02 1.4384498883e-04 7.8781435175e-18
2.2176504808e-02 1.4384498883e-04 1.3867849003e-17
2.4589868274e-02 1.4384498883e-04 2.3827628681e-17
2.7265866600e-02 1.4384498883e-04 3.9658638518e-17
3.0233081086e-02 1.4384498883e-04 6.3370697216e-17
3.3523203403e-02 1.4384498883e-04 9.6426505423e-17
3.7171374071e-02 1.4384498883e-04 1.3863978063e-16
4.1216557790e-02 1.4384498883e-04 1.8665449851e-16
4.5701959599e-02 1.4384498883e-04 2.3232259001e-16
5.0675486338e-02 1.4384498883e-04 2.6292833301e-16
5.6190258320e-02 1.4384498883e-04 2.6506492516e-16
6.2305176688e-02 1.4384498883e-04 2.3119857349e-16
6.9085552518e-02 1.4384498883e-04 1.6681792998e-16
7.6603804377e-02 1.4384498883e-04 9.2702868423e-17
8.4940231802e-02 1.4384498883e-04 3.5410208275e-17
9.4183872945e-02 1.4384498883e-04 7.7471777572e-18
1.0443345556e-01 1.4384498883e-04 7.3167942792e-19
1.1579845146e-01 1.4384498883e-04 1.9413397068e-20
1.2840024578e-01 1.4384498883e-04 7.4825846725e-23
1.4237343339e-01 1.4384498883e-04 1.5748365263e-26
1.5786725650e-01 1.4384498883e-04 4.0448290857e-32
1.7504719864e-01 1.4384498883e-04 1.3428964763e-40
1.9409675211e-01 1.4384498883e-04 1.8838077353e-53
2.1521937781e-01 1.4384498883e-04 6.8559010140e-73
2.3864067833e-01 1.4384498883e-04 2.9362995473e-102
2.6461080752e-01 1.4384498883e-04 1.1924767687e-146
2.9340714225e-01 1.4384498883e-04 1.0144113116e-213
3.2533724503e-01 1.4384498883e-04 6.3885929276e-315
3.6074214893e-01 1.4384498883e-04 1.0000000000e-300
4.0000000000e-01 1.4384498883e-04 1.0000000000e-300
2.0000000000e-02 2.6366508987e-04 2.6469130652e-17
2.2176504808e-02 2.6366508987e-04 4.6593452673e-17
2.4589868274e-02 2.6366508987e-04 8.0056502560e-17
2.7265866600e-02 2.6366508987e-04 1.3324581890e-16
3.0233081086e-02 2.6366508987e-04 2.1291402732e-16
3.3523203403e-02 2.6366508987e-04 3.2397553620e-16
3.7171374071e-02 2.6366508987e-04 4.6580447016e-16
4.1216557790e-02 2.6366508987e-04 6.2712519732e-16
4.5701959599e-02 2.6366508987e-04 7.8056168623e-16
5.0675486338e-02 2.6366508987e-04 8.8339142124e-16
5.6190258320e-02 2.6366508987e-04 8.9056998261e-16
6.2305176688e-02 2.6366508987e-04 7.7678519496e-16
6.9085552518e-02 2.6366508987e-04 5.6047793162e-16
7.6603804377e-02 2.6366508987e-04 3.1146479252e-16
8.4940231802e-02 2.6366508987e-04 1.1897186528e-16
9.4183872945e-02 2.6366508987e-04 2.6029109496e-17
1.0443345556e-01 2.6366508987e-04 2.4583099216e-18
1.1579845146e-01 2.6366508987e-04 6.5225486469e-20
1.2840024578e-01 2.6366508987e-04 2.5140124811e-22
1.4237343339e-01 2.6366508987e-04 5.2911645589e-26
1.5786725650e-01 2.6366508987e-04 1.3589890727e-31
1.7504719864e-01 2.6366508987e-04 4.5118881377e-40
1.9409675211e-01 2.6366508987e-04 6.3292516771e-53
2.1521937781e-01 2.6366508987e-04 2.3034581596e-72
2.3864067833e-01 2.6366508987e-04 9.8654329131e-102
2.6461080752e-01 2.6366508987e-04 4.0065052533e-146
2.9340714225e-01 2.6366508987e-04 3.4082376744e-213
3.2533724503e-01 2.6366508987e-04 2.1464511393e-314
3.6074214893e-01 2.6366508987e-04 1.0000000000e-300
4.0000000000e-01 2.6366508987e-04 1.0000000000e-300
2.0000000000e-02 4.8329302386e-04 8.8931469187e-17
2.2176504808e-02 4.8329302386e-04 1.5654553431e-16
2.4589868274e-02 4.8329302386e-04 2.6897530124e-16
2.7265866600e-02 4.8329302386e-04 4.4768173892e-16
3.0233081086e-02 4.8329302386e-04 7.1535244240e-16
3.3523203403e-02 4.8329302386e-04 1.0884989308e-15
3.7171374071e-02 4.8329302386e-04 1.5650183767e-15
4.1216557790e-02 4.8329302386e-04 2.1070267057e-15
4.5701959599e-02 4.8329302386e-04 2.6225454270e-15
5.0675486338e-02 4.8329302386e-04 2.9680346510e-15
5.6190258320e-02 4.8329302386e-04 2.9921533128e-15
6.2305176688e-02 4.8329302386e-04 2.6098571025e-15
6.9085552518e-02 4.8329302386e-04 1.8831040037e-15
7.6603804377e-02 4.8329302386e-04 1.0464651054e-15
8.4940231802e-02 4.8329302386e-04 3.9972384853e-16
9.4183872945e-02 4.8329302386e-04 8.7453078060e-17
1.0443345556e-01 4.8329302386e-04 8.2594746280e-18
1.1579845146e-01 4.8329302386e-04 2.1914578217e-19
1.2840024578e-01 4.8329302386e-04 8.4466251060e-22
1.4237343339e-01 4.8329302386e-04 1.7777351441e-25
1.5786725650e-01 4.8329302386e-04 4.5659563373e-31
1.7504719864e-01 4.8329302386e-04 1.5159124271e-39
1.9409675211e-01 4.8329302386e-04 2.1265135523e-52
2.1521937781e-01 4.8329302386e-04 7.7392008462e-72
2.3864067833e-01 4.8329302386e-04 3.3146061904e-101
2.6461080752e-01 4.8329302386e-04 1.3461129614e-145
2.9340714225e-01 4.8329302386e-04 1.1451059263e-212
3.2533724503e-01 4.8329302386e-04 7.2116858283e-314
3.6074214893e-01 4.8329302386e-04 1.0000000000e-300
4.0000000000e-01 4.8329302386e-04 1.0000000000e-300
2.0000000000e-02 8.8586679041e-04 2.9879357640e-16
2.2176504808e-02 8.8586679041e-04 5.2596454882e-16
2.4589868274e-02 8.8586679041e-04 9.0370813566e-16
2.7265866600e-02 8.8586679041e-04 1.5041292929e-15
3.0233081086e-02 8.8586679041e-04 2.4034542171e-15
3.3523203403e-02 8.8586679041e-04 3.6571586124e-15
3.7171374071e-02 8.8586679041e-04 5.2581773603e-15
4.1216557790e-02 8.8586679041e-04 7.0792268556e-15
4.5701959599e-02 8.8586679041e-04 8.8112760821e-15
5.0675486338e-02 8.8586679041e-04 9.9720570948e-15
5.6190258320e-02 8.8586679041e-04 1.0053091416e-14
6.2305176688e-02 8.8586679041e-04 8.7686456177e-15
6.9085552518e-02 8.8586679041e-04 6.3268872666e-15
7.6603804377e-02 8.8586679041e-04 3.5159325972e-15
8.4940231802e-02 8.8586679041e-04 1.3429994958e-15
9.4183872945e-02 8.8586679041e-04 2.9382645086e-16
1.0443345556e-01 8.8586679041e-04 2.7750333890e-17
1.1579845146e-01 8.8586679041e-04 7.3629000630e-19
1.2840024578e-01 8.8586679041e-04 2.8379125489e-21
1.4237343339e-01 8.8586679041e-04 5.9728670452e-25
1.5786725650e-01 8.8586679041e-04 1.5340783597e-30
1.7504719864e-01 8.8586679041e-04 5.0931902929e-39
1.9409675211e-01 8.8586679041e-04 7.1446991191e-52
2.1521937781e-01 8.8586679041e-04 2.6002308524e-71
2.3864067833e-01 8.8586679041e-04 1.1136474490e-100
2.6461080752e-01 8.8586679041e-04 4.5226949432e-145
2.9340714225e-01 8.8586679041e-04 3.8473478308e-212
3.2533724503e-01 8.8586679041e-04 2.4229953914e-313
3.6074214893e-01 8.8586679041e-04 1.0000000000e-300
4.0000000000e-01 8.8586679041e-04 1.0000000000e-300
2.0000000000e-02 1.6237767392e-03 1.0038921218e-15
2.2176504808e-02 1.6237767392e-03 1.7671453091e-15
2.4589868274e-02 1.6237767392e-03 3.0362951197e-15
2.7265866600e-02 1.6237767392e-03 5.0536011031e-15
3.0233081086e-02 1.6237767392e-03 8.0751694289e-15
3.3523203403e-02 1.6237767392e-03 1.2287388382e-14
3.7171374071e-02 1.6237767392e-03 1.7666520448e-14
4.1216557790e-02 1.6237767392e-03 2.3784915842e-14
4.5701959599e-02 1.6237767392e-03 2.9604286506e-14
5.0675486338e-02 1.6237767392e-03 3.3504299779e-14
5.6190258320e-02 1.6237767392e-03 3.3776560372e-14
6.2305176688e-02 1.6237767392e-03 2.9461055892e-14
6.9085552518e-02 1.6237767392e-03 2.1257191534e-14
7.6603804377e-02 1.6237767392e-03 1.1812894633e-14
8.4940231802e-02 1.6237767392e-03 4.5122342644e-15
9.4183872945e-02 1.6237767392e-03 9.8720348258e-16
1.0443345556e-01 1.6237767392e-03 9.3236079255e-17
1.1579845146e-01 1.6237767392e-03 2.4738006272e-18
1.2840024578e-01 1.6237767392e-03 9.5348704765e-21
1.4237343339e-01 1.6237767392e-03 2.0067747920e-24
1.5786725650e-01 1.6237767392e-03 5.1542245254e-30
1.7504719864e-01 1.6237767392e-03 1.7112193882e-38
1.9409675211e-01 1.6237767392e-03 2.4004890750e-51
2.1521937781e-01 1.6237767392e-03 8.7363031666e-71
2.3864067833e-01 1.6237767392e-03 3.7416530637e-100
2.6461080752e-01 1.6237767392e-03 1.5195433173e-144
2.9340714225e-01 1.6237767392e-03 1.2926389596e-211
3.2533724503e-01 1.6237767392e-03 8.1408242235e-313
3.6074214893e-01 1.6237767392e-03 1.0000000000e-300
4.0000000000e-01 1.6237767392e-03 1.0000000000e-300
2.0000000000e-02 2.9763514416e-03 3.3728951083e-15
2.2176504808e-02 2.9763514416e-03 5.9372871239e-15
2.4589868274e-02 2.9763514416e-03 1.0201399866e-14
2.7265866600e-02 2.9763514416e-03 1.6979181398e-14
3.0233081086e-02 2.9763514416e-03 2.7131101912e-14
3.3523203403e-02 2.9763514416e-03 4.1283392176e-14
3.7171374071e-02 2.9763514416e-03 5.9356298455e-14
4.1216557790e-02 2.9763514416e-03 7.9912995184e-14
4.5701959599e-02 2.9763514416e-03 9.9465023156e-14
5.0675486338e-02 2.9763514416e-03 1.1256835907e-13
5.6190258320e-02 2.9763514416e-03 1.1348310519e-13
6.2305176688e-02 2.9763514416e-03 9.8983794320e-14
6.9085552518e-02 2.9763514416e-03 7.1420300830e-14
7.6603804377e-02 2.9763514416e-03 3.9689179403e-14
8.4940231802e-02 2.9763514416e-03 1.5160287193e-14
9.4183872945e-02 2.9763514416e-03 3.3168243131e-15
1.0443345556e-01 2.9763514416e-03 3.1325628402e-16
1.1579845146e-01 2.9763514416e-03 8.3115205838e-18
1.2840024578e-01 2.9763514416e-03 3.2035432184e-20
1.4237343339e-01 2.9763514416e-03 6.7423986426e-24
1.5786725650e-01 2.9763514416e-03 1.7317257812e-29
1.7504719864e-01 2.9763514416e-03 5.7493861922e-38
1.9409675211e-01 2.9763514416e-03 8.0652070903e-51
2.1521937781e-01 2.9763514416e-03 2.9352391134e-70
2.3864067833e-01 2.9763514416e-03 1.2571274384e-99
2.6461080752e-01 2.9763514416e-03 5.1053894244e-144
2.9340714225e-01 2.9763514416e-03 4.3430320139e-211
3.2533724503e-01 2.9763514416e-03 2.7351690092e-312
3.6074214893e-01 2.9763514416e-03 1.0000000000e-300
4.0000000000e-01 2.9763514416e-03 1.0000000000e-300
2.0000000000e-02 5.4555947812e-03 1.1332314663e-14
2.2176504808e-02 5.4555947812e-03 1.9948205850e-14
2.4589868274e-02 5.4555947812e-03 3.4274849814e-14
2.7265866600e-02 5.4555947812e-03 5.7046964147e-14
3.0233081086e-02 5.4555947812e-03 9.1155572331e-14
3.3523203403e-02 5.4555947812e-03 1.3870469595e-13
3.7171374071e-02 5.4555947812e-03 1.9942637696e-13
4.1216557790e-02 5.4555947812e-03 2.6849314253e-13
4.5701959599e-02 5.4555947812e-03 3.3418440364e-13
5.0675486338e-02 5.4555947812e-03 3.7820923125e-13
5.6190258320e-02 5.4555947812e-03 3.8128261199e-13
6.2305176688e-02 5.4555947812e-03 3.3256756220e-13
6.9085552518e-02 5.4555947812e-03 2.3995923274e-13
7.6603804377e-02 5.4555947812e-03 1.3334843073e-13
8.4940231802e-02 5.4555947812e-03 5.0935810138e-14
9.4183872945e-02 5.4555947812e-03 1.1143926979e-14
1.0443345556e-01 5.4555947812e-03 1.0524841914e-15
1.1579845146e-01 5.4555947812e-03 2.7925198844e-17
1.2840024578e-01 5.4555947812e-03 1.0763323086e-19
1.4237343339e-01 5.4555947812e-03 2.2653234253e-23
1.5786725650e-01 5.4555947812e-03 5.8182839465e-29
1.7504719864e-01 5.4555947812e-03 1.9316892863e-37
1.9409675211e-01 5.4555947812e-03 2.7097630265e-50
2.1521937781e-01 5.4555947812e-03 9.8618700477e-70
2.3864067833e-01 5.4555947812e-03 4.2237197558e-99
2.6461080752e-01 5.4555947812e-03 1.7153180747e-143
2.9340714225e-01 5.4555947812e-03 1.4591798378e-210
3.2533724503e-01 5.4555947812e-03 9.1896708532e-312
3.6074214893e-01 5.4555947812e-03 1.0000000000e-300
4.0000000000e-01 5.4555947812e-03 1.0000000000e-300
2.0000000000e-02 1.0000000000e-02 3.8074518029e-14
2.2176504808e-02 1.0000000000e-02 6.7022346793e-14
2.4589868274e-02 1.0000000000e-02 1.1515726716e-13
2.7265866600e-02 1.0000000000e-02 1.9166743332e-13
3.0233081086e-02 1.0000000000e-02 3.0626615881e-13
3.3523203403e-02 1.0000000000e-02 4.6602257386e-13
3.7171374071e-02 1.0000000000e-02 6.7003638806e-13
4.1216557790e-02 1.0000000000e-02 9.0208817002e-13
4.5701959599e-02 1.0000000000e-02 1.1227988704e-12
5.0675486338e-02 1.0000000000e-02 1.2707142912e-12
5.6190258320e-02 1.0000000000e-02 1.2810402920e-12
6.2305176688e-02 1.0000000000e-02 1.1173665769e-12
6.9085552518e-02 1.0000000000e-02 8.0621941812e-13
7.6603804377e-02 1.0000000000e-02 4.4802649600e-13
8.4940231802e-02 1.0000000000e-02 1.7113506633e-13
9.4183872945e-02 1.0000000000e-02 3.7441569647e-14
1.0443345556e-01 1.0000000000e-02 3.5361556321e-15
1.1579845146e-01 1.0000000000e-02 9.3823593725e-17
1.2840024578e-01 1.0000000000e-02 3.6162809726e-19
1.4237343339e-01 1.0000000000e-02 7.6110750686e-23
1.5786725650e-01 1.0000000000e-02 1.9548376798e-28
1.7504719864e-01 1.0000000000e-02 6.4901249877e-37
1.9409675211e-01 1.0000000000e-02 9.1043113678e-50
2.1521937781e-01 1.0000000000e-02 3.3134091323e-69
2.3864067833e-01 1.0000000000e-02 1.4190930872e-98
2.6461080752e-01 1.0000000000e-02 5.7631570340e-143
2.9340714225e-01 1.0000000000e-02 4.9025791020e-210
3.2533724503e-01 1.0000000000e-02 3.0875624178e-311
3.6074214893e-01 1.0000000000e-02 1.0000000000e-300
4.0000000000e-01 1.0000000000e-02 1.0000000000e-300
