2.0000000000e-02 1.0000000000e-07 3.5160164570e-24
2.2176504808e-02 1.0000000000e-07 6.0931864711e-24
2.4589868274e-02 1.0000000000e-07 1.0405542832e-23
2.7265866600e-02 1.0000000000e-07 1.7518518712e-23
3.0233081086e-02 1.0000000000e-07 2.9045120324e-23
3.3523203403e-02 1.0000000000e-07 4.7284589355e-23
3.7171374071e-02 1.0000000000e-07 7.5312392783e-23
4.1216557790e-02 1.0000000000e-07 1.1697884739e-22
4.5701959599e-02 1.0000000000e-07 1.7674842416e-22
5.0675486338e-02 1.0000000000e-07 2.5908689192e-22
5.6190258320e-02 1.0000000000e-07 3.6710839239e-22
6.2305176688e-02 1.0000000000e-07 5.0025968502e-22
6.9085552518e-02 1.0000000000e-07 6.5113522987e-22
7.6603804377e-02 1.0000000000e-07 8.0161338645e-22
8.4940231802e-02 1.0000000000e-07 9.2059455538e-22
9.4183872945e-02 1.0000000000e-07 9.6601588789e-22
1.0443345556e-01 1.0000000000e-07 8.9820131788e-22
1.1579845146e-01 1.0000000000e-07 7.0612643537e-22
1.2840024578e-01 1.0000000000e-07 4.3547763364e-22
1.4237343339e-01 1.0000000000e-07 1.8880969042e-22
1.5786725650e-01 1.0000000000e-07 4.8486258115e-23
1.7504719864e-01 1.0000000000e-07 5.7313165128e-24
1.9409675211e-01 1.0000000000e-07 2.1221922616e-25
2.1521937781e-01 1.0000000000e-07 1.4040883418e-27
2.3864067833e-01 1.0000000000e-07 7.2714874676e-31
2.6461080752e-01 1.0000000000e-07 8.5387965634e-36
2.9340714225e-01 1.0000000000e-07 3.3905856683e-43
3.2533724503e-01 1.0000000000e-07 2.6698280484e-54
3.6074214893e-01 1.0000000000e-07 4.6388762539e-71
4.0000000000e-01 1.0000000000e-07 2.6535019784e-96
2.0000000000e-02 1.8329807108e-07 1.1813176387e-23
2.2176504808e-02 1.8329807108e-07 2.0471999327e-23
2.4589868274e-02 1.8329807108e-07 3.4960733085e-23
2.7265866600e-02 1.8329807108e-07 5.8859039518e-23
3.0233081086e-02 1.8329807108e-07 9.7586326393e-23
3.3523203403e-02 1.8329807108e-07 1.5886762797e-22
3.7171374071e-02 1.8329807108e-07 2.5303595446e-22
4.1216557790e-02 1.8329807108e-07 3.9302767057e-22
4.5701959599e-02 1.8329807108e-07 5.9384258756e-22
5.0675486338e-02 1.8329807108e-07 8.7048487720e-22
5.6190258320e-02 1.8329807108e-07 1.2334174898e-21
6.2305176688e-02 1.8329807108e-07 1.6807816376e-21
6.9085552518e-02 1.8329807108e-07 2.1876960522e-21
7.6603804377e-02 1.8329807108e-07 2.6932753143e-21
8.4940231802e-02 1.8329807108e-07 3.0930304214e-21
9.4183872945e-02 1.8329807108e-07 3.2456378450e-21
1.0443345556e-01 1.8329807108e-07 3.0177932126e-21
1.1579845146e-01 1.8329807108e-07 2.3724565100e-21
1.2840024578e-01 1.8329807108e-07 1.4631257168e-21
1.4237343339e-01 1.8329807108e-07 6.3436625049e-22
1.5786725650e-01 1.8329807108e-07 1.6290501665e-22
1.7504719864e-01 1.8329807108e-07 1.9256182024e-23
1.9409675211e-01 1.8329807108e-07 7.1301803674e-25
2.1521937781e-01 1.8329807108e-07 4.7174816864e-27
2.3864067833e-01 1.8329807108e-07 2.4430876562e-30
2.6461080752e-01 1.8329807108e-07 2.8688804837e-35
2.9340714225e-01 1.8329807108e-07 1.1391751730e-42
3.2533724503e-01 1.8329807108e-07 8.9701370983e-54
3.6074214893e-01 1.8329807108e-07 1.5585781266e-70
4.0000000000e-01 1.8329807108e-07 8.9152844698e-96
2.0000000000e-02 3.3598182863e-07 3.9690126045e-23
2.2176504808e-02 3.3598182863e-07 6.8782197697e-23
2.4589868274e-02 3.3598182863e-07 1.1746171032e-22
2.7265866600e-02 3.3598182863e-07 1.9775567728e-22
3.0233081086e-02 3.3598182863e-07 3.2787232391e-22
3.3523203403e-02 3.3598182863e-07 5.3376636157e-22
3.7171374071e-02 3.3598182863e-07 8.5015482687e-22
4.1216557790e-02 3.3598182863e-07 1.3205015546e-21
4.5701959599e-02 3.3598182863e-07 1.9952031849e-21
5.0675486338e-02 3.3598182863e-07 2.9246710084e-21
5.6190258320e-02 3.3598182863e-07 4.1440586368e-21
6.2305176688e-02 3.3598182863e-07 5.6471208813e-21
6.9085552518e-02 3.3598182863e-07 7.3502612009e-21
7.6603804377e-02 3.3598182863e-07 9.0489156510e-21
8.4940231802e-02 3.3598182863e-07 1.0392020170e-20
9.4183872945e-02 3.3598182863e-07 1.0904753382e-20
1.0443345556e-01 3.3598182863e-07 1.0139236820e-20
1.1579845146e-01 3.3598182863e-07 7.9710227657e-21
1.2840024578e-01 3.3598182863e-07 4.9158365384e-21
1.4237343339e-01 3.3598182863e-07 2.1313553286e-21
1.5786725650e-01 3.3598182863e-07 5.4733125386e-22
1.7504719864e-01 3.3598182863e-07 6.4697272489e-23
1.9409675211e-01 3.3598182863e-07 2.3956110383e-24
2.1521937781e-01 3.3598182863e-07 1.5849881235e-26
2.3864067833e-01 3.3598182863e-07 8.2083305823e-30
2.6461080752e-01 3.3598182863e-07 9.6389171101e-35
2.9340714225e-01 3.3598182863e-07 3.8274215774e-42
3.2533724503e-01 3.3598182863e-07 3.0138030653e-53
3.6074214893e-01 3.3598182863e-07 5.2365392903e-70
4.0000000000e-01 3.3598182863e-07 2.9953735789e-95
2.0000000000e-02 6.1584821107e-07 1.3335161127e-22
2.2176504808e-02 6.1584821107e-07 2.3109568559e-22
2.4589868274e-02 6.1584821107e-07 3.9465000227e-22
2.7265866600e-02 6.1584821107e-07 6.6442314076e-22
3.0233081086e-02 6.1584821107e-07 1.1015914294e-21
3.3523203403e-02 6.1584821107e-07 1.7933579822e-21
3.7171374071e-02 6.1584821107e-07 2.8563657335e-21
4.1216557790e-02 6.1584821107e-07 4.4366452702e-21
4.5701959599e-02 6.1584821107e-07 6.7035201453e-21
5.0675486338e-02 6.1584821107e-07 9.8263631352e-21
5.6190258320e-02 6.1584821107e-07 1.3923283987e-20
6.2305176688e-02 6.1584821107e-07 1.8973300002e-20
6.9085552518e-02 6.1584821107e-07 2.4695541992e-20
7.6603804377e-02 6.1584821107e-07 3.0402712275e-20
8.4940231802e-02 6.1584821107e-07 3.4915299398e-20
9.4183872945e-02 6.1584821107e-07 3.6637989821e-20
1.0443345556e-01 6.1584821107e-07 3.4065993276e-20
1.1579845146e-01 6.1584821107e-07 2.6781188049e-20
1.2840024578e-01 6.1584821107e-07 1.6516317494e-20
1.4237343339e-01 6.1584821107e-07 7.1609666076e-21
1.5786725650e-01 6.1584821107e-07 1.8389335554e-21
1.7504719864e-01 6.1584821107e-07 2.1737107918e-22
1.9409675211e-01 6.1584821107e-07 8.0488177733e-24
2.1521937781e-01 6.1584821107e-07 5.3252720809e-26
2.3864067833e-01 6.1584821107e-07 2.7578499190e-29
2.6461080752e-01 6.1584821107e-07 3.2385009967e-34
2.9340714225e-01 6.1584821107e-07 1.2859441005e-41
3.2533724503e-01 6.1584821107e-07 1.0125830650e-52
3.6074214893e-01 6.1584821107e-07 1.7593820464e-69
4.0000000000e-01 6.1584821107e-07 1.0063910925e-94
2.0000000000e-02 1.1288378917e-06 4.4803718205e-22
2.2176504808e-02 1.1288378917e-06 7.7643951033e-22
2.4589868274e-02 1.1288378917e-06 1.3259522943e-21
2.7265866600e-02 1.1288378917e-06 2.2323410181e-21
3.0233081086e-02 1.1288378917e-06 3.7011470286e-21
3.3523203403e-02 1.1288378917e-06 6.0253569424e-21
3.7171374071e-02 1.1288378917e-06 9.5968698237e-21
4.1216557790e-02 1.1288378917e-06 1.4906321909e-20
4.5701959599e-02 1.1288378917e-06 2.2522609567e-20
5.0675486338e-02 1.1288378917e-06 3.3014794549e-20
5.6190258320e-02 1.1288378917e-06 4.6779704146e-20
6.2305176688e-02 1.1288378917e-06 6.3746840297e-20
6.9085552518e-02 1.1288378917e-06 8.2972533574e-20
7.6603804377e-02 1.1288378917e-06 1.0214758866e-19
8.4940231802e-02 1.1288378917e-06 1.1730906139e-19
9.4183872945e-02 1.1288378917e-06 1.2309698817e-19
1.0443345556e-01 1.1288378917e-06 1.1445554715e-19
1.1579845146e-01 1.1288378917e-06 8.9979925334e-20
1.2840024578e-01 1.1288378917e-06 5.5491825538e-20
1.4237343339e-01 1.1288378917e-06 2.4059546556e-20
1.5786725650e-01 1.1288378917e-06 6.1784825866e-21
1.7504719864e-01 1.1288378917e-06 7.3032732674e-22
1.9409675211e-01 1.1288378917e-06 2.7042565138e-23
2.1521937781e-01 1.1288378917e-06 1.7891946517e-25
2.3864067833e-01 1.1288378917e-06 9.2658745888e-29
2.6461080752e-01 1.1288378917e-06 1.0880774869e-33
2.9340714225e-01 1.1288378917e-06 4.3205385041e-41
3.2533724503e-01 1.1288378917e-06 3.4020950982e-52
3.6074214893e-01 1.1288378917e-06 5.9112039722e-69
4.0000000000e-01 1.1288378917e-06 3.3812911956e-94
2.0000000000e-02 2.0691380811e-06 1.5053235172e-21
2.2176504808e-02 2.0691380811e-06 2.6086956650e-21
2.4589868274e-02 2.0691380811e-06 4.4549587652e-21
2.7265866600e-02 2.0691380811e-06 7.5002601740e-21
3.0233081086e-02 2.0691380811e-06 1.2435181467e-20
3.3523203403e-02 2.0691380811e-06 2.0076658775e-20
3.7171374071e-02 2.0691380811e-06 3.2243738725e-20
4.1216557790e-02 2.0691380811e-06 5.0082532930e-20
4.5701959599e-02 2.0691380811e-06 7.5671875477e-20
5.0675486338e-02 2.0691380811e-06 1.1092371044e-19
5.6190258320e-02 2.0691380811e-06 1.5717130542e-19
6.2305176688e-02 2.0691380811e-06 2.1417779972e-19
6.9085552518e-02 2.0691380811e-06 2.7877263556e-19
7.6603804377e-02 2.0691380811e-06 3.4319733626e-19
8.4940231802e-02 2.0691380811e-06 3.9413712961e-19
9.4183872945e-02 2.0691380811e-06 4.1358351185e-19
1.0443345556e-01 2.0691380811e-06 3.8454984028e-19
1.1579845146e-01 2.0691380811e-06 3.0231619854e-19
1.2840024578e-01 2.0691380811e-06 1.8644245018e-19
1.4237343339e-01 2.0691380811e-06 8.0835704477e-20
1.5786725650e-01 2.0691380811e-06 2.0758578776e-20
1.7504719864e-01 2.0691380811e-06 2.4537671074e-21
1.9409675211e-01 2.0691380811e-06 9.0858104858e-23
2.1521937781e-01 2.0691380811e-06 6.0113689085e-25
2.3864067833e-01 2.0691380811e-06 3.1131654882e-28
2.6461080752e-01 2.0691380811e-06 3.6557426373e-33
2.9340714225e-01 2.0691380811e-06 1.4516224273e-40
3.2533724503e-01 2.0691380811e-06 1.1430421323e-51
3.6074214893e-01 2.0691380811e-06 1.9860571200e-68
4.0000000000e-01 2.0691380811e-06 1.1360523990e-93
2.0000000000e-02 3.7926901907e-06 5.0576134798e-21
2.2176504808e-02 3.7926901907e-06 8.7647433987e-21
2.4589868274e-02 3.7926901907e-06 1.4967851924e-20
2.7265866600e-02 3.7926901907e-06 2.5199511284e-20
3.0233081086e-02 3.7926901907e-06 4.1779950086e-20
3.3523203403e-02 3.7926901907e-06 6.8016512275e-20
3.7171374071e-02 3.7926901907e-06 1.0833310299e-19
4.1216557790e-02 3.7926901907e-06 1.6826820996e-19
4.5701959599e-02 3.7926901907e-06 2.5424375099e-19
5.0675486338e-02 3.7926901907e-06 3.7268351074e-19
5.6190258320e-02 3.7926901907e-06 5.2806702602e-19
6.2305176688e-02 3.7926901907e-06 7.1959848803e-19
6.9085552518e-02 3.7926901907e-06 9.3662539867e-19
7.6603804377e-02 3.7926901907e-06 1.1530806862e-18
8.4940231802e-02 3.7926901907e-06 1.3242291354e-18
9.4183872945e-02 3.7926901907e-06 1.3895654460e-18
1.0443345556e-01 3.7926901907e-06 1.2920175854e-18
1.1579845146e-01 3.7926901907e-06 1.0157274921e-18
1.2840024578e-01 3.7926901907e-06 6.2641275346e-19
1.4237343339e-01 3.7926901907e-06 2.7159327809e-19
1.5786725650e-01 3.7926901907e-06 6.9745052569e-20
1.7504719864e-01 3.7926901907e-06 8.2442115976e-21
1.9409675211e-01 3.7926901907e-06 3.0526672216e-22
2.1521937781e-01 3.7926901907e-06 2.0197107184e-24
2.3864067833e-01 3.7926901907e-06 1.0459670335e-27
2.6461080752e-01 3.7926901907e-06 1.2282630963e-32
2.9340714225e-01 3.7926901907e-06 4.8771875759e-40
3.2533724503e-01 3.7926901907e-06 3.8404138580e-51
3.6074214893e-01 3.7926901907e-06 6.6727910293e-68
4.0000000000e-01 3.7926901907e-06 3.8169296244e-93
2.0000000000e-02 6.9519279618e-06 1.6992662254e-20
2.2176504808e-02 6.9519279618e-06 2.9447945145e-20
2.4589868274e-02 6.9519279618e-06 5.0289262600e-20
2.7265866600e-02 6.9519279618e-06 8.4665778819e-20
3.0233081086e-02 6.9519279618e-06 1.4037304030e-19
3.3523203403e-02 6.9519279618e-06 2.2852312171e-19
3.7171374071e-02 6.9519279618e-06 3.6397954042e-19
4.1216557790e-02 6.9519279618e-06 5.6535060883e-19
4.5701959599e-02 6.9519279618e-06 8.5421280374e-19
5.0675486338e-02 6.9519279618e-06 1.2521488744e-18
5.6190258320e-02 6.9519279618e-06 1.7742092504e-18
6.2305176688e-02 6.9519279618e-06 2.4177201589e-18
6.9085552518e-02 6.9519279618e-06 3.1468911419e-18
7.6603804377e-02 6.9519279618e-06 3.8741415750e-18
8.4940231802e-02 6.9519279618e-06 4.4491692642e-18
9.4183872945e-02 6.9519279618e-06 4.6686873955e-18
1.0443345556e-01 6.9519279618e-06 4.3409443095e-18
1.1579845146e-01 6.9519279618e-06 3.4126598018e-18
1.2840024578e-01 6.9519279618e-06 2.1046330238e-18
1.4237343339e-01 6.9519279618e-06 9.1250406215e-19
1.5786725650e-01 6.9519279618e-06 2.3433070300e-19
1.7504719864e-01 6.9519279618e-06 2.7699052882e-20
1.9409675211e-01 6.9519279618e-06 1.0256407153e-21
2.1521937781e-01 6.9519279618e-06 6.7858610048e-24
2.3864067833e-01 6.9519279618e-06 3.5142591661e-27
2.6461080752e-01 6.9519279618e-06 4.1267408112e-32
2.9340714225e-01 6.9519279618e-06 1.6386464003e-39
3.2533724503e-01 6.9519279618e-06 1.2903092707e-50
3.6074214893e-01 6.9519279618e-06 2.2419365321e-67
4.0000000000e-01 6.9519279618e-06 1.2824189950e-92
2.0000000000e-02 1.2742749857e-05 5.7092257375e-20
2.2176504808e-02 1.2742749857e-05 9.8939744593e-20
2.4589868274e-02 1.2742749857e-05 1.6896278409e-19
2.7265866600e-02 1.2742749857e-05 2.8446163190e-19
3.0233081086e-02 1.2742749857e-05 4.7162790770e-19
3.3523203403e-02 1.2742749857e-05 7.6779616316e-19
3.7171374071e-02 1.2742749857e-05 1.2229051157e-18
4.1216557790e-02 1.2742749857e-05 1.8994753137e-18
4.5701959599e-02 1.2742749857e-05 2.8699997984e-18
5.0675486338e-02 1.2742749857e-05 4.2069926852e-18
5.6190258320e-02 1.2742749857e-05 5.9610206832e-18
6.2305176688e-02 1.2742749857e-05 8.1231004008e-18
6.9085552518e-02 1.2742749857e-05 1.0572982403e-17
7.6603804377e-02 1.2742749857e-05 1.3016411707e-17
8.4940231802e-02 1.2742749857e-05 1.4948400253e-17
9.4183872945e-02 1.2742749857e-05 1.5685941284e-17
1.0443345556e-01 1.2742749857e-05 1.4584784071e-17
1.1579845146e-01 1.2742749857e-05 1.1465916807e-17
1.2840024578e-01 1.2742749857e-05 7.0711845194e-18
1.4237343339e-01 1.2742749857e-05 3.0658478343e-18
1.5786725650e-01 1.2742749857e-05 7.8730858098e-19
1.7504719864e-01 1.2742749857e-05 9.3063784384e-20
1.9409675211e-01 1.2742749857e-05 3.4459664304e-21
2.1521937781e-01 1.2742749857e-05 2.2799259892e-23
2.3864067833e-01 1.2742749857e-05 1.1807272209e-26
2.6461080752e-01 1.2742749857e-05 1.3865099240e-31
2.9340714225e-01 1.2742749857e-05 5.5055541405e-39
3.2533724503e-01 1.2742749857e-05 4.3352046827e-50
3.6074214893e-01 1.2742749857e-05 7.5324993571e-67
4.0000000000e-01 1.2742749857e-05 4.3086947900e-92
2.0000000000e-02 2.3357214691e-05 1.9181961033e-19
2.2176504808e-02 2.3357214691e-05 3.3241956312e-19
2.4589868274e-02 2.3357214691e-05 5.6768425168e-19
2.7265866600e-02 2.3357214691e-05 9.5573939260e-19
3.0233081086e-02 2.3357214691e-05 1.5845840686e-18
3.3523203403e-02 2.3357214691e-05 2.5796555891e-18
3.7171374071e-02 2.3357214691e-05 4.1087389702e-18
4.1216557790e-02 2.3357214691e-05 6.3818918933e-18
4.5701959599e-02 2.3357214691e-05 9.6426778042e-18
5.0675486338e-02 2.3357214691e-05 1.4134730954e-17
5.6190258320e-02 2.3357214691e-05 2.0027946296e-17
6.2305176688e-02 2.3357214691e-05 2.7292141268e-17
6.9085552518e-02 2.3357214691e-05 3.5523299619e-17
7.6603804377e-02 2.3357214691e-05 4.3732778076e-17
8.4940231802e-02 2.3357214691e-05 5.0223908519e-17
9.4183872945e-02 2.3357214691e-05 5.2701912365e-17
1.0443345556e-01 2.3357214691e-05 4.9002224223e-17
1.1579845146e-01 2.3357214691e-05 3.8523396957e-17
1.2840024578e-01 2.3357214691e-05 2.3757895054e-17
1.4237343339e-01 2.3357214691e-05 1.0300691617e-17
1.5786725650e-01 2.3357214691e-05 2.6452137673e-18
1.7504719864e-01 2.3357214691e-05 3.1267740456e-19
1.9409675211e-01 2.3357214691e-05 1.1577821027e-20
2.1521937781e-01 2.3357214691e-05 7.6601370299e-23
2.3864067833e-01 2.3357214691e-05 3.9670289079e-26
2.6461080752e-01 2.3357214691e-05 4.6584213969e-31
2.9340714225e-01 2.3357214691e-05 1.8497661477e-38
3.2533724503e-01 2.3357214691e-05 1.4565499968e-49
3.6074214893e-01 2.3357214691e-05 2.5307829081e-66
4.0000000000e-01 2.3357214691e-05 1.4476431545e-91
2.0000000000e-02 4.2813323987e-05 6.4447903447e-19
2.2176504808e-02 4.2813323987e-05 1.1168693269e-18
2.4589868274e-02 4.2813323987e-05 1.9073159296e-18
2.7265866600e-02 4.2813323987e-05 3.2111106882e-18
3.0233081086e-02 4.2813323987e-05 5.3239145299e-18
3.3523203403e-02 4.2813323987e-05 8.6671740207e-18
3.7171374071e-02 4.2813323987e-05 1.3804616326e-17
4.1216557790e-02 4.2813323987e-05 2.1441997084e-17
4.5701959599e-02 4.2813323987e-05 3.2397645215e-17
5.0675486338e-02 4.2813323987e-05 4.7490127531e-17
5.6190258320e-02 4.2813323987e-05 6.7290260203e-17
6.2305176688e-02 4.2813323987e-05 9.1696635304e-17
6.9085552518e-02 4.2813323987e-05 1.1935183165e-16
7.6603804377e-02 4.2813323987e-05 1.4693418749e-16
8.4940231802e-02 4.2813323987e-05 1.6874320625e-16
9.4183872945e-02 4.2813323987e-05 1.7706884889e-16
1.0443345556e-01 4.2813323987e-05 1.6463856901e-16
1.1579845146e-01 4.2813323987e-05 1.2943161354e-16
1.2840024578e-01 4.2813323987e-05 7.9822210246e-17
1.4237343339e-01 4.2813323987e-05 3.4608452055e-17
1.5786725650e-01 4.2813323987e-05 8.8874375865e-18
1.7504719864e-01 4.2813323987e-05 1.0505392616e-18
1.9409675211e-01 4.2813323987e-05 3.8899374801e-20
2.1521937781e-01 4.2813323987e-05 2.5736668469e-22
2.3864067833e-01 4.2813323987e-05 1.3328496267e-25
2.6461080752e-01 4.2813323987e-05 1.5651449394e-30
2.9340714225e-01 4.2813323987e-05 6.2148781285e-38
3.2533724503e-01 4.2813323987e-05 4.8937433140e-49
3.6074214893e-01 4.2813323987e-05 8.5029706934e-66
4.0000000000e-01 4.2813323987e-05 4.8638179426e-91
2.0000000000e-02 7.8475997035e-05 2.1653324451e-18
2.2176504808e-02 7.8475997035e-05 3.7524779879e-18
2.4589868274e-02 7.8475997035e-05 6.4082349381e-18
2.7265866600e-02 7.8475997035e-05 1.0788748409e-17
3.0233081086e-02 7.8475997035e-05 1.7887385392e-17
3.3523203403e-02 7.8475997035e-05 2.9120129765e-17
3.7171374071e-02 7.8475997035e-05 4.6381002367e-17
4.1216557790e-02 7.8475997035e-05 7.2041213898e-17
4.5701959599e-02 7.8475997035e-05 1.0885020083e-16
5.0675486338e-02 7.8475997035e-05 1.5955819890e-16
5.6190258320e-02 7.8475997035e-05 2.2608304672e-16
6.2305176688e-02 7.8475997035e-05 3.0808403209e-16
6.9085552518e-02 7.8475997035e-05 4.0100046648e-16
7.6603804377e-02 7.8475997035e-05 4.9367217001e-16
8.4940231802e-02 7.8475997035e-05 5.6694651005e-16
9.4183872945e-02 7.8475997035e-05 5.9491915642e-16
1.0443345556e-01 7.8475997035e-05 5.5315567479e-16
1.1579845146e-01 7.8475997035e-05 4.3486670201e-16
1.2840024578e-01 7.8475997035e-05 2.6818812164e-16
1.4237343339e-01 7.8475997035e-05 1.1627811007e-16
1.5786725650e-01 7.8475997035e-05 2.9860175321e-17
1.7504719864e-01 7.8475997035e-05 3.5296210215e-18
1.9409675211e-01 7.8475997035e-05 1.3069483078e-19
2.1521937781e-01 7.8475997035e-05 8.6470529349e-22
2.3864067833e-01 7.8475997035e-05 4.4781325487e-25
2.6461080752e-01 7.8475997035e-05 5.2586025882e-30
2.9340714225e-01 7.8475997035e-05 2.0880861183e-37
3.2533724503e-01 7.8475997035e-05 1.6442088275e-48
3.6074214893e-01 7.8475997035e-05 2.8568436423e-65
4.0000000000e-01 7.8475997035e-05 1.6341544465e-90
2.0000000000e-02 1.4384498883e-04 7.2751235451e-18
2.2176504808e-02 1.4384498883e-04 1.2607644163e-17
2.4589868274e-02 1.4384498883e-04 2.1530504928e-17
2.7265866600e-02 1.4384498883e-04 3.6248234192e-17
3.0233081086e-02 1.4384498883e-04 6.0098364534e-17
3.3523203403e-02 1.4384498883e-04 9.7838344484e-17
3.7171374071e-02 1.4384498883e-04 1.5583173989e-16
4.1216557790e-02 1.4384498883e-04 2.4204538782e-16
4.5701959599e-02 1.4384498883e-04 3.6571689520e-16
5.0675486338e-02 1.4384498883e-04 5.3608655438e-16
5.6190258320e-02 1.4384498883e-04 7.5959795459e-16
6.2305176688e-02 1.4384498883e-04 1.0351063647e-15
6.9085552518e-02 1.4384498883e-04 1.3472887001e-15
7.6603804377e-02 1.4384498883e-04 1.6586487842e-15
8.4940231802e-02 1.4384498883e-04 1.9048372518e-15
9.4183872945e-02 1.4384498883e-04 1.9988202606e-15
1.0443345556e-01 1.4384498883e-04 1.8585025513e-15
1.1579845146e-01 1.4384498883e-04 1.4610730975e-15
1.2840024578e-01 1.4384498883e-04 9.0106335524e-16
1.4237343339e-01 1.4384498883e-04 3.9067332052e-16
1.5786725650e-01 1.4384498883e-04 1.0032476308e-16
1.7504719864e-01 1.4384498883e-04 1.1858885252e-17
1.9409675211e-01 1.4384498883e-04 4.3911088239e-19
2.1521937781e-01 1.4384498883e-04 2.9052526573e-21
2.3864067833e-01 1.4384498883e-04 1.5045711625e-24
2.6461080752e-01 1.4384498883e-04 1.7667949136e-29
2.9340714225e-01 1.4384498883e-04 7.0155899237e-37
3.2533724503e-01 1.4384498883e-04 5.5242428850e-48
3.6074214893e-01 1.4384498883e-04 9.5984755106e-65
4.0000000000e-01 1.4384498883e-04 5.4904619919e-90
2.0000000000e-02 2.6366508987e-04 2.4443093122e-17
2.2176504808e-02 2.6366508987e-04 4.2359393405e-17
2.4589868274e-02 2.6366508987e-04 7.2338584170e-17
2.7265866600e-02 2.6366508987e-04 1.2178748008e-16
3.0233081086e-02 2.6366508987e-04 2.0191958414e-16
3.3523203403e-02 2.6366508987e-04 3.2871905890e-16
3.7171374071e-02 2.6366508987e-04 5.2356632926e-16
4.1216557790e-02 2.6366508987e-04 8.1322852011e-16
4.5701959599e-02 2.6366508987e-04 1.2287423121e-15
5.0675486338e-02 2.6366508987e-04 1.8011534085e-15
5.6190258320e-02 2.6366508987e-04 2.5521110981e-15
6.2305176688e-02 2.6366508987e-04 3.4777692924e-15
6.9085552518e-02 2.6366508987e-04 4.5266452115e-15
7.6603804377e-02 2.6366508987e-04 5.5727585158e-15
8.4940231802e-02 2.6366508987e-04 6.3999070310e-15
9.4183872945e-02 2.6366508987e-04 6.7156728625e-15
1.0443345556e-01 2.6366508987e-04 6.2442308571e-15
1.1579845146e-01 2.6366508987e-04 4.9089401106e-15
1.2840024578e-01 2.6366508987e-04 3.0274091380e-15
1.4237343339e-01 2.6366508987e-04 1.3125913663e-15
1.5786725650e-01 2.6366508987e-04 3.3707297355e-16
1.7504719864e-01 2.6366508987e-04 3.9843699523e-17
1.9409675211e-01 2.6366508987e-04 1.4753327723e-18
2.1521937781e-01 2.6366508987e-04 9.7611210043e-21
2.3864067833e-01 2.6366508987e-04 5.0550857049e-24
2.6461080752e-01 2.6366508987e-04 5.9361098589e-29
2.9340714225e-01 2.6366508987e-04 2.3571107315e-36
3.2533724503e-01 2.6366508987e-04 1.8560452263e-47
3.6074214893e-01 2.6366508987e-04 3.2249133541e-64
4.0000000000e-01 2.6366508987e-04 1.8446954600e-89
2.0000000000e-02 4.8329302386e-04 8.2124351244e-17
2.2176504808e-02 4.8329302386e-04 1.4231986456e-16
2.4589868274e-02 4.8329302386e-04 2.4304449790e-16
2.7265866600e-02 4.8329302386e-04 4.0918380263e-16
3.0233081086e-02 4.8329302386e-04 6.7841311114e-16
3.3523203403e-02 4.8329302386e-04 1.1044363051e-15
3.7171374071e-02 4.8329302386e-04 1.7590877271e-15
4.1216557790e-02 4.8329302386e-04 2.7323000528e-15
4.5701959599e-02 4.8329302386e-04 4.1283508894e-15
5.0675486338e-02 4.8329302386e-04 6.0515481581e-15
5.6190258320e-02 4.8329302386e-04 8.5746295359e-15
6.2305176688e-02 4.8329302386e-04 1.1684672864e-14
6.9085552518e-02 4.8329302386e-04 1.5208705357e-14
7.6603804377e-02 4.8329302386e-04 1.8723455966e-14
8.4940231802e-02 4.8329302386e-04 2.1502524673e-14
9.4183872945e-02 4.8329302386e-04 2.2563440488e-14
1.0443345556e-01 4.8329302386e-04 2.0979481017e-14
1.1579845146e-01 4.8329302386e-04 1.6493146750e-14
1.2840024578e-01 4.8329302386e-04 1.0171544582e-14
1.4237343339e-01 4.8329302386e-04 4.4100684748e-15
1.5786725650e-01 4.8329302386e-04 1.1325039404e-15
1.7504719864e-01 4.8329302386e-04 1.3386759025e-16
1.9409675211e-01 4.8329302386e-04 4.9568500269e-18
2.1521937781e-01 4.8329302386e-04 3.2795592845e-20
2.3864067833e-01 4.8329302386e-04 1.6984169390e-23
2.6461080752e-01 4.8329302386e-04 1.9944250453e-28
2.9340714225e-01 4.8329302386e-04 7.9194637383e-36
3.2533724503e-01 4.8329302386e-04 6.2359746915e-47
3.6074214893e-01 4.8329302386e-04 1.0835122859e-63
4.0000000000e-01 4.8329302386e-04 6.1978415393e-89
2.0000000000e-02 8.8586679041e-04 2.7592289706e-16
2.2176504808e-02 8.8586679041e-04 4.7816888344e-16
2.4589868274e-02 8.8586679041e-04 8.1658534841e-16
2.7265866600e-02 8.8586679041e-04 1.3747832225e-15
3.0233081086e-02 8.8586679041e-04 2.2793447765e-15
3.3523203403e-02 8.8586679041e-04 3.7107052940e-15
3.7171374071e-02 8.8586679041e-04 5.9102151128e-15
4.1216557790e-02 8.8586679041e-04 9.1800316810e-15
4.5701959599e-02 8.8586679041e-04 1.3870508810e-14
5.0675486338e-02 8.8586679041e-04 2.0332102162e-14
5.6190258320e-02 8.8586679041e-04 2.8809197113e-14
6.2305176688e-02 8.8586679041e-04 3.9258377558e-14
6.9085552518e-02 8.8586679041e-04 5.1098486369e-14
7.6603804377e-02 8.8586679041e-04 6.2907409738e-14
8.4940231802e-02 8.8586679041e-04 7.2244575599e-14
9.4183872945e-02 8.8586679041e-04 7.5809059954e-14
1.0443345556e-01 8.8586679041e-04 7.0487243959e-14
1.1579845146e-01 8.8586679041e-04 5.5413976049e-14
1.2840024578e-01 8.8586679041e-04 3.4174541487e-14
1.4237343339e-01 8.8586679041e-04 1.4817028705e-14
1.5786725650e-01 8.8586679041e-04 3.8050074481e-15
1.7504719864e-01 8.8586679041e-04 4.4977077767e-16
1.9409675211e-01 8.8586679041e-04 1.6654115363e-17
2.1521937781e-01 8.8586679041e-04 1.1018723255e-19
2.3864067833e-01 8.8586679041e-04 5.7063722894e-23
2.6461080752e-01 8.8586679041e-04 6.7009057379e-28
2.9340714225e-01 8.8586679041e-04 2.6607959086e-35
3.2533724503e-01 8.8586679041e-04 2.0951741801e-46
3.6074214893e-01 8.8586679041e-04 3.6404043915e-63
4.0000000000e-01 8.8586679041e-04 2.0823621339e-88
2.0000000000e-02 1.6237767392e-03 9.2705079514e-16
2.2176504808e-02 1.6237767392e-03 1.6065605585e-15
2.4589868274e-02 1.6237767392e-03 2.7435783859e-15
2.7265866600e-02 1.6237767392e-03 4.6190218107e-15
3.0233081086e-02 1.6237767392e-03 7.6581842607e-15
3.3523203403e-02 1.6237767392e-03 1.2467295502e-14
3.7171374071e-02 1.6237767392e-03 1.9857248812e-14
4.1216557790e-02 1.6237767392e-03 3.0843238311e-14
4.5701959599e-02 1.6237767392e-03 4.6602389141e-14
5.0675486338e-02 1.6237767392e-03 6.8312168642e-14
5.6190258320e-02 1.6237767392e-03 9.6793667272e-14
6.2305176688e-02 1.6237767392e-03 1.3190101481e-13
6.9085552518e-02 1.6237767392e-03 1.7168162890e-13
7.6603804377e-02 1.6237767392e-03 2.1135746558e-13
8.4940231802e-02 1.6237767392e-03 2.4272864618e-13
9.4183872945e-02 1.6237767392e-03 2.5470466590e-13
1.0443345556e-01 1.6237767392e-03 2.3682433120e-13
1.1579845146e-01 1.6237767392e-03 1.8618089004e-13
1.2840024578e-01 1.6237767392e-03 1.1482024941e-13
1.4237343339e-01 1.6237767392e-03 4.9782523992e-14
1.5786725650e-01 1.6237767392e-03 1.2784133604e-14
1.7504719864e-01 1.6237767392e-03 1.5111480834e-15
1.9409675211e-01 1.6237767392e-03 5.5954801338e-17
2.1521937781e-01 1.6237767392e-03 3.7020907884e-19
2.3864067833e-01 1.6237767392e-03 1.9172373966e-22
2.6461080752e-01 1.6237767392e-03 2.2513825633e-27
2.9340714225e-01 1.6237767392e-03 8.9397907497e-35
3.2533724503e-01 1.6237767392e-03 7.0394045233e-46
3.6074214893e-01 1.6237767392e-03 1.2231097244e-62
4.0000000000e-01 1.6237767392e-03 6.9963583762e-88
2.0000000000e-02 2.9763514416e-03 3.1147222138e-15
2.2176504808e-02 2.9763514416e-03 5.3977515425e-15
2.4589868274e-02 2.9763514416e-03 9.2179248308e-15
2.7265866600e-02 2.9763514416e-03 1.5519073944e-14
3.0233081086e-02 2.9763514416e-03 2.5730107519e-14
3.3523203403e-02 2.9763514416e-03 4.1887847408e-14
3.7171374071e-02 2.9763514416e-03 6.6716747673e-14
4.1216557790e-02 2.9763514416e-03 1.0362767608e-13
4.5701959599e-02 2.9763514416e-03 1.5657555922e-13
5.0675486338e-02 2.9763514416e-03 2.2951647338e-13
5.6190258320e-02 2.9763514416e-03 3.2520913330e-13
6.2305176688e-02 2.9763514416e-03 4.4316344154e-13
6.9085552518e-02 2.9763514416e-03 5.7681907621e-13
7.6603804377e-02 2.9763514416e-03 7.1012267780e-13
8.4940231802e-02 2.9763514416e-03 8.1552414405e-13
9.4183872945e-02 2.9763514416e-03 8.5576139409e-13
1.0443345556e-01 2.9763514416e-03 7.9568671861e-13
1.1579845146e-01 2.9763514416e-03 6.2553395893e-13
1.2840024578e-01 2.9763514416e-03 3.8577517361e-13
1.4237343339e-01 2.9763514416e-03 1.6726023445e-13
1.5786725650e-01 2.9763514416e-03 4.2952365855e-14
1.7504719864e-01 2.9763514416e-03 5.0771829640e-15
1.9409675211e-01 2.9763514416e-03 1.8799796474e-16
2.1521937781e-01 2.9763514416e-03 1.2438352328e-18
2.3864067833e-01 2.9763514416e-03 6.4415692644e-22
2.6461080752e-01 2.9763514416e-03 7.5642363056e-27
2.9340714225e-01 2.9763514416e-03 3.0036072436e-34
3.2533724503e-01 2.9763514416e-03 2.3651120042e-45
3.6074214893e-01 2.9763514416e-03 4.1094264182e-62
4.0000000000e-01 2.9763514416e-03 2.3506492810e-87
2.0000000000e-02 5.4555947812e-03 1.0464900651e-14
2.2176504808e-02 5.4555947812e-03 1.8135464337e-14
2.4589868274e-02 5.4555947812e-03 3.0970552408e-14
2.7265866600e-02 5.4555947812e-03 5.2141268424e-14
3.0233081086e-02 5.4555947812e-03 8.6448485750e-14
3.3523203403e-02 5.4555947812e-03 1.4073555569e-13
3.7171374071e-02 5.4555947812e-03 2.2415614883e-13
4.1216557790e-02 5.4555947812e-03 3.4817016107e-13
4.5701959599e-02 5.4555947812e-03 5.2606542705e-13
5.0675486338e-02 5.4555947812e-03 7.7113364427e-13
5.6190258320e-02 5.4555947812e-03 1.0926435929e-12
6.2305176688e-02 5.4555947812e-03 1.4889486347e-12
6.9085552518e-02 5.4555947812e-03 1.9380072801e-12
7.6603804377e-02 5.4555947812e-03 2.3858831584e-12
8.4940231802e-02 5.4555947812e-03 2.7400129321e-12
9.4183872945e-02 5.4555947812e-03 2.8752027805e-12
1.0443345556e-01 5.4555947812e-03 2.6733627873e-12
1.1579845146e-01 5.4555947812e-03 2.1016804339e-12
1.2840024578e-01 5.4555947812e-03 1.2961344827e-12
1.4237343339e-01 5.4555947812e-03 5.6196399426e-13
1.5786725650e-01 5.4555947812e-03 1.4431214424e-13
1.7504719864e-01 5.4555947812e-03 1.7058412165e-14
1.9409675211e-01 5.4555947812e-03 6.3163899971e-16
2.1521937781e-01 5.4555947812e-03 4.1790603604e-18
2.3864067833e-01 5.4555947812e-03 2.1642502207e-21
2.6461080752e-01 5.4555947812e-03 2.5414459461e-26
2.9340714225e-01 5.4555947812e-03 1.0091574542e-33
3.2533724503e-01 5.4555947812e-03 7.9463465608e-45
3.6074214893e-01 5.4555947812e-03 1.3806926026e-61
4.0000000000e-01 5.4555947812e-03 7.8977544389e-87
2.0000000000e-02 1.0000000000e-02 3.5160164570e-14
2.2176504808e-02 1.0000000000e-02 6.0931864711e-14
2.4589868274e-02 1.0000000000e-02 1.0405542832e-13
2.7265866600e-02 1.0000000000e-02 1.7518518712e-13
3.0233081086e-02 1.0000000000e-02 2.9045120324e-13
3.3523203403e-02 1.0000000000e-02 4.7284589355e-13
3.7171374071e-02 1.0000000000e-02 7.5312392783e-13
4.1216557790e-02 1.0000000000e-02 1.1697884739e-12
4.5701959599e-02 1.0000000000e-02 1.7674842416e-12
5.0675486338e-02 1.0000000000e-02 2.5908689192e-12
5.6190258320e-02 1.0000000000e-02 3.6710839239e-12
6.2305176688e-02 1.0000000000e-02 5.0025968502e-12
6.9085552518e-02 1.0000000000e-02 6.5113522987e-12
7.6603804377e-02 1.0000000000e-02 8.0161338645e-12
8.4940231802e-02 1.0000000000e-02 9.2059455538e-12
9.4183872945e-02 1.0000000000e-02 9.6601588789e-12
1.0443345556e-01 1.0000000000e-02 8.9820131788e-12
1.1579845146e-01 1.0000000000e-02 7.0612643537e-12
1.2840024578e-01 1.0000000000e-02 4.3547763364e-12
1.4237343339e-01 1.0000000000e-02 1.8880969042e-12
1.5786725650e-01 1.0000000000e-02 4.8486258115e-13
1.7504719864e-01 1.0000000000e-02 5.7313165128e-14
1.9409675211e-01 1.0000000000e-02 2.1221922616e-15
2.1521937781e-01 1.0000000000e-02 1.4040883418e-17
2.3864067833e-01 1.0000000000e-02 7.2714874676e-21
2.6461080752e-01 1.0000000000e-02 8.5387965634e-26
2.9340714225e-01 1.0000000000e-02 3.3905856683e-33
3.2533724503e-01 1.0000000000e-02 2.6698280484e-44
3.6074214893e-01 1.0000000000e-02 4.6388762539e-61
4.0000000000e-01 1.0000000000e-02 2.6535019784e-86
