2.0000000000e-02 1.0000000000e-07 3.9759619421e-24
2.2176504808e-02 1.0000000000e-07 1.1262259839e-24
2.4589868274e-02 1.0000000000e-07 1.9747330381e-24
2.7265866600e-02 1.0000000000e-07 3.3751635362e-24
3.0233081086e-02 1.0000000000e-07 5.5665569709e-24
3.3523203403e-02 1.0000000000e-07 8.7678281578e-24
3.7171374071e-02 1.0000000000e-07 1.3073212211e-23
4.1216557790e-02 1.0000000000e-07 1.8318693734e-23
4.5701959599e-02 1.0000000000e-07 2.3978930167e-23
5.0675486338e-02 1.0000000000e-07 2.9071274549e-23
5.6190258320e-02 1.0000000000e-07 3.2244524747e-23
6.2305176688e-02 1.0000000000e-07 3.2211193256e-23
6.9085552518e-02 1.0000000000e-07 2.8343944244e-23
7.6603804377e-02 1.0000000000e-07 2.1143073375e-23
8.4940231802e-02 1.0000000000e-07 1.2535996889e-23
9.4183872945e-02 1.0000000000e-07 5.3193396452e-24
1.0443345556e-01 1.0000000000e-07 1.3655846750e-24
1.1579845146e-01 1.0000000000e-07 1.6340902358e-25
1.2840024578e-01 1.0000000000e-07 6.1345849794e-27
1.4237343339e-01 1.0000000000e-07 3.9672748964e-29
1.5786725650e-01 1.0000000000e-07 1.8281371296e-32
1.7504719864e-01 1.0000000000e-07 1.5333632735e-37
1.9409675211e-01 1.0000000000e-07 3.1065096105e-45
2.1521937781e-01 1.0000000000e-07 6.8614121457e-57
2.3864067833e-01 1.0000000000e-07 1.8641424317e-74
2.6461080752e-01 1.0000000000e-07 5.4350946744e-101
2.9340714225e-01 1.0000000000e-07 4.6042525882e-141
3.2533724503e-01 1.0000000000e-07 1.2776719243e-201
3.6074214893e-01 1.0000000000e-07 4.9194194655e-293
4.0000000000e-01 1.0000000000e-07 1.0000000000e-300
2.0000000000e-02 1.8329807108e-07 1.3358509639e-23
2.2176504808e-02 1.8329807108e-07 3.7839146552e-24
2.4589868274e-02 1.8329807108e-07 6.6347441721e-24
2.7265866600e-02 1.8329807108e-07 1.1339936168e-23
3.0233081086e-02 1.8329807108e-07 1.8702619903e-23
3.3523203403e-02 1.8329807108e-07 2.9458309376e-23
3.7171374071e-02 1.8329807108e-07 4.3923617447e-23
4.1216557790e-02 1.8329807108e-07 6.1547482189e-23
4.5701959599e-02 1.8329807108e-07 8.0564848061e-23
5.0675486338e-02 1.8329807108e-07 9.7674199834e-23
5.6190258320e-02 1.8329807108e-07 1.0833574388e-22
6.2305176688e-02 1.8329807108e-07 1.0822375613e-22
6.9085552518e-02 1.8329807108e-07 9.5230502176e-23
7.6603804377e-02 1.8329807108e-07 7.1036884553e-23
8.4940231802e-02 1.8329807108e-07 4.2118671584e-23
9.4183872945e-02 1.8329807108e-07 1.7872014611e-23
1.0443345556e-01 1.8329807108e-07 4.5881163627e-24
1.1579845146e-01 1.8329807108e-07 5.4902462555e-25
1.2840024578e-01 1.8329807108e-07 2.0611090793e-26
1.4237343339e-01 1.8329807108e-07 1.3329322744e-28
1.5786725650e-01 1.8329807108e-07 6.1422085578e-32
1.7504719864e-01 1.8329807108e-07 5.1518219657e-37
1.9409675211e-01 1.8329807108e-07 1.0437307796e-44
2.1521937781e-01 1.8329807108e-07 2.3053097997e-56
2.3864067833e-01 1.8329807108e-07 6.2631798304e-74
2.6461080752e-01 1.8329807108e-07 1.8260930475e-100
2.9340714225e-01 1.8329807108e-07 1.5469452040e-140
3.2533724503e-01 1.8329807108e-07 4.2927454950e-201
3.6074214893e-01 1.8329807108e-07 1.6528355478e-292
4.0000000000e-01 1.8329807108e-07 1.0000000000e-300
2.0000000000e-02 3.3598182863e-07 4.4882164961e-23
2.2176504808e-02 3.3598182863e-07 1.2713265652e-23
2.4589868274e-02 3.3598182863e-07 2.2291534794e-23
2.7265866600e-02 3.3598182863e-07 3.8100124903e-23
3.0233081086e-02 3.3598182863e-07 6.2837404350e-23
3.3523203403e-02 3.3598182863e-07 9.8974566523e-23
3.7171374071e-02 3.3598182863e-07 1.4757537310e-22
4.1216557790e-02 3.3598182863e-07 2.0678835613e-22
4.5701959599e-02 3.3598182863e-07 2.7068324975e-22
5.0675486338e-02 3.3598182863e-07 3.2816756270e-22
5.6190258320e-02 3.3598182863e-07 3.6398841334e-22
6.2305176688e-02 3.3598182863e-07 3.6361215484e-22
6.9085552518e-02 3.3598182863e-07 3.1995718262e-22
7.6603804377e-02 3.3598182863e-07 2.3867102372e-22
8.4940231802e-02 3.3598182863e-07 1.4151108298e-22
9.4183872945e-02 3.3598182863e-07 6.0046721503e-23
1.0443345556e-01 3.3598182863e-07 1.5415237255e-23
1.1579845146e-01 3.3598182863e-07 1.8446229766e-24
1.2840024578e-01 3.3598182863e-07 6.9249519745e-26
1.4237343339e-01 3.3598182863e-07 4.4784102298e-28
1.5786725650e-01 3.3598182863e-07 2.0636704631e-31
1.7504719864e-01 3.3598182863e-07 1.7309185648e-36
1.9409675211e-01 3.3598182863e-07 3.5067457592e-44
2.1521937781e-01 3.3598182863e-07 7.7454220205e-56
2.3864067833e-01 3.3598182863e-07 2.1043146124e-73
2.6461080752e-01 3.3598182863e-07 6.1353408133e-100
2.9340714225e-01 3.3598182863e-07 5.1974547844e-140
3.2533724503e-01 3.3598182863e-07 1.4422844813e-200
3.6074214893e-01 3.3598182863e-07 5.5532270978e-292
4.0000000000e-01 3.3598182863e-07 1.0000000000e-300
2.0000000000e-02 6.1584821107e-07 2.3921799448e-23
2.2176504808e-02 6.1584821107e-07 4.2714262417e-23
2.4589868274e-02 6.1584821107e-07 7.4895506231e-23
2.7265866600e-02 6.1584821107e-07 1.2800949636e-22
3.0233081086e-02 6.1584821107e-07 2.1112226020e-22
3.3523203403e-02 6.1584821107e-07 3.3253655848e-22
3.7171374071e-02 6.1584821107e-07 4.9582643714e-22
4.1216557790e-02 6.1584821107e-07 6.9477130033e-22
4.5701959599e-02 6.1584821107e-07 9.0944653229e-22
5.0675486338e-02 6.1584821107e-07 1.1025833781e-21
5.6190258320e-02 6.1584821107e-07 1.2229349271e-21
6.2305176688e-02 6.1584821107e-07 1.2216707669e-21
6.9085552518e-02 6.1584821107e-07 1.0749979930e-21
7.6603804377e-02 6.1584821107e-07 8.0189126990e-22
8.4940231802e-02 6.1584821107e-07 4.7545152432e-22
9.4183872945e-02 6.1584821107e-07 2.0174607294e-22
1.0443345556e-01 6.1584821107e-07 5.1792396016e-23
1.1579845146e-01 6.1584821107e-07 6.1975980079e-24
1.2840024578e-01 6.1584821107e-07 2.3266580276e-25
1.4237343339e-01 6.1584821107e-07 1.5046644584e-27
1.5786725650e-01 6.1584821107e-07 6.9335577586e-31
1.7504719864e-01 6.1584821107e-07 5.8155718461e-36
1.9409675211e-01 6.1584821107e-07 1.1782028527e-43
2.1521937781e-01 6.1584821107e-07 2.6023210540e-55
2.3864067833e-01 6.1584821107e-07 7.0701147150e-73
2.6461080752e-01 6.1584821107e-07 2.0613630257e-99
2.9340714225e-01 6.1584821107e-07 1.7462503627e-139
3.2533724503e-01 6.1584821107e-07 4.8458137742e-200
3.6074214893e-01 6.1584821107e-07 1.8657833951e-291
4.0000000000e-01 6.1584821107e-07 1.0000000000e-300
2.0000000000e-02 1.1288378917e-06 8.0372899228e-23
2.2176504808e-02 1.1288378917e-06 1.4351215995e-22
2.4589868274e-02 1.1288378917e-06 2.5163529139e-22
2.7265866600e-02 1.1288378917e-06 4.3008864668e-22
3.0233081086e-02 1.1288378917e-06 7.0933243046e-22
3.3523203403e-02 1.1288378917e-06 1.1172624100e-21
3.7171374071e-02 1.1288378917e-06 1.6658867303e-21
4.1216557790e-02 1.1288378917e-06 2.3343053196e-21
4.5701959599e-02 1.1288378917e-06 3.0555750896e-21
5.0675486338e-02 1.1288378917e-06 3.7044797960e-21
5.6190258320e-02 1.1288378917e-06 4.1088391311e-21
6.2305176688e-02 1.1288378917e-06 4.1045917826e-21
6.9085552518e-02 1.1288378917e-06 3.6117979146e-21
7.6603804377e-02 1.1288378917e-06 2.6942089522e-21
8.4940231802e-02 1.1288378917e-06 1.5974307256e-21
9.4183872945e-02 1.1288378917e-06 6.7783014503e-22
1.0443345556e-01 1.1288378917e-06 1.7401303923e-22
1.1579845146e-01 1.1288378917e-06 2.0822803118e-23
1.2840024578e-01 1.1288378917e-06 7.8171481869e-25
1.4237343339e-01 1.1288378917e-06 5.0553991619e-27
1.5786725650e-01 1.1288378917e-06 2.3295494146e-30
1.7504719864e-01 1.1288378917e-06 1.9539264634e-35
1.9409675211e-01 1.1288378917e-06 3.9585474895e-43
2.1521937781e-01 1.1288378917e-06 8.7433258639e-55
2.3864067833e-01 1.1288378917e-06 2.3754300705e-72
2.6461080752e-01 1.1288378917e-06 6.9258051885e-99
2.9340714225e-01 1.1288378917e-06 5.8670839010e-139
3.2533724503e-01 1.1288378917e-06 1.6281053730e-199
3.6074214893e-01 1.1288378917e-06 6.2686931691e-291
4.0000000000e-01 1.1288378917e-06 1.0000000000e-300
2.0000000000e-02 2.0691380811e-06 2.7003833655e-22
2.2176504808e-02 2.0691380811e-06 4.8217477931e-22
2.4589868274e-02 2.0691380811e-06 8.4544885350e-22
2.7265866600e-02 2.0691380811e-06 1.4450196998e-21
3.0233081086e-02 2.0691380811e-06 2.3832280709e-21
3.3523203403e-02 2.0691380811e-06 2.5279737157e-20
3.7171374071e-02 2.0691380811e-06 5.5970766994e-21
4.1216557790e-02 2.0691380811e-06 7.8428416987e-21
4.5701959599e-02 2.0691380811e-06 1.0266177061e-20
5.0675486338e-02 2.0691380811e-06 1.2446378960e-20
5.6190258320e-02 2.0691380811e-06 1.3804952848e-20
6.2305176688e-02 2.0691380811e-06 1.3790682529e-20
6.9085552518e-02 2.0691380811e-06 1.2134984680e-20
7.6603804377e-02 2.0691380811e-06 9.0520525048e-21
8.4940231802e-02 2.0691380811e-06 5.3670769631e-21
9.4183872945e-02 2.0691380811e-06 2.2773861163e-21
1.0443345556e-01 2.0691380811e-06 5.8465219124e-22
1.1579845146e-01 2.0691380811e-06 6.9960834688e-23
1.2840024578e-01 2.0691380811e-06 2.6264197425e-24
1.4237343339e-01 2.0691380811e-06 1.6985222549e-26
1.5786725650e-01 2.0691380811e-06 7.8268627221e-30
1.7504719864e-01 2.0691380811e-06 6.5648378617e-35
1.9409675211e-01 2.0691380811e-06 1.3300000242e-42
2.1521937781e-01 2.0691380811e-06 2.9375986120e-54
2.3864067833e-01 2.0691380811e-06 7.9810133888e-72
2.6461080752e-01 2.0691380811e-06 2.3269446920e-98
2.9340714225e-01 2.0691380811e-06 1.9712335778e-138
3.2533724503e-01 2.0691380811e-06 5.4701382043e-199
3.6074214893e-01 2.0691380811e-06 2.1061669941e-290
4.0000000000e-01 2.0691380811e-06 1.0000000000e-300
2.0000000000e-02 3.7926901907e-06 9.0727974113e-22
2.2176504808e-02 3.7926901907e-06 1.6200196407e-21
2.4589868274e-02 3.7926901907e-06 2.8405545181e-21
2.7265866600e-02 3.7926901907e-06 4.8550036116e-21
3.0233081086e-02 3.7926901907e-06 8.0072132530e-21
3.3523203403e-02 3.7926901907e-06 1.2612081434e-20
3.7171374071e-02 3.7926901907e-06 1.8805160644e-20
4.1216557790e-02 3.7926901907e-06 2.6350522956e-20
4.5701959599e-02 3.7926901907e-06 3.4492489420e-20
5.0675486338e-02 3.7926901907e-06 4.1817571627e-20
5.6190258320e-02 3.7926901907e-06 4.6382133020e-20
6.2305176688e-02 3.7926901907e-06 4.6334187341e-20
6.9085552518e-02 3.7926901907e-06 4.0771343431e-20
7.6603804377e-02 3.7926901907e-06 3.0413251534e-20
8.4940231802e-02 3.7926901907e-06 1.8032403324e-20
9.4183872945e-02 3.7926901907e-06 7.6516035184e-21
1.0443345556e-01 3.7926901907e-06 1.9643251233e-21
1.1579845146e-01 3.7926901907e-06 2.3505569171e-22
1.2840024578e-01 3.7926901907e-06 8.8242930783e-24
1.4237343339e-01 3.7926901907e-06 5.7067261315e-26
1.5786725650e-01 3.7926901907e-06 2.6296836498e-29
1.7504719864e-01 3.7926901907e-06 2.2056662294e-34
1.9409675211e-01 3.7926901907e-06 4.4685584021e-42
2.1521937781e-01 3.7926901907e-06 9.8697975345e-54
2.3864067833e-01 3.7926901907e-06 2.6814754727e-71
2.6461080752e-01 3.7926901907e-06 7.8181113272e-98
2.9340714225e-01 3.7926901907e-06 6.6229866211e-138
3.2533724503e-01 3.7926901907e-06 1.8378670367e-198
3.6074214893e-01 3.7926901907e-06 7.0763383806e-290
4.0000000000e-01 3.7926901907e-06 1.0000000000e-300
2.0000000000e-02 6.9519279618e-06 3.0482950650e-21
2.2176504808e-02 6.9519279618e-06 5.4429716130e-21
2.4589868274e-02 6.9519279618e-06 9.5437470132e-21
2.7265866600e-02 6.9519279618e-06 1.6311929914e-20
3.0233081086e-02 6.9519279618e-06 2.6902781510e-20
3.3523203403e-02 6.9519279618e-06 4.2374301830e-20
3.7171374071e-02 6.9519279618e-06 6.3181922609e-20
4.1216557790e-02 6.9519279618e-06 8.8532968880e-20
4.5701959599e-02 6.9519279618e-06 1.1588849669e-19
5.0675486338e-02 6.9519279618e-06 1.4049944184e-19
5.6190258320e-02 6.9519279618e-06 1.5583553868e-19
6.2305176688e-02 6.9519279618e-06 1.5567444991e-19
6.9085552518e-02 6.9519279618e-06 1.3698430522e-19
7.6603804377e-02 6.9519279618e-06 1.0218299865e-19
8.4940231802e-02 6.9519279618e-06 6.0585598435e-20
9.4183872945e-02 6.9519279618e-06 2.5707997421e-20
1.0443345556e-01 6.9519279618e-06 6.5997754693e-21
1.1579845146e-01 6.9519279618e-06 7.8974441129e-22
1.2840024578e-01 6.9519279618e-06 2.9648021248e-23
1.4237343339e-01 6.9519279618e-06 1.9173562812e-25
1.5786725650e-01 6.9519279618e-06 8.8352592138e-29
1.7504719864e-01 6.9519279618e-06 7.4106377311e-34
1.9409675211e-01 6.9519279618e-06 1.5013544233e-41
2.1521937781e-01 6.9519279618e-06 3.3160726238e-53
2.3864067833e-01 6.9519279618e-06 9.0092703273e-71
2.6461080752e-01 6.9519279618e-06 2.6267433401e-97
2.9340714225e-01 6.9519279618e-06 2.2252031559e-137
3.2533724503e-01 6.9519279618e-06 6.1748992778e-198
3.6074214893e-01 6.9519279618e-06 2.3775211091e-289
4.0000000000e-01 6.9519279618e-06 1.0000000000e-300
2.0000000000e-02 1.2742749857e-05 1.0241717501e-20
2.2176504808e-02 1.2742749857e-05 1.8287395557e-20
2.4589868274e-02 1.2742749857e-05 3.2065255734e-20
2.7265866600e-02 1.2742749857e-05 5.4805120410e-20
3.0233081086e-02 1.2742749857e-05 9.0388457268e-20
3.3523203403e-02 1.2742749857e-05 1.4236995416e-19
3.7171374071e-02 1.2742749857e-05 2.1227977895e-19
4.1216557790e-02 1.2742749857e-05 2.9745468778e-19
4.5701959599e-02 1.2742749857e-05 3.8936429036e-19
5.0675486338e-02 1.2742749857e-05 4.7205259391e-19
5.6190258320e-02 1.2742749857e-05 5.2357909250e-19
6.2305176688e-02 1.2742749857e-05 5.2303786351e-19
6.9085552518e-02 1.2742749857e-05 4.6024237360e-19
7.6603804377e-02 1.2742749857e-05 3.4331630741e-19
8.4940231802e-02 1.2742749857e-05 2.0355660151e-19
9.4183872945e-02 1.2742749857e-05 8.6374199837e-20
1.0443345556e-01 1.2742749857e-05 2.2174046307e-20
1.1579845146e-01 1.2742749857e-05 2.6533977146e-21
1.2840024578e-01 1.2742749857e-05 9.9611963941e-23
1.4237343339e-01 1.2742749857e-05 6.4419686947e-25
1.5786725650e-01 1.2742749857e-05 2.9684865470e-28
1.7504719864e-01 1.2742749857e-05 2.4898396162e-33
1.9409675211e-01 1.2742749857e-05 5.0442780455e-41
2.1521937781e-01 1.2742749857e-05 1.1141401440e-52
2.3864067833e-01 1.2742749857e-05 3.0269511192e-70
2.6461080752e-01 1.2742749857e-05 8.8253803075e-97
2.9340714225e-01 1.2742749857e-05 7.4762782540e-137
3.2533724503e-01 1.2742749857e-05 2.0746539509e-197
3.6074214893e-01 1.2742749857e-05 7.9880388984e-289
4.0000000000e-01 1.2742749857e-05 1.0000000000e-300
2.0000000000e-02 2.3357214691e-05 3.4410309744e-20
2.2176504808e-02 2.3357214691e-05 6.1442326001e-20
2.4589868274e-02 2.3357214691e-05 1.0773343257e-19
2.7265866600e-02 2.3357214691e-05 1.8413524574e-19
3.0233081086e-02 2.3357214691e-05 3.0368879160e-19
3.3523203403e-02 2.3357214691e-05 4.7833717540e-19
3.7171374071e-02 2.3357214691e-05 7.1322148311e-19
4.1216557790e-02 2.3357214691e-05 9.9939369935e-19
4.5701959599e-02 2.3357214691e-05 1.3081932628e-18
5.0675486338e-02 2.3357214691e-05 1.5860109371e-18
5.6190258320e-02 2.3357214691e-05 1.7591306093e-18
6.2305176688e-02 2.3357214691e-05 1.7573121782e-18
6.9085552518e-02 2.3357214691e-05 1.5463307430e-18
7.6603804377e-02 2.3357214691e-05 1.1534804076e-18
8.4940231802e-02 2.3357214691e-05 6.8391319204e-19
9.4183872945e-02 2.3357214691e-05 2.9020161608e-19
1.0443345556e-01 2.3357214691e-05 7.4500766264e-20
1.1579845146e-01 2.3357214691e-05 8.9149341622e-21
1.2840024578e-01 2.3357214691e-05 3.3467809798e-22
1.4237343339e-01 2.3357214691e-05 2.1643844220e-24
1.5786725650e-01 2.3357214691e-05 9.9735753833e-28
1.7504719864e-01 2.3357214691e-05 8.3654086724e-33
1.9409675211e-01 2.3357214691e-05 1.6947857618e-40
2.1521937781e-01 2.3357214691e-05 3.7433084294e-52
2.3864067833e-01 2.3357214691e-05 1.0170005722e-69
2.6461080752e-01 2.3357214691e-05 2.9651674141e-96
2.9340714225e-01 2.3357214691e-05 2.5118936391e-136
3.2533724503e-01 2.3357214691e-05 6.9704602821e-197
3.6074214893e-01 2.3357214691e-05 2.6838359162e-288
4.0000000000e-01 2.3357214691e-05 1.0000000000e-300
2.0000000000e-02 4.2813323987e-05 1.1561238792e-19
2.2176504808e-02 4.2813323987e-05 2.0643505045e-19
2.4589868274e-02 4.2813323987e-05 3.6196475680e-19
2.7265866600e-02 4.2813323987e-05 6.1866096577e-19
3.0233081086e-02 4.2813323987e-05 1.0203391553e-18
3.3523203403e-02 4.2813323987e-05 1.6071259889e-18
3.7171374071e-02 4.2813323987e-05 2.3962945811e-18
4.1216557790e-02 4.2813323987e-05 3.3577812263e-18
4.5701959599e-02 4.2813323987e-05 4.3952916463e-18
5.0675486338e-02 4.2813323987e-05 5.3287085487e-18
5.6190258320e-02 4.2813323987e-05 5.9103591891e-18
6.2305176688e-02 4.2813323987e-05 5.9042495912e-18
6.9085552518e-02 4.2813323987e-05 5.1953903068e-18
7.6603804377e-02 4.2813323987e-05 3.8754845664e-18
8.4940231802e-02 4.2813323987e-05 2.2978240489e-18
9.4183872945e-02 4.2813323987e-05 9.7502469640e-19
1.0443345556e-01 4.2813323987e-05 2.5030903684e-19
1.1579845146e-01 4.2813323987e-05 2.9952558819e-20
1.2840024578e-01 4.2813323987e-05 1.1244575936e-21
1.4237343339e-01 4.2813323987e-05 7.2719383597e-24
1.5786725650e-01 4.2813323987e-05 3.3509400953e-27
1.7504719864e-01 4.2813323987e-05 2.8106253030e-32
1.9409675211e-01 4.2813323987e-05 5.6941721940e-40
2.1521937781e-01 4.2813323987e-05 1.2576836112e-51
2.3864067833e-01 4.2813323987e-05 3.4169371196e-69
2.6461080752e-01 4.2813323987e-05 9.9624236997e-96
2.9340714225e-01 4.2813323987e-05 8.4395061819e-136
3.2533724503e-01 4.2813323987e-05 2.3419479920e-196
3.6074214893e-01 4.2813323987e-05 9.0172009888e-288
4.0000000000e-01 4.2813323987e-05 1.0000000000e-300
2.0000000000e-02 7.8475997035e-05 3.8843661504e-19
2.2176504808e-02 7.8475997035e-05 6.9358425744e-19
2.4589868274e-02 7.8475997035e-05 1.2161358089e-18
2.7265866600e-02 7.8475997035e-05 2.0785884258e-18
3.0233081086e-02 7.8475997035e-05 3.4281541524e-18
3.3523203403e-02 7.8475997035e-05 5.3996512859e-18
3.7171374071e-02 7.8475997035e-05 8.0511143530e-18
4.1216557790e-02 7.8475997035e-05 1.1281534765e-17
4.5701959599e-02 7.8475997035e-05 1.4767381247e-17
5.0675486338e-02 7.8475997035e-05 1.7903492424e-17
5.6190258320e-02 7.8475997035e-05 1.9857732882e-17
6.2305176688e-02 7.8475997035e-05 1.9837205743e-17
6.9085552518e-02 7.8475997035e-05 1.7455567357e-17
7.6603804377e-02 7.8475997035e-05 1.3020923914e-17
8.4940231802e-02 7.8475997035e-05 7.7202712580e-18
9.4183872945e-02 7.8475997035e-05 3.2759058046e-18
1.0443345556e-01 7.8475997035e-05 8.4099287918e-19
1.1579845146e-01 7.8475997035e-05 1.0063515484e-19
1.2840024578e-01 7.8475997035e-05 3.7779731852e-21
1.4237343339e-01 7.8475997035e-05 2.4432391478e-23
1.5786725650e-01 7.8475997035e-05 1.1258549808e-26
1.7504719864e-01 7.8475997035e-05 9.4431902888e-32
1.9409675211e-01 7.8475997035e-05 1.9131383863e-39
2.1521937781e-01 7.8475997035e-05 4.2255883953e-51
2.3864067833e-01 7.8475997035e-05 1.1480287818e-68
2.6461080752e-01 7.8475997035e-05 3.3471933322e-95
2.9340714225e-01 7.8475997035e-05 2.8355207197e-135
3.2533724503e-01 7.8475997035e-05 7.8685196889e-196
3.6074214893e-01 7.8475997035e-05 3.0296156773e-287
4.0000000000e-01 7.8475997035e-05 1.0000000000e-300
2.0000000000e-02 1.4384498883e-04 1.3050764423e-18
2.2176504808e-02 1.4384498883e-04 2.3303170712e-18
2.4589868274e-02 1.4384498883e-04 4.0859953293e-18
2.7265866600e-02 1.4384498883e-04 6.9836794027e-18
3.0233081086e-02 1.4384498883e-04 1.1517975009e-17
3.3523203403e-02 1.4384498883e-04 1.8141847130e-17
3.7171374071e-02 1.4384498883e-04 2.7050281228e-17
4.1216557790e-02 1.4384498883e-04 3.7903906802e-17
4.5701959599e-02 1.4384498883e-04 4.9615717553e-17
5.0675486338e-02 1.4384498883e-04 6.0152481235e-17
5.6190258320e-02 1.4384498883e-04 6.6718374061e-17
6.2305176688e-02 1.4384498883e-04 6.6649406605e-17
6.9085552518e-02 1.4384498883e-04 5.8647534404e-17
7.6603804377e-02 1.4384498883e-04 4.3747938272e-17
8.4940231802e-02 1.4384498883e-04 2.5938708548e-17
9.4183872945e-02 1.4384498883e-04 1.1006448226e-17
1.0443345556e-01 1.4384498883e-04 2.8255832541e-18
1.1579845146e-01 1.4384498883e-04 3.3811583348e-19
1.2840024578e-01 1.4384498883e-04 1.2693303393e-20
1.4237343339e-01 1.4384498883e-04 8.2088395664e-23
1.5786725650e-01 1.4384498883e-04 3.7826681523e-26
1.7504719864e-01 1.4384498883e-04 3.1727403413e-31
1.9409675211e-01 1.4384498883e-04 6.4277973343e-39
2.1521937781e-01 1.4384498883e-04 1.4197209161e-50
2.3864067833e-01 1.4384498883e-04 3.8571680941e-68
2.6461080752e-01 1.4384498883e-04 1.1245961365e-94
2.9340714225e-01 1.4384498883e-04 9.5268343653e-135
3.2533724503e-01 1.4384498883e-04 4.6353153432e-197
3.6074214893e-01 1.4384498883e-04 1.0178958153e-286
4.0000000000e-01 1.4384498883e-04 1.0000000000e-300
2.0000000000e-02 2.6366508987e-04 4.3848196957e-18
2.2176504808e-02 2.6366508987e-04 7.8294419087e-18
2.4589868274e-02 2.6366508987e-04 1.3728201825e-17
2.7265866600e-02 2.6366508987e-04 2.3463893763e-17
3.0233081086e-02 2.6366508987e-04 3.8698303057e-17
3.3523203403e-02 2.6366508987e-04 6.0953309734e-17
3.7171374071e-02 2.6366508987e-04 9.0884029519e-17
4.1216557790e-02 2.6366508987e-04 1.2735023919e-16
4.5701959599e-02 2.6366508987e-04 1.6669979512e-16
5.0675486338e-02 2.6366508987e-04 2.0210140642e-16
5.6190258320e-02 2.6366508987e-04 2.2416161320e-16
6.2305176688e-02 2.6366508987e-04 2.2392989508e-16
6.9085552518e-02 2.6366508987e-04 1.9704505854e-16
7.6603804377e-02 2.6366508987e-04 1.4698512299e-16
8.4940231802e-02 2.6366508987e-04 8.7149347301e-17
9.4183872945e-02 2.6366508987e-04 3.6979666018e-17
1.0443345556e-01 2.6366508987e-04 9.4934462866e-18
1.1579845146e-01 2.6366508987e-04 1.1360077602e-18
1.2840024578e-01 2.6366508987e-04 4.2647192852e-20
1.4237343339e-01 2.6366508987e-04 2.7580209284e-22
1.5786725650e-01 2.6366508987e-04 1.2709077629e-25
1.7504719864e-01 2.6366508987e-04 1.0659831016e-30
1.9409675211e-01 2.6366508987e-04 2.1596231024e-38
2.1521937781e-01 2.6366508987e-04 4.7700042953e-50
2.3864067833e-01 2.6366508987e-04 1.2959383896e-67
2.6461080752e-01 2.6366508987e-04 3.7784386642e-94
2.9340714225e-01 2.6366508987e-04 3.2008432311e-134
3.2533724503e-01 2.6366508987e-04 8.8822831763e-195
3.6074214893e-01 2.6366508987e-04 3.4199449738e-286
4.0000000000e-01 2.6366508987e-04 1.0000000000e-300
2.0000000000e-02 4.8329302386e-04 1.4732197396e-17
2.2176504808e-02 4.8329302386e-04 2.6305502096e-17
2.4589868274e-02 4.8329302386e-04 4.6124263529e-17
2.7265866600e-02 4.8329302386e-04 7.8834419332e-17
3.0233081086e-02 4.8329302386e-04 1.3001926626e-16
3.3523203403e-02 4.8329302386e-04 2.0479204465e-16
3.7171374071e-02 4.8329302386e-04 3.0535382431e-16
4.1216557790e-02 4.8329302386e-04 4.2787366241e-16
4.5701959599e-02 4.8329302386e-04 5.6008101997e-16
5.0675486338e-02 4.8329302386e-04 6.7902400097e-16
5.6190258320e-02 4.8329302386e-04 7.5314228712e-16
6.2305176688e-02 4.8329302386e-04 7.5236375634e-16
6.9085552518e-02 4.8329302386e-04 6.6203559089e-16
7.6603804377e-02 4.8329302386e-04 4.9384330404e-16
8.4940231802e-02 4.8329302386e-04 2.9280597070e-16
9.4183872945e-02 4.8329302386e-04 1.2424495811e-16
1.0443345556e-01 4.8329302386e-04 3.1896254434e-17
1.1579845146e-01 4.8329302386e-04 3.8167796461e-18
1.2840024578e-01 4.8329302386e-04 1.4328681840e-19
1.4237343339e-01 4.8329302386e-04 9.2664491493e-22
1.5786725650e-01 4.8329302386e-04 4.2700191420e-25
1.7504719864e-01 4.8329302386e-04 3.5815095178e-30
1.9409675211e-01 4.8329302386e-04 7.2559411911e-38
2.1521937781e-01 4.8329302386e-04 1.6026347657e-49
2.3864067833e-01 4.8329302386e-04 4.3541174992e-67
2.6461080752e-01 4.8329302386e-04 1.2694867317e-93
2.9340714225e-01 4.8329302386e-04 1.0754251619e-133
3.2533724503e-01 4.8329302386e-04 2.9842857440e-194
3.6074214893e-01 4.8329302386e-04 1.1490393661e-285
4.0000000000e-01 4.8329302386e-04 1.0000000000e-300
2.0000000000e-02 8.8586679041e-04 4.9497506208e-17
2.2176504808e-02 8.8586679041e-04 8.8381706973e-17
2.4589868274e-02 8.8586679041e-04 1.5496914405e-16
2.7265866600e-02 8.8586679041e-04 2.6486932366e-16
3.0233081086e-02 8.8586679041e-04 4.3684110835e-16
3.3523203403e-02 8.8586679041e-04 6.8806405652e-16
3.7171374071e-02 8.8586679041e-04 1.0259333627e-15
4.1216557790e-02 8.8586679041e-04 1.4375777552e-15
4.5701959599e-02 8.8586679041e-04 1.8817704527e-15
5.0675486338e-02 8.8586679041e-04 2.2813972553e-15
5.6190258320e-02 8.8586679041e-04 2.5304212284e-15
6.2305176688e-02 8.8586679041e-04 2.5278055065e-15
6.9085552518e-02 8.8586679041e-04 2.2243192845e-15
7.6603804377e-02 8.8586679041e-04 1.6592237635e-15
8.4940231802e-02 8.8586679041e-04 9.8377485469e-16
9.4183872945e-02 8.8586679041e-04 4.1744048223e-16
1.0443345556e-01 8.8586679041e-04 1.0716561891e-16
1.1579845146e-01 8.8586679041e-04 1.2823686050e-17
1.2840024578e-01 8.8586679041e-04 4.8141767266e-19
1.4237343339e-01 8.8586679041e-04 3.1133585301e-21
1.5786725650e-01 8.8586679041e-04 1.4346488396e-24
1.7504719864e-01 8.8586679041e-04 1.2033221170e-29
1.9409675211e-01 8.8586679041e-04 2.4378643898e-37
2.1521937781e-01 8.8586679041e-04 5.3845615920e-49
2.3864067833e-01 8.8586679041e-04 1.4629043595e-66
2.6461080752e-01 8.8586679041e-04 4.2652447355e-93
2.9340714225e-01 8.8586679041e-04 3.6132331246e-133
3.2533724503e-01 8.8586679041e-04 1.0026657814e-193
3.6074214893e-01 8.8586679041e-04 3.8605634739e-285
4.0000000000e-01 8.8586679041e-04 1.0000000000e-300
2.0000000000e-02 1.6237767392e-03 1.6630262648e-16
2.2176504808e-02 1.6237767392e-03 2.9694647526e-16
2.4589868274e-02 1.6237767392e-03 5.2066816398e-16
2.7265866600e-02 1.6237767392e-03 8.8991279711e-16
3.0233081086e-02 1.6237767392e-03 1.4677067440e-15
3.3523203403e-02 1.6237767392e-03 2.3117701992e-15
3.7171374071e-02 1.6237767392e-03 3.4469496725e-15
4.1216557790e-02 1.6237767392e-03 4.8300000298e-15
4.5701959599e-02 1.6237767392e-03 6.3224067776e-15
5.0675486338e-02 1.6237767392e-03 7.6650802166e-15
5.6190258320e-02 1.6237767392e-03 8.5017555153e-15
6.2305176688e-02 1.6237767392e-03 8.4929671648e-15
6.9085552518e-02 1.6237767392e-03 7.4733086064e-15
7.6603804377e-02 1.6237767392e-03 5.5746903416e-15
8.4940231802e-02 1.6237767392e-03 3.3053047464e-15
9.4183872945e-02 1.6237767392e-03 1.4025241656e-15
1.0443345556e-01 1.6237767392e-03 3.6005700607e-16
1.1579845146e-01 1.6237767392e-03 4.3085254887e-17
1.2840024578e-01 1.6237767392e-03 1.6174758999e-18
1.4237343339e-01 1.6237767392e-03 1.0460318921e-20
1.5786725650e-01 1.6237767392e-03 4.8201594057e-24
1.7504719864e-01 1.6237767392e-03 4.0429436531e-29
1.9409675211e-01 1.6237767392e-03 8.1907813563e-37
2.1521937781e-01 1.6237767392e-03 1.8091148501e-48
2.3864067833e-01 1.6237767392e-03 4.9150928180e-66
2.6461080752e-01 1.6237767392e-03 1.4330447258e-92
2.9340714225e-01 1.6237767392e-03 1.2139806725e-132
3.2533724503e-01 1.6237767392e-03 3.3687748274e-193
3.6074214893e-01 1.6237767392e-03 1.2970791755e-284
4.0000000000e-01 1.6237767392e-03 1.0000000000e-300
2.0000000000e-02 2.9763514416e-03 5.5874660551e-16
2.2176504808e-02 2.9763514416e-03 9.9768619763e-16
2.4589868274e-02 2.9763514416e-03 1.7493504184e-15
2.7265866600e-02 2.9763514416e-03 2.9899452889e-15
3.0233081086e-02 2.9763514416e-03 4.9312279575e-15
3.3523203403e-02 2.9763514416e-03 7.7671277890e-15
3.7171374071e-02 2.9763514416e-03 1.1581124542e-14
4.1216557790e-02 2.9763514416e-03 1.6227922423e-14
4.5701959599e-02 2.9763514416e-03 2.1242137905e-14
5.0675486338e-02 2.9763514416e-03 2.5753276678e-14
5.6190258320e-02 2.9763514416e-03 2.8564353646e-14
6.2305176688e-02 2.9763514416e-03 2.8534826385e-14
6.9085552518e-02 2.9763514416e-03 2.5108958915e-14
7.6603804377e-02 2.9763514416e-03 1.8729946550e-14
8.4940231802e-02 2.9763514416e-03 1.1105223329e-14
9.4183872945e-02 2.9763514416e-03 4.7122263386e-15
1.0443345556e-01 2.9763514416e-03 1.2097261131e-15
1.1579845146e-01 2.9763514416e-03 1.4475862724e-16
1.2840024578e-01 2.9763514416e-03 5.4344251062e-18
1.4237343339e-01 2.9763514416e-03 3.5144770792e-20
1.5786725650e-01 2.9763514416e-03 1.6194859714e-23
1.7504719864e-01 2.9763514416e-03 1.3583556016e-28
1.9409675211e-01 2.9763514416e-03 2.7519536980e-36
2.1521937781e-01 2.9763514416e-03 6.0782971552e-48
2.3864067833e-01 2.9763514416e-03 1.6513818729e-65
2.6461080752e-01 2.9763514416e-03 4.8147698748e-92
2.9340714225e-01 2.9763514416e-03 4.0787544625e-132
3.2533724503e-01 2.9763514416e-03 1.1318471268e-192
3.6074214893e-01 2.9763514416e-03 4.3579503326e-284
4.0000000000e-01 2.9763514416e-03 1.0000000000e-300
2.0000000000e-02 5.4555947812e-03 1.8772870626e-15
2.2176504808e-02 5.4555947812e-03 3.3520443308e-15
2.4589868274e-02 5.4555947812e-03 5.8774995249e-15
2.7265866600e-02 5.4555947812e-03 1.0045672857e-14
3.0233081086e-02 5.4555947812e-03 1.6568029865e-14
3.3523203403e-02 5.4555947812e-03 2.6096137977e-14
3.7171374071e-02 5.4555947812e-03 3.8910474011e-14
4.1216557790e-02 5.4555947812e-03 5.4522870505e-14
4.5701959599e-02 5.4555947812e-03 7.1369723372e-14
5.0675486338e-02 5.4555947812e-03 8.6526329913e-14
5.6190258320e-02 5.4555947812e-03 9.5971037715e-14
6.2305176688e-02 5.4555947812e-03 9.5871831485e-14
6.9085552518e-02 5.4555947812e-03 8.4361539312e-14
7.6603804377e-02 5.4555947812e-03 6.2929216920e-14
8.4940231802e-02 5.4555947812e-03 3.7311532413e-14
9.4183872945e-02 5.4555947812e-03 1.5832224222e-14
1.0443345556e-01 5.4555947812e-03 4.0644599162e-15
1.1579845146e-01 5.4555947812e-03 4.8636268290e-16
1.2840024578e-01 5.4555947812e-03 1.8258680847e-17
1.4237343339e-01 5.4555947812e-03 1.1808004357e-19
1.5786725650e-01 5.4555947812e-03 5.4411785811e-23
1.7504719864e-01 5.4555947812e-03 4.5638279895e-28
1.9409675211e-01 5.4555947812e-03 9.2460643575e-36
2.1521937781e-01 5.4555947812e-03 2.0421973931e-47
2.3864067833e-01 5.4555947812e-03 5.5483430141e-65
2.6461080752e-01 5.4555947812e-03 1.6176751869e-91
2.9340714225e-01 5.4555947812e-03 1.3703873828e-131
3.2533724503e-01 5.4555947812e-03 3.8028006737e-192
3.6074214893e-01 5.4555947812e-03 1.4641921218e-283
4.0000000000e-01 5.4555947812e-03 1.0000000000e-300
2.0000000000e-02 1.0000000000e-02 3.9759619421e-14
2.2176504808e-02 1.0000000000e-02 1.1262259839e-14
2.4589868274e-02 1.0000000000e-02 1.9747330381e-14
2.7265866600e-02 1.0000000000e-02 3.3751635362e-14
3.0233081086e-02 1.0000000000e-02 5.5665569709e-14
3.3523203403e-02 1.0000000000e-02 8.7678281578e-14
3.7171374071e-02 1.0000000000e-02 1.3073212211e-13
4.1216557790e-02 1.0000000000e-02 1.8318693734e-13
4.5701959599e-02 1.0000000000e-02 2.3978930167e-13
5.0675486338e-02 1.0000000000e-02 2.9071274549e-13
5.6190258320e-02 1.0000000000e-02 3.2244524747e-13
6.2305176688e-02 1.0000000000e-02 3.2211193256e-13
6.9085552518e-02 1.0000000000e-02 2.8343944244e-13
7.6603804377e-02 1.0000000000e-02 2.1143073375e-13
8.4940231802e-02 1.0000000000e-02 1.2535996889e-13
9.4183872945e-02 1.0000000000e-02 5.3193396452e-14
1.0443345556e-01 1.0000000000e-02 1.3655846750e-14
1.1579845146e-01 1.0000000000e-02 1.6340902358e-15
1.2840024578e-01 1.0000000000e-02 6.1345849794e-17
1.4237343339e-01 1.0000000000e-02 3.9672748964e-19
1.5786725650e-01 1.0000000000e-02 1.8281371296e-22
1.7504719864e-01 1.0000000000e-02 1.5333632735e-27
1.9409675211e-01 1.0000000000e-02 3.1065096105e-35
2.1521937781e-01 1.0000000000e-02 6.8614121457e-47
2.3864067833e-01 1.0000000000e-02 1.8641424317e-64
2.6461080752e-01 1.0000000000e-02 5.4350946744e-91
2.9340714225e-01 1.0000000000e-02 4.6042525882e-131
3.2533724503e-01 1.0000000000e-02 1.2776719243e-191
3.6074214893e-01 1.0000000000e-02 4.9194194655e-283
4.0000000000e-01 1.0000000000e-02 1.0000000000e-300
