2.0000000000e-02 1.0000000000e-07 4.2498028422e-24
2.2176504808e-02 1.0000000000e-07 7.8893308739e-24
2.4589868274e-02 1.0000000000e-07 1.4631182697e-23
2.7265866600e-02 1.0000000000e-07 2.7122917145e-23
3.0233081086e-02 1.0000000000e-07 5.0215345669e-23
3.3523203403e-02 1.0000000000e-07 9.2859178019e-23
3.7171374071e-02 1.0000000000e-07 1.7130058450e-22
4.1216557790e-02 1.0000000000e-07 3.1482752107e-22
4.5701959599e-02 1.0000000000e-07 5.7655545815e-22
5.0675486338e-02 1.0000000000e-07 1.0477166695e-21
5.6190258320e-02 1.0000000000e-07 1.8861178327e-21
6.2305176688e-02 1.0000000000e-07 3.3508960332e-21
6.9085552518e-02 1.0000000000e-07 5.8427475280e-21
7.6603804377e-02 1.0000000000e-07 9.9481318334e-21
8.4940231802e-02 1.0000000000e-07 1.6452482471e-20
9.4183872945e-02 1.0000000000e-07 2.6280849926e-20
1.0443345556e-01 1.0000000000e-07 4.0385809121e-20
1.1579845146e-01 1.0000000000e-07 5.9515867406e-20
1.2840024578e-01 1.0000000000e-07 8.3753141609e-20
1.4237343339e-01 1.0000000000e-07 1.1231307228e-19
1.5786725650e-01 1.0000000000e-07 1.4353248578e-19
1.7504719864e-01 1.0000000000e-07 1.7549155778e-19
1.9409675211e-01 1.0000000000e-07 2.0624478011e-19
2.1521937781e-01 1.0000000000e-07 2.3448632944e-19
2.3864067833e-01 1.0000000000e-07 2.5940488879e-19
2.6461080752e-01 1.0000000000e-07 2.7674013847e-19
2.9340714225e-01 1.0000000000e-07 2.8074205698e-19
3.2533724503e-01 1.0000000000e-07 2.6442948323e-19
3.6074214893e-01 1.0000000000e-07 2.2066057685e-19
4.0000000000e-01 1.0000000000e-07 1.4723166496e-19
2.0000000000e-02 1.8329807108e-07 1.4278565302e-23
2.2176504808e-02 1.8329807108e-07 2.6506718137e-23
2.4589868274e-02 1.8329807108e-07 4.9158115176e-23
2.7265866600e-02 1.8329807108e-07 9.1128073000e-23
3.0233081086e-02 1.8329807108e-07 1.6871443663e-22
3.3523203403e-02 1.8329807108e-07 3.1198996436e-22
3.7171374071e-02 1.8329807108e-07 5.7553883625e-22
4.1216557790e-02 1.8329807108e-07 1.0577632623e-21
4.5701959599e-02 1.8329807108e-07 1.9371215713e-21
5.0675486338e-02 1.8329807108e-07 3.5201376250e-21
5.6190258320e-02 1.8329807108e-07 6.3370131845e-21
6.2305176688e-02 1.8329807108e-07 1.1258401768e-20
6.9085552518e-02 1.8329807108e-07 1.9630569987e-20
7.6603804377e-02 1.8329807108e-07 3.3423915248e-20
8.4940231802e-02 1.8329807108e-07 5.5277351461e-20
9.4183872945e-02 1.8329807108e-07 8.8298880159e-20
1.0443345556e-01 1.8329807108e-07 1.3568897999e-19
1.1579845146e-01 1.8329807108e-07 1.9996249964e-19
1.2840024578e-01 1.8329807108e-07 2.8139533671e-19
1.4237343339e-01 1.8329807108e-07 3.7735151404e-19
1.5786725650e-01 1.8329807108e-07 4.8224307039e-19
1.7504719864e-01 1.8329807108e-07 5.8961974493e-19
1.9409675211e-01 1.8329807108e-07 6.9294498366e-19
2.1521937781e-01 1.8329807108e-07 7.8783145753e-19
2.3864067833e-01 1.8329807108e-07 8.7155328892e-19
2.6461080752e-01 1.8329807108e-07 9.2979657778e-19
2.9340714225e-01 1.8329807108e-07 9.4324229676e-19
3.2533724503e-01 1.8329807108e-07 8.8843501319e-19
3.6074214893e-01 1.8329807108e-07 7.4137944118e-19
4.0000000000e-01 1.8329807108e-07 4.9467164027e-19
2.0000000000e-02 3.3598182863e-07 4.7973384804e-23
2.2176504808e-02 3.3598182863e-07 8.9057756305e-23
2.4589868274e-02 3.3598182863e-07 1.6516233429e-22
2.7265866600e-02 3.3598182863e-07 3.0617376606e-22
3.0233081086e-02 3.3598182863e-07 5.6684984935e-22
3.3523203403e-02 3.3598182863e-07 1.0482295874e-21
3.7171374071e-02 3.3598182863e-07 1.9337059065e-21
4.1216557790e-02 3.3598182863e-07 3.5538923512e-21
4.5701959599e-02 3.3598182863e-07 6.5083764781e-21
5.0675486338e-02 3.3598182863e-07 1.1827022763e-20
5.6190258320e-02 3.3598182863e-07 2.1291212778e-20
6.2305176688e-02 3.3598182863e-07 3.7826184133e-20
6.9085552518e-02 3.3598182863e-07 6.5955148011e-20
7.6603804377e-02 3.3598182863e-07 1.1229828165e-19
8.4940231802e-02 3.3598182863e-07 1.8572185626e-19
9.4183872945e-02 3.3598182863e-07 2.9666819222e-19
1.0443345556e-01 3.3598182863e-07 4.5589031623e-19
1.1579845146e-01 3.3598182863e-07 6.7183766285e-19
1.2840024578e-01 3.3598182863e-07 9.4543719796e-19
1.4237343339e-01 3.3598182863e-07 1.2678325172e-18
1.5786725650e-01 3.3598182863e-07 1.6202490863e-18
1.7504719864e-01 3.3598182863e-07 1.9810152010e-18
1.9409675211e-01 3.3598182863e-07 2.3281692275e-18
2.1521937781e-01 3.3598182863e-07 2.6469705375e-18
2.3864067833e-01 3.3598182863e-07 2.9282606776e-18
2.6461080752e-01 3.3598182863e-07 3.1239475445e-18
2.9340714225e-01 3.3598182863e-07 3.1691227171e-18
3.2533724503e-01 3.3598182863e-07 2.9849802035e-18
3.6074214893e-01 3.3598182863e-07 2.4909002035e-18
4.0000000000e-01 3.3598182863e-07 1.6620068227e-18
2.0000000000e-02 6.1584821107e-07 1.6118185552e-22
2.2176504808e-02 6.1584821107e-07 2.9921787817e-22
2.4589868274e-02 6.1584821107e-07 5.5491543094e-22
2.7265866600e-02 6.1584821107e-07 1.0286882180e-21
3.0233081086e-02 6.1584821107e-07 1.9045124894e-21
3.3523203403e-02 6.1584821107e-07 3.5218609359e-21
3.7171374071e-02 6.1584821107e-07 6.4969004649e-21
4.1216557790e-02 6.1584821107e-07 1.1940432509e-20
4.5701959599e-02 6.1584821107e-07 2.1866962305e-20
5.0675486338e-02 6.1584821107e-07 3.9736647351e-20
5.6190258320e-02 6.1584821107e-07 7.1534606027e-20
6.2305176688e-02 6.1584821107e-07 1.2708910515e-19
6.9085552518e-02 6.1584821107e-07 2.2159731236e-19
7.6603804377e-02 6.1584821107e-07 3.7730182021e-19
8.4940231802e-02 6.1584821107e-07 6.2399168881e-19
9.4183872945e-02 6.1584821107e-07 9.9675121717e-19
1.0443345556e-01 6.1584821107e-07 1.5317086210e-18
1.1579845146e-01 6.1584821107e-07 2.2572524651e-18
1.2840024578e-01 6.1584821107e-07 3.1764971862e-18
1.4237343339e-01 6.1584821107e-07 4.2596868753e-18
1.5786725650e-01 6.1584821107e-07 5.4437425086e-18
1.7504719864e-01 6.1584821107e-07 6.6558510977e-18
1.9409675211e-01 6.1584821107e-07 7.8222255441e-18
2.1521937781e-01 6.1584821107e-07 8.8933400152e-18
2.3864067833e-01 6.1584821107e-07 9.8384237716e-18
2.6461080752e-01 6.1584821107e-07 1.0495896086e-17
2.9340714225e-01 6.1584821107e-07 1.0647676456e-17
3.2533724503e-01 6.1584821107e-07 1.0028991072e-17
3.6074214893e-01 6.1584821107e-07 8.3689720532e-18
4.0000000000e-01 6.1584821107e-07 5.5840409148e-18
2.0000000000e-02 1.1288378917e-06 5.4154174559e-22
2.2176504808e-02 1.1288378917e-06 1.0053176987e-21
2.4589868274e-02 1.1288378917e-06 1.8644150122e-21
2.7265866600e-02 1.1288378917e-06 3.4562054857e-21
3.0233081086e-02 1.1288378917e-06 6.3988158885e-21
3.3523203403e-02 1.1288378917e-06 1.1832812774e-20
3.7171374071e-02 1.1288378917e-06 2.1828404986e-20
4.1216557790e-02 1.1288378917e-06 4.0117683490e-20
4.5701959599e-02 1.1288378917e-06 7.3469019819e-20
5.0675486338e-02 1.1288378917e-06 1.3350791441e-19
5.6190258320e-02 1.1288378917e-06 2.4034327743e-19
6.2305176688e-02 1.1288378917e-06 4.2699629948e-19
6.9085552518e-02 1.1288378917e-06 7.4452670227e-19
7.6603804377e-02 1.1288378917e-06 1.2676655550e-18
8.4940231802e-02 1.1288378917e-06 2.0964986866e-18
9.4183872945e-02 1.1288378917e-06 3.3489029663e-18
1.0443345556e-01 1.1288378917e-06 5.1462626341e-18
1.1579845146e-01 1.1288378917e-06 7.5839581088e-18
1.2840024578e-01 1.1288378917e-06 1.0672453333e-17
1.4237343339e-01 1.1288378917e-06 1.4311773858e-17
1.5786725650e-01 1.1288378917e-06 1.8289985626e-17
1.7504719864e-01 1.1288378917e-06 2.2362450229e-17
1.9409675211e-01 1.1288378917e-06 2.6281256423e-17
2.1521937781e-01 1.1288378917e-06 2.9880006409e-17
2.3864067833e-01 1.1288378917e-06 3.3055316096e-17
2.6461080752e-01 1.1288378917e-06 3.5264303599e-17
2.9340714225e-01 1.1288378917e-06 3.5774258064e-17
3.2533724503e-01 1.1288378917e-06 3.3695587596e-17
3.6074214893e-01 1.1288378917e-06 2.8118225342e-17
4.0000000000e-01 1.1288378917e-06 1.8761362777e-17
2.0000000000e-02 2.0691380811e-06 1.8194818596e-21
2.2176504808e-02 2.0691380811e-06 3.3776847875e-21
2.4589868274e-02 2.0691380811e-06 6.2640956513e-21
2.7265866600e-02 2.0691380811e-06 1.1612222392e-20
3.0233081086e-02 2.0691380811e-06 2.1498858633e-20
3.3523203403e-02 2.0691380811e-06 3.9426960605e-20
3.7171374071e-02 2.0691380811e-06 7.3339474233e-20
4.1216557790e-02 2.0691380811e-06 1.3478812659e-19
4.5701959599e-02 2.0691380811e-06 2.4684255626e-19
5.0675486338e-02 2.0691380811e-06 4.4856233218e-19
5.6190258320e-02 2.0691380811e-06 8.0750973850e-19
6.2305176688e-02 2.0691380811e-06 1.4346299752e-18
6.9085552518e-02 2.0691380811e-06 2.5014744289e-18
7.6603804377e-02 2.0691380811e-06 4.2591259125e-18
8.4940231802e-02 2.0691380811e-06 7.0438546243e-18
9.4183872945e-02 2.0691380811e-06 1.1251705425e-17
1.0443345556e-01 2.0691380811e-06 1.7290507304e-17
1.1579845146e-01 2.0691380811e-06 2.5480721137e-17
1.2840024578e-01 2.0691380811e-06 3.5857503867e-17
1.4237343339e-01 2.0691380811e-06 4.8084959516e-17
1.5786725650e-01 2.0691380811e-06 6.1451028163e-17
1.7504719864e-01 2.0691380811e-06 7.5133769204e-17
1.9409675211e-01 2.0691380811e-06 8.8300245915e-17
2.1521937781e-01 2.0691380811e-06 1.0039139193e-16
2.3864067833e-01 2.0691380811e-06 1.1105985548e-16
2.6461080752e-01 2.0691380811e-06 1.1848165209e-16
2.9340714225e-01 2.0691380811e-06 1.2019500642e-16
3.2533724503e-01 2.0691380811e-06 1.1321105137e-16
3.6074214893e-01 2.0691380811e-06 9.4472127681e-17
4.0000000000e-01 2.0691380811e-06 6.3034769733e-17
2.0000000000e-02 3.7926901907e-06 6.1131284235e-21
2.2176504808e-02 3.7926901907e-06 1.1348407114e-20
2.4589868274e-02 3.7926901907e-06 2.1046223116e-20
2.7265866600e-02 3.7926901907e-06 3.9014957137e-20
3.0233081086e-02 3.7926901907e-06 7.2232258368e-20
3.3523203403e-02 3.7926901907e-06 1.3357327425e-19
3.7171374071e-02 3.7926901907e-06 2.4640730664e-19
4.1216557790e-02 3.7926901907e-06 4.5286361251e-19
4.5701959599e-02 3.7926901907e-06 8.2934613436e-19
5.0675486338e-02 3.7926901907e-06 1.5070879262e-18
5.6190258320e-02 3.7926901907e-06 2.7130859858e-18
6.2305176688e-02 3.7926901907e-06 4.8200960246e-18
6.9085552518e-02 3.7926901907e-06 8.4044995289e-18
7.6603804377e-02 3.7926901907e-06 1.4309889124e-17
8.4940231802e-02 3.7926901907e-06 2.3666071573e-17
9.4183872945e-02 3.7926901907e-06 3.7803685639e-17
1.0443345556e-01 3.7926901907e-06 5.8092962619e-17
1.1579845146e-01 3.7926901907e-06 8.5610592822e-17
1.2840024578e-01 3.7926901907e-06 1.2047469719e-16
1.4237343339e-01 3.7926901907e-06 1.6155672628e-16
1.5786725650e-01 3.7926901907e-06 2.0646428813e-16
1.7504719864e-01 3.7926901907e-06 2.5243581169e-16
1.9409675211e-01 3.7926901907e-06 2.9667278091e-16
2.1521937781e-01 3.7926901907e-06 3.3729683439e-16
2.3864067833e-01 3.7926901907e-06 3.7314093331e-16
2.6461080752e-01 3.7926901907e-06 3.9807682127e-16
2.9340714225e-01 3.7926901907e-06 4.0383338050e-16
3.2533724503e-01 3.7926901907e-06 3.8036856061e-16
3.6074214893e-01 3.7926901907e-06 3.1740918213e-16
4.0000000000e-01 3.7926901907e-06 2.1178537202e-16
2.0000000000e-02 6.9519279618e-06 2.0539000664e-20
2.2176504808e-02 6.9519279618e-06 3.8128585742e-20
2.4589868274e-02 6.9519279618e-06 7.0711485283e-20
2.7265866600e-02 6.9519279618e-06 1.3108316643e-19
3.0233081086e-02 6.9519279618e-06 2.4268726252e-19
3.3523203403e-02 6.9519279618e-06 4.4878192938e-19
3.7171374071e-02 6.9519279618e-06 8.2788377471e-19
4.1216557790e-02 6.9519279618e-06 1.5215394465e-18
4.5701959599e-02 6.9519279618e-06 2.7864523079e-18
5.0675486338e-02 6.9519279618e-06 5.0635415735e-18
5.6190258320e-02 6.9519279618e-06 9.1154759073e-18
6.2305176688e-02 6.9519279618e-06 1.6194646765e-17
6.9085552518e-02 6.9519279618e-06 2.8237591204e-17
7.6603804377e-02 6.9519279618e-06 4.8078627155e-17
8.4940231802e-02 6.9519279618e-06 7.9513700034e-17
9.4183872945e-02 6.9519279618e-06 1.2701351430e-16
1.0443345556e-01 6.9519279618e-06 1.9518179811e-16
1.1579845146e-01 6.9519279618e-06 2.8763603526e-16
1.2840024578e-01 6.9519279618e-06 4.0477309066e-16
1.4237343339e-01 6.9519279618e-06 5.4280124322e-16
1.5786725650e-01 6.9519279618e-06 6.9368249073e-16
1.7504719864e-01 6.9519279618e-06 8.4813845623e-16
1.9409675211e-01 6.9519279618e-06 9.9676663434e-16
2.1521937781e-01 6.9519279618e-06 1.1332560721e-15
2.3864067833e-01 6.9519279618e-06 1.2536857311e-15
2.6461080752e-01 6.9519279618e-06 1.3374657834e-15
2.9340714225e-01 6.9519279618e-06 1.3568067764e-15
3.2533724503e-01 6.9519279618e-06 1.2779692455e-15
3.6074214893e-01 6.9519279618e-06 1.0664371743e-15
4.0000000000e-01 6.9519279618e-06 7.1156036568e-16
2.0000000000e-02 1.2742749857e-05 6.9007310012e-20
2.2176504808e-02 1.2742749857e-05 1.2810511961e-19
2.4589868274e-02 1.2742749857e-05 2.3757774131e-19
2.7265866600e-02 1.2742749857e-05 4.4041561958e-19
3.0233081086e-02 1.2742749857e-05 8.1538510248e-19
3.3523203403e-02 1.2742749857e-05 1.5078257329e-18
3.7171374071e-02 1.2742749857e-05 2.7815390452e-18
4.1216557790e-02 1.2742749857e-05 5.1120960556e-18
4.5701959599e-02 1.2742749857e-05 9.3619734179e-18
5.0675486338e-02 1.2742749857e-05 1.7012579572e-17
5.6190258320e-02 1.2742749857e-05 3.0626342641e-17
6.2305176688e-02 1.2742749857e-05 5.4411070341e-17
6.9085552518e-02 1.2742749857e-05 9.4873175288e-17
7.6603804377e-02 1.2742749857e-05 1.6153545069e-16
8.4940231802e-02 1.2742749857e-05 2.6715158338e-16
9.4183872945e-02 1.2742749857e-05 4.2674232795e-16
1.0443345556e-01 1.2742749857e-05 6.5577537445e-16
1.1579845146e-01 1.2742749857e-05 9.6640481107e-16
1.2840024578e-01 1.2742749857e-05 1.3599640318e-15
1.4237343339e-01 1.2742749857e-05 1.8237135428e-15
1.5786725650e-01 1.2742749857e-05 2.3306471172e-15
1.7504719864e-01 1.2742749857e-05 2.8495910945e-15
1.9409675211e-01 1.2742749857e-05 3.3489547652e-15
2.1521937781e-01 1.2742749857e-05 3.8075344740e-15
2.3864067833e-01 1.2742749857e-05 4.2121562446e-15
2.6461080752e-01 1.2742749857e-05 4.4936419965e-15
2.9340714225e-01 1.2742749857e-05 4.5586242183e-15
3.2533724503e-01 1.2742749857e-05 4.2937444403e-15
3.6074214893e-01 1.2742749857e-05 3.5830351195e-15
4.0000000000e-01 1.2742749857e-05 2.3907135284e-15
2.0000000000e-02 2.3357214691e-05 2.3185202207e-19
2.2176504808e-02 2.3357214691e-05 4.3040992342e-19
2.4589868274e-02 2.3357214691e-05 7.9821803965e-19
2.7265866600e-02 2.3357214691e-05 1.4797164522e-18
3.0233081086e-02 2.3357214691e-05 2.7395457777e-18
3.3523203403e-02 2.3357214691e-05 5.0660204698e-18
3.7171374071e-02 2.3357214691e-05 9.3454657480e-18
4.1216557790e-02 2.3357214691e-05 1.7175713809e-17
4.5701959599e-02 2.3357214691e-05 3.1454529485e-17
5.0675486338e-02 2.3357214691e-05 5.7159175943e-17
5.6190258320e-02 2.3357214691e-05 1.0289894605e-16
6.2305176688e-02 2.3357214691e-05 1.8281130911e-16
6.9085552518e-02 2.3357214691e-05 3.1875662921e-16
7.6603804377e-02 2.3357214691e-05 5.4272976113e-16
8.4940231802e-02 2.3357214691e-05 8.9758077506e-16
9.4183872945e-02 2.3357214691e-05 1.4337766770e-15
1.0443345556e-01 2.3357214691e-05 2.2032860948e-15
1.1579845146e-01 2.3357214691e-05 3.2469445562e-15
1.2840024578e-01 2.3357214691e-05 4.5692320227e-15
1.4237343339e-01 2.3357214691e-05 6.1273461100e-15
1.5786725650e-01 2.3357214691e-05 7.8305508034e-15
1.7504719864e-01 2.3357214691e-05 9.5741082679e-15
1.9409675211e-01 2.3357214691e-05 1.1251879460e-14
2.1521937781e-01 2.3357214691e-05 1.2792623951e-14
2.3864067833e-01 2.3357214691e-05 1.4152079575e-14
2.6461080752e-01 2.3357214691e-05 1.5097820552e-14
2.9340714225e-01 2.3357214691e-05 1.5316149009e-14
3.2533724503e-01 2.3357214691e-05 1.4426201087e-14
3.6074214893e-01 2.3357214691e-05 1.2038346915e-14
4.0000000000e-01 2.3357214691e-05 8.0323630300e-15
2.0000000000e-02 4.2813323987e-05 7.7898066345e-19
2.2176504808e-02 4.2813323987e-05 1.4460991313e-18
2.4589868274e-02 4.2813323987e-05 2.6818675661e-18
2.7265866600e-02 4.2813323987e-05 4.9715783947e-18
3.0233081086e-02 4.2813323987e-05 9.2043759999e-18
3.3523203403e-02 4.2813323987e-05 1.7020908213e-17
3.7171374071e-02 4.2813323987e-05 3.1399066714e-17
4.1216557790e-02 4.2813323987e-05 5.7707277335e-17
4.5701959599e-02 4.2813323987e-05 1.0568150335e-16
5.0675486338e-02 4.2813323987e-05 1.9204444456e-16
5.6190258320e-02 4.2813323987e-05 3.4572176057e-16
6.2305176688e-02 4.2813323987e-05 6.1421277928e-16
6.9085552518e-02 4.2813323987e-05 1.0709643517e-15
7.6603804377e-02 4.2813323987e-05 1.8234733759e-15
8.4940231802e-02 4.2813323987e-05 3.0157083015e-15
9.4183872945e-02 4.2813323987e-05 4.8172290978e-15
1.0443345556e-01 4.2813323987e-05 7.4026409111e-15
1.1579845146e-01 4.2813323987e-05 1.0909143694e-14
1.2840024578e-01 4.2813323987e-05 1.5351789304e-14
1.4237343339e-01 4.2813323987e-05 2.0586769507e-14
1.5786725650e-01 4.2813323987e-05 2.6309227781e-14
1.7504719864e-01 4.2813323987e-05 3.2167264033e-14
1.9409675211e-01 4.2813323987e-05 3.7804270365e-14
2.1521937781e-01 4.2813323987e-05 4.2980891881e-14
2.3864067833e-01 4.2813323987e-05 4.7548415746e-14
2.6461080752e-01 4.2813323987e-05 5.0725933573e-14
2.9340714225e-01 4.2813323987e-05 5.1459477516e-14
3.2533724503e-01 4.2813323987e-05 4.8469414214e-14
3.6074214893e-01 4.2813323987e-05 4.0446658102e-14
4.0000000000e-01 4.2813323987e-05 2.6987280190e-14
2.0000000000e-02 7.8475997035e-05 2.6172334777e-18
2.2176504808e-02 7.8475997035e-05 4.8586303052e-18
2.4589868274e-02 7.8475997035e-05 9.0105876898e-18
2.7265866600e-02 7.8475997035e-05 1.6703600002e-17
3.0233081086e-02 7.8475997035e-05 3.0925030798e-17
3.3523203403e-02 7.8475997035e-05 5.7187158664e-17
3.7171374071e-02 7.8475997035e-05 1.0549515852e-16
4.1216557790e-02 7.8475997035e-05 1.9388596564e-16
4.5701959599e-02 7.8475997035e-05 3.5507064748e-16
5.0675486338e-02 7.8475997035e-05 6.4523443662e-16
5.6190258320e-02 7.8475997035e-05 1.1615622931e-15
6.2305176688e-02 7.8475997035e-05 2.0636433275e-15
6.9085552518e-02 7.8475997035e-05 3.5982456128e-15
7.6603804377e-02 7.8475997035e-05 6.1265391931e-15
8.4940231802e-02 7.8475997035e-05 1.0132231897e-14
9.4183872945e-02 7.8475997035e-05 1.6185014412e-14
1.0443345556e-01 7.8475997035e-05 2.4871528300e-14
1.1579845146e-01 7.8475997035e-05 3.6652740472e-14
1.2840024578e-01 7.8475997035e-05 5.1579222431e-14
1.4237343339e-01 7.8475997035e-05 6.9167804644e-14
1.5786725650e-01 7.8475997035e-05 8.8394224596e-14
1.7504719864e-01 7.8475997035e-05 1.0807616192e-13
1.9409675211e-01 7.8475997035e-05 1.2701547887e-13
2.1521937781e-01 7.8475997035e-05 1.4440798650e-13
2.3864067833e-01 7.8475997035e-05 1.5975403671e-13
2.6461080752e-01 7.8475997035e-05 1.7042991921e-13
2.9340714225e-01 7.8475997035e-05 1.7289449356e-13
3.2533724503e-01 7.8475997035e-05 1.6284842420e-13
3.6074214893e-01 7.8475997035e-05 1.3589342151e-13
4.0000000000e-01 7.8475997035e-05 9.0672357480e-14
2.0000000000e-02 1.4384498883e-04 8.7934288979e-18
2.2176504808e-02 1.4384498883e-04 1.6324114946e-17
2.4589868274e-02 1.4384498883e-04 3.0273937291e-17
2.7265866600e-02 1.4384498883e-04 5.6121060735e-17
3.0233081086e-02 1.4384498883e-04 1.0390248398e-16
3.3523203403e-02 1.4384498883e-04 1.9213846142e-16
3.7171374071e-02 1.4384498883e-04 3.5444456270e-16
4.1216557790e-02 1.4384498883e-04 6.5142161282e-16
4.5701959599e-02 1.4384498883e-04 1.1929728543e-15
5.0675486338e-02 1.4384498883e-04 2.1678704591e-15
5.6190258320e-02 1.4384498883e-04 3.9026382331e-15
6.2305176688e-02 1.4384498883e-04 6.9334665881e-15
6.9085552518e-02 1.4384498883e-04 1.2089451408e-14
7.6603804377e-02 1.4384498883e-04 2.0584058412e-14
8.4940231802e-02 1.4384498883e-04 3.4042458010e-14
9.4183872945e-02 1.4384498883e-04 5.4378707385e-14
1.0443345556e-01 1.4384498883e-04 8.3563815590e-14
1.1579845146e-01 1.4384498883e-04 1.2314654768e-13
1.2840024578e-01 1.4384498883e-04 1.7329681472e-13
1.4237343339e-01 1.4384498883e-04 2.3239125486e-13
1.5786725650e-01 1.4384498883e-04 2.9698853220e-13
1.7504719864e-01 1.4384498883e-04 3.6311626513e-13
1.9409675211e-01 1.4384498883e-04 4.2674892856e-13
2.1521937781e-01 1.4384498883e-04 4.8518459374e-13
2.3864067833e-01 1.4384498883e-04 5.3674453383e-13
2.6461080752e-01 1.4384498883e-04 5.7261355908e-13
2.9340714225e-01 1.4384498883e-04 5.8089408106e-13
3.2533724503e-01 1.4384498883e-04 5.4714111352e-13
3.6074214893e-01 1.4384498883e-04 4.5657720257e-13
4.0000000000e-01 1.4384498883e-04 3.0464264472e-13
2.0000000000e-02 2.6366508987e-04 2.9544323210e-17
2.2176504808e-02 2.6366508987e-04 5.4846059902e-17
2.4589868274e-02 2.6366508987e-04 1.0171492811e-16
2.7265866600e-02 2.6366508987e-04 1.8855656610e-16
3.0233081086e-02 2.6366508987e-04 3.4909346567e-16
3.3523203403e-02 2.6366508987e-04 6.4555031618e-16
3.7171374071e-02 2.6366508987e-04 1.1908693232e-15
4.1216557790e-02 2.6366508987e-04 2.1886582468e-15
4.5701959599e-02 2.6366508987e-04 4.0081720110e-15
5.0675486338e-02 2.6366508987e-04 7.2836508107e-15
5.6190258320e-02 2.6366508987e-04 1.3112155300e-14
6.2305176688e-02 2.6366508987e-04 2.3295187830e-14
6.9085552518e-02 2.6366508987e-04 4.0618359913e-14
7.6603804377e-02 2.6366508987e-04 6.9158695860e-14
8.4940231802e-02 2.6366508987e-04 1.1437647293e-13
9.4183872945e-02 2.6366508987e-04 1.8270257546e-13
1.0443345556e-01 2.6366508987e-04 2.8075923569e-13
1.1579845146e-01 2.6366508987e-04 4.1375002279e-13
1.2840024578e-01 2.6366508987e-04 5.8224580704e-13
1.4237343339e-01 2.6366508987e-04 7.8079238767e-13
1.5786725650e-01 2.6366508987e-04 9.9782750130e-13
1.7504719864e-01 2.6366508987e-04 1.2200046676e-12
1.9409675211e-01 2.6366508987e-04 1.4337988538e-12
2.1521937781e-01 2.6366508987e-04 1.6301320703e-12
2.3864067833e-01 2.6366508987e-04 1.8033640998e-12
2.6461080752e-01 2.6366508987e-04 1.9238775068e-12
2.9340714225e-01 2.6366508987e-04 1.9516985559e-12
3.2533724503e-01 2.6366508987e-04 1.8382947184e-12
3.6074214893e-01 2.6366508987e-04 1.5340164343e-12
4.0000000000e-01 2.6366508987e-04 1.0235439285e-12
2.0000000000e-02 4.8329302386e-04 9.9263557378e-17
2.2176504808e-02 4.8329302386e-04 1.8427279499e-16
2.4589868274e-02 4.8329302386e-04 3.4174367544e-16
2.7265866600e-02 4.8329302386e-04 6.3351579879e-16
3.0233081086e-02 4.8329302386e-04 1.1728906096e-15
3.3523203403e-02 4.8329302386e-04 2.1689317570e-15
3.7171374071e-02 4.8329302386e-04 4.0011045288e-15
4.1216557790e-02 4.8329302386e-04 7.3534940001e-15
4.5701959599e-02 4.8329302386e-04 1.3466729617e-14
5.0675486338e-02 4.8329302386e-04 2.4471743185e-14
5.6190258320e-02 4.8329302386e-04 4.4054459151e-14
6.2305176688e-02 4.8329302386e-04 7.8267598053e-14
6.9085552518e-02 4.8329302386e-04 1.3647030840e-13
7.6603804377e-02 4.8329302386e-04 2.3236065101e-13
8.4940231802e-02 4.8329302386e-04 3.8428416528e-13
9.4183872945e-02 4.8329302386e-04 6.1384745397e-13
1.0443345556e-01 4.8329302386e-04 9.4330001412e-13
1.1579845146e-01 4.8329302386e-04 1.3901248925e-12
1.2840024578e-01 4.8329302386e-04 1.9562401096e-12
1.4237343339e-01 4.8329302386e-04 2.6233205419e-12
1.5786725650e-01 4.8329302386e-04 3.3525190854e-12
1.7504719864e-01 4.8329302386e-04 4.0989939916e-12
1.9409675211e-01 4.8329302386e-04 4.8173036079e-12
2.1521937781e-01 4.8329302386e-04 5.4769475388e-12
2.3864067833e-01 4.8329302386e-04 6.0589756794e-12
2.6461080752e-01 4.8329302386e-04 6.4638788278e-12
2.9340714225e-01 4.8329302386e-04 6.5573524976e-12
3.2533724503e-01 4.8329302386e-04 6.1763362104e-12
3.6074214893e-01 4.8329302386e-04 5.1540164674e-12
4.0000000000e-01 4.8329302386e-04 3.4389216079e-12
2.0000000000e-02 8.8586679041e-04 3.3350751524e-16
2.2176504808e-02 8.8586679041e-04 6.1912310627e-16
2.4589868274e-02 8.8586679041e-04 1.1481966500e-15
2.7265866600e-02 8.8586679041e-04 2.1284979654e-15
3.0233081086e-02 8.8586679041e-04 3.9406993178e-15
3.3523203403e-02 8.8586679041e-04 7.2872165789e-15
3.7171374071e-02 8.8586679041e-04 1.3442984161e-14
4.1216557790e-02 8.8586679041e-04 2.4706403610e-14
4.5701959599e-02 8.8586679041e-04 4.5245764424e-14
5.0675486338e-02 8.8586679041e-04 8.2220610250e-14
5.6190258320e-02 8.8586679041e-04 1.4801497745e-13
6.2305176688e-02 8.8586679041e-04 2.6296490716e-13
6.9085552518e-02 8.8586679041e-04 4.5851543768e-13
7.6603804377e-02 8.8586679041e-04 7.8068956426e-13
8.4940231802e-02 8.8586679041e-04 1.2911249656e-12
9.4183872945e-02 8.8586679041e-04 2.0624159008e-12
1.0443345556e-01 8.8586679041e-04 3.1693166369e-12
1.1579845146e-01 8.8586679041e-04 4.6705670341e-12
1.2840024578e-01 8.8586679041e-04 6.5726112926e-12
1.4237343339e-01 8.8586679041e-04 8.8138803274e-12
1.5786725650e-01 8.8586679041e-04 1.1263854928e-11
1.7504719864e-01 8.8586679041e-04 1.3771874968e-11
1.9409675211e-01 8.8586679041e-04 1.6185264752e-11
2.1521937781e-01 8.8586679041e-04 1.8401548494e-11
2.3864067833e-01 8.8586679041e-04 2.0357057284e-11
2.6461080752e-01 8.8586679041e-04 2.1717458286e-11
2.9340714225e-01 8.8586679041e-04 2.2031512831e-11
3.2533724503e-01 8.8586679041e-04 2.0751367342e-11
3.6074214893e-01 8.8586679041e-04 1.7316558775e-11
4.0000000000e-01 8.8586679041e-04 1.1554151703e-11
2.0000000000e-02 1.6237767392e-03 1.1205246483e-15
2.2176504808e-02 1.6237767392e-03 2.0801411339e-15
2.4589868274e-02 1.6237767392e-03 3.8577321008e-15
2.7265866600e-02 1.6237767392e-03 7.1513663865e-15
3.0233081086e-02 1.6237767392e-03 1.3240033629e-14
3.3523203403e-02 1.6237767392e-03 2.4483723518e-14
3.7171374071e-02 1.6237767392e-03 4.5165984007e-14
4.1216557790e-02 1.6237767392e-03 8.3009026636e-14
4.5701959599e-02 1.6237767392e-03 1.5201754669e-13
5.0675486338e-02 1.6237767392e-03 2.7624630983e-13
5.6190258320e-02 1.6237767392e-03 4.9730342788e-13
6.2305176688e-02 1.6237767392e-03 8.8351430374e-13
6.9085552518e-02 1.6237767392e-03 1.5405285521e-12
7.6603804377e-02 1.6237767392e-03 2.6229750739e-12
8.4940231802e-02 1.6237767392e-03 4.3379452694e-12
9.4183872945e-02 1.6237767392e-03 6.9293426576e-12
1.0443345556e-01 1.6237767392e-03 1.0648327992e-11
1.1579845146e-01 1.6237767392e-03 1.5692256529e-11
1.2840024578e-01 1.6237767392e-03 2.2082779610e-11
1.4237343339e-01 1.6237767392e-03 2.9613036297e-11
1.5786725650e-01 1.6237767392e-03 3.7844505762e-11
1.7504719864e-01 1.6237767392e-03 4.6270997355e-11
1.9409675211e-01 1.6237767392e-03 5.4379548484e-11
2.1521937781e-01 1.6237767392e-03 6.1825859125e-11
2.3864067833e-01 1.6237767392e-03 6.8396013318e-11
2.6461080752e-01 1.6237767392e-03 7.2966713481e-11
2.9340714225e-01 1.6237767392e-03 7.4021879684e-11
3.2533724503e-01 1.6237767392e-03 6.9720823461e-11
3.6074214893e-01 1.6237767392e-03 5.8180490828e-11
4.0000000000e-01 1.6237767392e-03 3.8819850175e-11
2.0000000000e-02 2.9763514416e-03 3.7647592037e-15
2.2176504808e-02 2.9763514416e-03 6.9888962197e-15
2.4589868274e-02 2.9763514416e-03 1.2961278856e-14
2.7265866600e-02 2.9763514416e-03 2.4027291557e-14
3.0233081086e-02 2.9763514416e-03 4.4484107097e-14
3.3523203403e-02 2.9763514416e-03 8.2260861992e-14
3.7171374071e-02 2.9763514416e-03 1.5174949898e-13
4.1216557790e-02 2.9763514416e-03 2.7889524562e-13
4.5701959599e-02 2.9763514416e-03 5.1075133320e-13
5.0675486338e-02 2.9763514416e-03 9.2813740327e-13
5.6190258320e-02 2.9763514416e-03 1.6708491508e-12
6.2305176688e-02 2.9763514416e-03 2.9684475139e-12
6.9085552518e-02 2.9763514416e-03 5.1758959998e-12
7.6603804377e-02 2.9763514416e-03 8.8127196178e-12
8.4940231802e-02 2.9763514416e-03 1.4574707841e-11
9.4183872945e-02 2.9763514416e-03 2.3281332173e-11
1.0443345556e-01 2.9763514416e-03 3.5776447105e-11
1.1579845146e-01 2.9763514416e-03 5.2723130438e-11
1.2840024578e-01 2.9763514416e-03 7.4194126744e-11
1.4237343339e-01 2.9763514416e-03 9.9494420863e-11
1.5786725650e-01 2.9763514416e-03 1.2715066250e-10
1.7504719864e-01 2.9763514416e-03 1.5546214304e-10
1.9409675211e-01 2.9763514416e-03 1.8270540139e-10
2.1521937781e-01 2.9763514416e-03 2.0772365205e-10
2.3864067833e-01 2.9763514416e-03 2.2979817625e-10
2.6461080752e-01 2.9763514416e-03 2.4515489824e-10
2.9340714225e-01 2.9763514416e-03 2.4870006495e-10
3.2533724503e-01 2.9763514416e-03 2.3424929760e-10
3.6074214893e-01 2.9763514416e-03 1.9547587699e-10
4.0000000000e-01 2.9763514416e-03 1.3042764249e-10
2.0000000000e-02 5.4555947812e-03 1.2648906816e-14
2.2176504808e-02 5.4555947812e-03 2.3481421320e-14
2.4589868274e-02 5.4555947812e-03 4.3547541714e-14
2.7265866600e-02 5.4555947812e-03 8.0727333544e-14
3.0233081086e-02 5.4555947812e-03 1.4945851647e-13
3.3523203403e-02 5.4555947812e-03 2.7638154837e-13
3.7171374071e-02 5.4555947812e-03 5.0985074162e-13
4.1216557790e-02 5.4555947812e-03 9.3703734619e-13
4.5701959599e-02 5.4555947812e-03 1.7160316690e-12
5.0675486338e-02 5.4555947812e-03 3.1183730197e-12
5.6190258320e-02 5.4555947812e-03 5.6137495305e-12
6.2305176688e-02 5.4555947812e-03 9.9734442391e-12
6.9085552518e-02 5.4555947812e-03 1.7390070028e-11
7.6603804377e-02 5.4555947812e-03 2.9609136524e-11
8.4940231802e-02 5.4555947812e-03 4.8968369921e-11
9.4183872945e-02 5.4555947812e-03 7.8221045563e-11
1.0443345556e-01 5.4555947812e-03 1.2020236120e-10
1.1579845146e-01 5.4555947812e-03 1.7714013776e-10
1.2840024578e-01 5.4555947812e-03 2.4927878377e-10
1.4237343339e-01 5.4555947812e-03 3.3428317460e-10
1.5786725650e-01 5.4555947812e-03 4.2720312096e-10
1.7504719864e-01 5.4555947812e-03 5.2232455101e-10
1.9409675211e-01 5.4555947812e-03 6.1385694861e-10
2.1521937781e-01 5.4555947812e-03 6.9791372467e-10
2.3864067833e-01 5.4555947812e-03 7.7208011473e-10
2.6461080752e-01 5.4555947812e-03 8.2367591009e-10
2.9340714225e-01 5.4555947812e-03 8.3558702601e-10
3.2533724503e-01 5.4555947812e-03 7.8703507363e-10
3.6074214893e-01 5.4555947812e-03 6.5676342603e-10
4.0000000000e-01 5.4555947812e-03 4.3821317827e-10
2.0000000000e-02 1.0000000000e-02 4.2498028422e-14
2.2176504808e-02 1.0000000000e-02 7.8893308739e-14
2.4589868274e-02 1.0000000000e-02 1.4631182697e-13
2.7265866600e-02 1.0000000000e-02 2.7122917145e-13
3.0233081086e-02 1.0000000000e-02 5.0215345669e-13
3.3523203403e-02 1.0000000000e-02 9.2859178019e-13
3.7171374071e-02 1.0000000000e-02 1.7130058450e-12
4.1216557790e-02 1.0000000000e-02 3.1482752107e-12
4.5701959599e-02 1.0000000000e-02 5.7655545815e-12
5.0675486338e-02 1.0000000000e-02 1.0477166695e-11
5.6190258320e-02 1.0000000000e-02 1.8861178327e-11
6.2305176688e-02 1.0000000000e-02 3.3508960332e-11
6.9085552518e-02 1.0000000000e-02 5.8427475280e-11
7.6603804377e-02 1.0000000000e-02 9.9481318334e-11
8.4940231802e-02 1.0000000000e-02 1.6452482471e-10
9.4183872945e-02 1.0000000000e-02 2.6280849926e-10
1.0443345556e-01 1.0000000000e-02 4.0385809121e-10
1.1579845146e-01 1.0000000000e-02 5.9515867406e-10
1.2840024578e-01 1.0000000000e-02 8.3753141609e-10
1.4237343339e-01 1.0000000000e-02 1.1231307228e-09
1.5786725650e-01 1.0000000000e-02 1.4353248578e-09
1.7504719864e-01 1.0000000000e-02 1.7549155778e-09
1.9409675211e-01 1.0000000000e-02 2.0624478011e-09
2.1521937781e-01 1.0000000000e-02 2.3448632944e-09
2.3864067833e-01 1.0000000000e-02 2.5940488879e-09
2.6461080752e-01 1.0000000000e-02 2.7674013847e-09
2.9340714225e-01 1.0000000000e-02 2.8074205698e-09
3.2533724503e-01 1.0000000000e-02 2.6442948323e-09
3.6074214893e-01 1.0000000000e-02 2.2066057685e-09
4.0000000000e-01 1.0000000000e-02 1.4723166496e-09
