2.0000000000e-02 1.0000000000e-07 4.2265882476e-24
2.2176504808e-02 1.0000000000e-07 1.2518847406e-24
2.4589868274e-02 1.0000000000e-07 2.3105917039e-24
2.7265866600e-02 1.0000000000e-07 4.2541883138e-24
3.0233081086e-02 1.0000000000e-07 7.7928426428e-24
3.3523203403e-02 1.0000000000e-07 1.4161048982e-23
3.7171374071e-02 1.0000000000e-07 2.5473303595e-23
4.1216557790e-02 1.0000000000e-07 4.5120006999e-23
4.5701959599e-02 1.0000000000e-07 7.8180177887e-23
5.0675486338e-02 1.0000000000e-07 1.3139172279e-22
5.6190258320e-02 1.0000000000e-07 2.1225695564e-22
6.2305176688e-02 1.0000000000e-07 3.2619526919e-22
6.9085552518e-02 1.0000000000e-07 4.7270111539e-22
7.6603804377e-02 1.0000000000e-07 6.4222585190e-22
8.4940231802e-02 1.0000000000e-07 8.1202892516e-22
9.4183872945e-02 1.0000000000e-07 9.4581384883e-22
1.0443345556e-01 1.0000000000e-07 1.0010444800e-21
1.1579845146e-01 1.0000000000e-07 9.4591540575e-22
1.2840024578e-01 1.0000000000e-07 7.7656315294e-22
1.4237343339e-01 1.0000000000e-07 5.2988429717e-22
1.5786725650e-01 1.0000000000e-07 2.7970857744e-22
1.7504719864e-01 1.0000000000e-07 1.0173385609e-22
1.9409675211e-01 1.0000000000e-07 2.1446287673e-23
2.1521937781e-01 1.0000000000e-07 2.0029394258e-24
2.3864067833e-01 1.0000000000e-07 5.8869392439e-26
2.6461080752e-01 1.0000000000e-07 3.1656101699e-28
2.9340714225e-01 1.0000000000e-07 1.3198600781e-31
3.2533724503e-01 1.0000000000e-07 1.1504356807e-36
3.6074214893e-01 1.0000000000e-07 2.9532142633e-44
4.0000000000e-01 1.0000000000e-07 9.1332970376e-55
2.0000000000e-02 1.8329807108e-07 1.4200568483e-23
2.2176504808e-02 1.8329807108e-07 4.2061052438e-24
2.4589868274e-02 1.8329807108e-07 7.7631682588e-24
2.7265866600e-02 1.8329807108e-07 1.4293299690e-23
3.0233081086e-02 1.8329807108e-07 2.6182535213e-23
3.3523203403e-02 1.8329807108e-07 4.7578551323e-23
3.7171374071e-02 1.8329807108e-07 8.5585671229e-23
4.1216557790e-02 1.8329807108e-07 1.5159502459e-22
4.5701959599e-02 1.8329807108e-07 2.6267119129e-22
5.0675486338e-02 1.8329807108e-07 4.4145231290e-22
5.6190258320e-02 1.8329807108e-07 7.1314480094e-22
6.2305176688e-02 1.8329807108e-07 1.0959568303e-21
6.9085552518e-02 1.8329807108e-07 1.5881898514e-21
7.6603804377e-02 1.8329807108e-07 2.1577621611e-21
8.4940231802e-02 1.8329807108e-07 2.7282696317e-21
9.4183872945e-02 1.8329807108e-07 3.1777626647e-21
1.0443345556e-01 1.8329807108e-07 3.3633275494e-21
1.1579845146e-01 1.8329807108e-07 3.1781038775e-21
1.2840024578e-01 1.8329807108e-07 2.6091110817e-21
1.4237343339e-01 1.8329807108e-07 1.7803149513e-21
1.5786725650e-01 1.8329807108e-07 9.3976999332e-22
1.7504719864e-01 1.8329807108e-07 3.4180727004e-22
1.9409675211e-01 1.8329807108e-07 7.2055629496e-23
2.1521937781e-01 1.8329807108e-07 6.7295125090e-24
2.3864067833e-01 1.8329807108e-07 1.9779046122e-25
2.6461080752e-01 1.8329807108e-07 1.0635874936e-27
2.9340714225e-01 1.8329807108e-07 4.4344900257e-31
3.2533724503e-01 1.8329807108e-07 3.8652548372e-36
3.6074214893e-01 1.8329807108e-07 9.9222632851e-44
4.0000000000e-01 1.8329807108e-07 3.0686218401e-54
2.0000000000e-02 3.3598182863e-07 4.7711329664e-23
2.2176504808e-02 3.3598182863e-07 1.4131749312e-23
2.4589868274e-02 3.3598182863e-07 2.6082834675e-23
2.7265866600e-02 3.3598182863e-07 4.8022889670e-23
3.0233081086e-02 3.3598182863e-07 8.7968560591e-23
3.3523203403e-02 3.3598182863e-07 1.5985528677e-22
3.7171374071e-02 3.3598182863e-07 2.8755230324e-22
4.1216557790e-02 3.3598182863e-07 5.0933173574e-22
4.5701959599e-02 3.3598182863e-07 8.8252747178e-22
5.0675486338e-02 3.3598182863e-07 1.4831995534e-21
5.6190258320e-02 3.3598182863e-07 2.3960369430e-21
6.2305176688e-02 3.3598182863e-07 3.6822157995e-21
6.9085552518e-02 3.3598182863e-07 5.3360293050e-21
7.6603804377e-02 3.3598182863e-07 7.2496887665e-21
8.4940231802e-02 3.3598182863e-07 9.1664901986e-21
9.4183872945e-02 3.3598182863e-07 1.0676705110e-20
1.0443345556e-01 3.3598182863e-07 1.1300169403e-20
1.1579845146e-01 3.3598182863e-07 1.0677851523e-20
1.2840024578e-01 3.3598182863e-07 8.7661391232e-21
1.4237343339e-01 3.3598182863e-07 5.9815347286e-21
1.5786725650e-01 3.3598182863e-07 3.1574564085e-21
1.7504719864e-01 3.3598182863e-07 1.1484103163e-21
1.9409675211e-01 3.3598182863e-07 2.4209382161e-22
2.1521937781e-01 3.3598182863e-07 2.2609939185e-23
2.3864067833e-01 3.3598182863e-07 6.6454000845e-25
2.6461080752e-01 3.3598182863e-07 3.5734607101e-27
2.9340714225e-01 3.3598182863e-07 1.4899080679e-30
3.2533724503e-01 3.3598182863e-07 1.2986553883e-35
3.6074214893e-01 3.3598182863e-07 3.3337001627e-43
4.0000000000e-01 3.3598182863e-07 1.0310011772e-53
2.0000000000e-02 6.1584821107e-07 2.5678129388e-23
2.2176504808e-02 6.1584821107e-07 4.7480109756e-23
2.4589868274e-02 6.1584821107e-07 8.7633584901e-23
2.7265866600e-02 6.1584821107e-07 1.6134818287e-22
3.0233081086e-02 6.1584821107e-07 2.9555837849e-22
3.3523203403e-02 6.1584821107e-07 5.3708471565e-22
3.7171374071e-02 6.1584821107e-07 9.6612348669e-22
4.1216557790e-02 6.1584821107e-07 1.7112620795e-21
4.5701959599e-02 6.1584821107e-07 2.9651319378e-21
5.0675486338e-02 6.1584821107e-07 4.9832809817e-21
5.6190258320e-02 6.1584821107e-07 8.0502487356e-21
6.2305176688e-02 6.1584821107e-07 1.2371575977e-20
6.9085552518e-02 6.1584821107e-07 1.7928088835e-20
7.6603804377e-02 6.1584821107e-07 2.4357636887e-20
8.4940231802e-02 6.1584821107e-07 3.0797741390e-20
9.4183872945e-02 6.1584821107e-07 3.5871789067e-20
1.0443345556e-01 6.1584821107e-07 3.7966515799e-20
1.1579845146e-01 6.1584821107e-07 3.5875640807e-20
1.2840024578e-01 6.1584821107e-07 2.9452634526e-20
1.4237343339e-01 6.1584821107e-07 2.0096869761e-20
1.5786725650e-01 6.1584821107e-07 1.0608479779e-20
1.7504719864e-01 6.1584821107e-07 3.8584499807e-21
1.9409675211e-01 6.1584821107e-07 8.1339124884e-22
2.1521937781e-01 6.1584821107e-07 7.5965287127e-23
2.3864067833e-01 6.1584821107e-07 2.2327336724e-24
2.6461080752e-01 6.1584821107e-07 1.2006178639e-26
2.9340714225e-01 6.1584821107e-07 5.0058203713e-30
3.2533724503e-01 6.1584821107e-07 4.3632461213e-35
3.6074214893e-01 6.1584821107e-07 1.1200626768e-42
4.0000000000e-01 6.1584821107e-07 4.0340846806e-54
2.0000000000e-02 1.1288378917e-06 8.6273848676e-23
2.2176504808e-02 1.1288378917e-06 1.5952454099e-22
2.4589868274e-02 1.1288378917e-06 2.9443292104e-22
2.7265866600e-02 1.1288378917e-06 5.4210057528e-22
3.0233081086e-02 1.1288378917e-06 9.9302244472e-22
3.3523203403e-02 1.1288378917e-06 1.8045070489e-21
3.7171374071e-02 1.1288378917e-06 3.2459993574e-21
4.1216557790e-02 1.1288378917e-06 5.7495296274e-21
4.5701959599e-02 1.1288378917e-06 9.9623045059e-21
5.0675486338e-02 1.1288378917e-06 1.6742918568e-20
5.6190258320e-02 1.1288378917e-06 2.7047372911e-20
6.2305176688e-02 1.1288378917e-06 4.1566247198e-20
6.9085552518e-02 1.1288378917e-06 6.0235120706e-20
7.6603804377e-02 1.1288378917e-06 8.1837233825e-20
8.4940231802e-02 1.1288378917e-06 1.0347481470e-19
9.4183872945e-02 1.1288378917e-06 1.2052269287e-19
1.0443345556e-01 1.1288378917e-06 1.2756059405e-19
1.1579845146e-01 1.1288378917e-06 1.2053563401e-19
1.2840024578e-01 1.1288378917e-06 9.8955500061e-20
1.4237343339e-01 1.1288378917e-06 6.7521830520e-20
1.5786725650e-01 1.1288378917e-06 3.5642564352e-20
1.7504719864e-01 1.1288378917e-06 1.2963690802e-20
1.9409675211e-01 1.1288378917e-06 2.7328467918e-21
2.1521937781e-01 1.1288378917e-06 2.5522956081e-22
2.3864067833e-01 1.1288378917e-06 7.5015794208e-24
2.6461080752e-01 1.1288378917e-06 4.0338578540e-26
2.9340714225e-01 1.1288378917e-06 1.6818646821e-29
3.2533724503e-01 1.1288378917e-06 1.4659714106e-34
3.6074214893e-01 1.1288378917e-06 3.7632070631e-42
4.0000000000e-01 1.1288378917e-06 1.3553791478e-53
2.0000000000e-02 2.0691380811e-06 2.8986445441e-22
2.2176504808e-02 2.0691380811e-06 5.3597346994e-22
2.4589868274e-02 2.0691380811e-06 9.8924111220e-22
2.7265866600e-02 2.0691380811e-06 1.8213594258e-21
3.0233081086e-02 2.0691380811e-06 3.3363749685e-21
3.3523203403e-02 2.0691380811e-06 3.8099162024e-20
3.7171374071e-02 2.0691380811e-06 1.0905967998e-20
4.1216557790e-02 2.0691380811e-06 1.9317374780e-20
4.5701959599e-02 2.0691380811e-06 3.3471532853e-20
5.0675486338e-02 2.0691380811e-06 5.6253163971e-20
5.6190258320e-02 2.0691380811e-06 9.0874258103e-20
6.2305176688e-02 2.0691380811e-06 1.3965503743e-19
6.9085552518e-02 2.0691380811e-06 2.0237906002e-19
7.6603804377e-02 2.0691380811e-06 2.7495823470e-19
8.4940231802e-02 2.0691380811e-06 3.4765657460e-19
9.4183872945e-02 2.0691380811e-06 4.0493434741e-19
1.0443345556e-01 2.0691380811e-06 4.2858041650e-19
1.1579845146e-01 2.0691380811e-06 4.0497782731e-19
1.2840024578e-01 2.0691380811e-06 3.3247249863e-19
1.4237343339e-01 2.0691380811e-06 2.2686108091e-19
1.5786725650e-01 2.0691380811e-06 1.1975253948e-19
1.7504719864e-01 2.0691380811e-06 4.3555645414e-20
1.9409675211e-01 2.0691380811e-06 9.1818686246e-21
2.1521937781e-01 2.0691380811e-06 8.5752494561e-22
2.3864067833e-01 2.0691380811e-06 2.5203943714e-23
2.6461080752e-01 2.0691380811e-06 1.3553029382e-25
2.9340714225e-01 2.0691380811e-06 5.6507597141e-29
3.2533724503e-01 2.0691380811e-06 4.9253975524e-34
3.6074214893e-01 2.0691380811e-06 1.2643691906e-41
4.0000000000e-01 2.0691380811e-06 4.5538276457e-53
2.0000000000e-02 3.7926901907e-06 9.7389189447e-22
2.2176504808e-02 3.7926901907e-06 1.8007734653e-21
2.4589868274e-02 3.7926901907e-06 3.3236703783e-21
2.7265866600e-02 3.7926901907e-06 6.1194367047e-21
3.0233081086e-02 3.7926901907e-06 1.1209613629e-20
3.3523203403e-02 3.7926901907e-06 2.0369959326e-20
3.7171374071e-02 3.7926901907e-06 3.6642070710e-20
4.1216557790e-02 3.7926901907e-06 6.4902869027e-20
4.5701959599e-02 3.7926901907e-06 1.1245826815e-19
5.0675486338e-02 3.7926901907e-06 1.8900040897e-19
5.6190258320e-02 3.7926901907e-06 3.0532099413e-19
6.2305176688e-02 3.7926901907e-06 4.6921554853e-19
6.9085552518e-02 3.7926901907e-06 6.7995686663e-19
7.6603804377e-02 3.7926901907e-06 9.2380970492e-19
8.4940231802e-02 3.7926901907e-06 1.1680629167e-18
9.4183872945e-02 3.7926901907e-06 1.3605058252e-18
1.0443345556e-01 3.7926901907e-06 1.4399523205e-18
1.1579845146e-01 3.7926901907e-06 1.3606519097e-18
1.2840024578e-01 3.7926901907e-06 1.1170471806e-18
1.4237343339e-01 3.7926901907e-06 7.6221200807e-19
1.5786725650e-01 3.7926901907e-06 4.0234677198e-19
1.7504719864e-01 3.7926901907e-06 1.4633905393e-19
1.9409675211e-01 3.7926901907e-06 3.0849410107e-20
2.1521937781e-01 3.7926901907e-06 2.8811279932e-21
2.3864067833e-01 3.7926901907e-06 8.4680670977e-23
2.6461080752e-01 3.7926901907e-06 4.5535715953e-25
2.9340714225e-01 3.7926901907e-06 1.8985525819e-28
3.2533724503e-01 3.7926901907e-06 1.6548440764e-33
3.6074214893e-01 3.7926901907e-06 4.2480507271e-41
4.0000000000e-01 3.7926901907e-06 1.5300033397e-52
2.0000000000e-02 6.9519279618e-06 3.2720997959e-21
2.2176504808e-02 6.9519279618e-06 6.0502716181e-21
2.4589868274e-02 6.9519279618e-06 1.1166928515e-20
2.7265866600e-02 6.9519279618e-06 2.0560195342e-20
3.0233081086e-02 6.9519279618e-06 3.7662264853e-20
3.3523203403e-02 6.9519279618e-06 6.8439361835e-20
3.7171374071e-02 6.9519279618e-06 1.2311069922e-19
4.1216557790e-02 6.9519279618e-06 2.1806184619e-19
4.5701959599e-02 6.9519279618e-06 3.7783934577e-19
5.0675486338e-02 6.9519279618e-06 6.3500703017e-19
5.6190258320e-02 6.9519279618e-06 1.0258230593e-18
6.2305176688e-02 6.9519279618e-06 1.5764789801e-18
6.9085552518e-02 6.9519279618e-06 2.2845315144e-18
7.6603804377e-02 6.9519279618e-06 3.1038327396e-18
8.4940231802e-02 6.9519279618e-06 3.9244791470e-18
9.4183872945e-02 6.9519279618e-06 4.5710523501e-18
1.0443345556e-01 6.9519279618e-06 4.8379781378e-18
1.1579845146e-01 6.9519279618e-06 4.5715431676e-18
1.2840024578e-01 6.9519279618e-06 3.7530755440e-18
1.4237343339e-01 6.9519279618e-06 2.5608938427e-18
1.5786725650e-01 6.9519279618e-06 1.3518120419e-18
1.7504719864e-01 6.9519279618e-06 4.9167262940e-19
1.9409675211e-01 6.9519279618e-06 1.0364841220e-19
2.1521937781e-01 6.9519279618e-06 9.6800665167e-21
2.3864067833e-01 6.9519279618e-06 2.8451166684e-22
2.6461080752e-01 6.9519279618e-06 1.5299173114e-24
2.9340714225e-01 6.9519279618e-06 6.3787916820e-28
3.2533724503e-01 6.9519279618e-06 5.5599753888e-33
3.6074214893e-01 6.9519279618e-06 1.4272678514e-40
4.0000000000e-01 6.9519279618e-06 5.1405331987e-52
2.0000000000e-02 1.2742749857e-05 1.0993660729e-20
2.2176504808e-02 1.2742749857e-05 2.0327813219e-20
2.4589868274e-02 1.2742749857e-05 3.7518850625e-20
2.7265866600e-02 1.2742749857e-05 6.9078520281e-20
3.0233081086e-02 1.2742749857e-05 1.2653836615e-19
3.3523203403e-02 1.2742749857e-05 2.2994381940e-19
3.7171374071e-02 1.2742749857e-05 4.1362957847e-19
4.1216557790e-02 1.2742749857e-05 7.3264817837e-19
4.5701959599e-02 1.2742749857e-05 1.2694715432e-18
5.0675486338e-02 1.2742749857e-05 2.1335082319e-18
5.6190258320e-02 1.2742749857e-05 3.4465790730e-18
6.2305176688e-02 1.2742749857e-05 5.2966829054e-18
6.9085552518e-02 1.2742749857e-05 7.6756107576e-18
7.6603804377e-02 1.2742749857e-05 1.0428313996e-17
8.4940231802e-02 1.2742749857e-05 1.3185536802e-17
9.4183872945e-02 1.2742749857e-05 1.5357905273e-17
1.0443345556e-01 1.2742749857e-05 1.6254727416e-17
1.1579845146e-01 1.2742749857e-05 1.5359554331e-17
1.2840024578e-01 1.2742749857e-05 1.2609651843e-17
1.4237343339e-01 1.2742749857e-05 8.6041379621e-18
1.5786725650e-01 1.2742749857e-05 4.5418428180e-18
1.7504719864e-01 1.2742749857e-05 1.6519306911e-18
1.9409675211e-01 1.2742749857e-05 3.4823983065e-19
2.1521937781e-01 1.2742749857e-05 3.2523264495e-20
2.3864067833e-01 1.2742749857e-05 9.5590750092e-22
2.6461080752e-01 1.2742749857e-05 5.1402441592e-24
2.9340714225e-01 1.2742749857e-05 2.1431580938e-27
3.2533724503e-01 1.2742749857e-05 1.8680506982e-32
3.6074214893e-01 1.2742749857e-05 4.7953606266e-40
4.0000000000e-01 1.2742749857e-05 1.7271257442e-51
2.0000000000e-02 2.3357214691e-05 3.6936702350e-20
2.2176504808e-02 2.3357214691e-05 6.8297758575e-20
2.4589868274e-02 2.3357214691e-05 1.2605652041e-19
2.7265866600e-02 2.3357214691e-05 2.3209127563e-19
3.0233081086e-02 2.3357214691e-05 4.2514591652e-19
3.3523203403e-02 2.3357214691e-05 7.7256944922e-19
3.7171374071e-02 2.3357214691e-05 1.3897202215e-18
4.1216557790e-02 2.3357214691e-05 2.4615647471e-18
4.5701959599e-02 2.3357214691e-05 4.2651937047e-18
5.0675486338e-02 2.3357214691e-05 7.1681999715e-18
5.6190258320e-02 2.3357214691e-05 1.1579879394e-17
6.2305176688e-02 2.3357214691e-05 1.7795892082e-17
6.9085552518e-02 2.3357214691e-05 2.5788657382e-17
7.6603804377e-02 2.3357214691e-05 3.5037240060e-17
8.4940231802e-02 2.3357214691e-05 4.4301007662e-17
9.4183872945e-02 2.3357214691e-05 5.1599770976e-17
1.0443345556e-01 2.3357214691e-05 5.4612930410e-17
1.1579845146e-01 2.3357214691e-05 5.1605311510e-17
1.2840024578e-01 2.3357214691e-05 4.2366138844e-17
1.4237343339e-01 2.3357214691e-05 2.8908340063e-17
1.5786725650e-01 2.3357214691e-05 1.5259766553e-17
1.7504719864e-01 2.3357214691e-05 5.5501869438e-18
1.9409675211e-01 2.3357214691e-05 1.1700225510e-18
2.1521937781e-01 2.3357214691e-05 1.0927225878e-19
2.3864067833e-01 2.3357214691e-05 3.2116755016e-21
2.6461080752e-01 2.3357214691e-05 1.7270286322e-23
2.9340714225e-01 2.3357214691e-05 7.2006217538e-27
3.2533724503e-01 2.3357214691e-05 6.2763108957e-32
3.6074214893e-01 2.3357214691e-05 1.6111540323e-39
4.0000000000e-01 2.3357214691e-05 5.8028286581e-51
2.0000000000e-02 4.2813323987e-05 1.2410060799e-19
2.2176504808e-02 4.2813323987e-05 2.2946805817e-19
2.4589868274e-02 4.2813323987e-05 4.2352700238e-19
2.7265866600e-02 4.2813323987e-05 7.7978451195e-19
3.0233081086e-02 4.2813323987e-05 1.4284130247e-18
3.3523203403e-02 4.2813323987e-05 2.5956929629e-18
3.7171374071e-02 4.2813323987e-05 4.6692074130e-18
4.1216557790e-02 4.2813323987e-05 8.2704102502e-18
4.5701959599e-02 4.2813323987e-05 1.4330275804e-17
5.0675486338e-02 4.2813323987e-05 2.4083849344e-17
5.6190258320e-02 4.2813323987e-05 3.8906290543e-17
6.2305176688e-02 4.2813323987e-05 5.9790963639e-17
6.9085552518e-02 4.2813323987e-05 8.6645202650e-17
7.6603804377e-02 4.2813323987e-05 1.1771875985e-16
8.4940231802e-02 4.2813323987e-05 1.4884333564e-16
9.4183872945e-02 4.2813323987e-05 1.7336585409e-16
1.0443345556e-01 4.2813323987e-05 1.8348952226e-16
1.1579845146e-01 4.2813323987e-05 1.7338446928e-16
1.2840024578e-01 4.2813323987e-05 1.4234252801e-16
1.4237343339e-01 4.2813323987e-05 9.7126769569e-17
1.5786725650e-01 4.2813323987e-05 5.1270042711e-17
1.7504719864e-01 4.2813323987e-05 1.8647619586e-17
1.9409675211e-01 4.2813323987e-05 3.9310631623e-18
2.1521937781e-01 4.2813323987e-05 3.6713493324e-19
2.3864067833e-01 4.2813323987e-05 1.0790646080e-20
2.6461080752e-01 4.2813323987e-05 5.8025023795e-23
2.9340714225e-01 4.2813323987e-05 2.4192780641e-26
3.2533724503e-01 4.2813323987e-05 2.1087264118e-31
3.6074214893e-01 4.2813323987e-05 5.4131847796e-39
4.0000000000e-01 4.2813323987e-05 1.9496449838e-50
2.0000000000e-02 7.8475997035e-05 4.1695549206e-19
2.2176504808e-02 7.8475997035e-05 7.7097097796e-19
2.4589868274e-02 7.8475997035e-05 1.4229737673e-18
2.7265866600e-02 7.8475997035e-05 2.6199342626e-18
3.0233081086e-02 7.8475997035e-05 4.7992082007e-18
3.3523203403e-02 7.8475997035e-05 8.7210566824e-18
3.7171374071e-02 7.8475997035e-05 1.5687688449e-17
4.1216557790e-02 7.8475997035e-05 2.7787075594e-17
4.5701959599e-02 7.8475997035e-05 4.8147122693e-17
5.0675486338e-02 7.8475997035e-05 8.0917357430e-17
5.6190258320e-02 7.8475997035e-05 1.3071806642e-16
6.2305176688e-02 7.8475997035e-05 2.0088677299e-16
6.9085552518e-02 7.8475997035e-05 2.9111213628e-16
7.6603804377e-02 7.8475997035e-05 3.9551364199e-16
8.4940231802e-02 7.8475997035e-05 5.0008656089e-16
9.4183872945e-02 7.8475997035e-05 5.8247776680e-16
1.0443345556e-01 7.8475997035e-05 6.1649145223e-16
1.1579845146e-01 7.8475997035e-05 5.8254031045e-16
1.2840024578e-01 7.8475997035e-05 4.7824502852e-16
1.4237343339e-01 7.8475997035e-05 3.2632829649e-16
1.5786725650e-01 7.8475997035e-05 1.7225802704e-16
1.7504719864e-01 7.8475997035e-05 6.2652613280e-17
1.9409675211e-01 7.8475997035e-05 1.3207657897e-17
2.1521937781e-01 7.8475997035e-05 1.2335066622e-18
2.3864067833e-01 7.8475997035e-05 3.6254610020e-20
2.6461080752e-01 7.8475997035e-05 1.9495353601e-22
2.9340714225e-01 7.8475997035e-05 8.1283346794e-26
3.2533724503e-01 7.8475997035e-05 7.0849375590e-31
3.6074214893e-01 7.8475997035e-05 1.8187317209e-38
4.0000000000e-01 7.8475997035e-05 6.5504528682e-50
2.0000000000e-02 1.4384498883e-04 1.4008946868e-18
2.2176504808e-02 1.4384498883e-04 2.5903223900e-18
2.4589868274e-02 1.4384498883e-04 4.7809332844e-18
2.7265866600e-02 1.4384498883e-04 8.8025030443e-18
3.0233081086e-02 1.4384498883e-04 1.6124467472e-17
3.3523203403e-02 1.4384498883e-04 2.9301165717e-17
3.7171374071e-02 1.4384498883e-04 5.2707782519e-17
4.1216557790e-02 1.4384498883e-04 9.3359524702e-17
4.5701959599e-02 1.4384498883e-04 1.6176558325e-16
5.0675486338e-02 1.4384498883e-04 2.7186761717e-16
5.6190258320e-02 1.4384498883e-04 4.3918894989e-16
6.2305176688e-02 1.4384498883e-04 6.7494305336e-16
6.9085552518e-02 1.4384498883e-04 9.7808387884e-16
7.6603804377e-02 1.4384498883e-04 1.3288539668e-15
8.4940231802e-02 1.4384498883e-04 1.6801999720e-15
9.4183872945e-02 1.4384498883e-04 1.9570194523e-15
1.0443345556e-01 1.4384498883e-04 2.0712992545e-15
1.1579845146e-01 1.4384498883e-04 1.9572295876e-15
1.2840024578e-01 1.4384498883e-04 1.6068163921e-15
1.4237343339e-01 1.4384498883e-04 1.0964037779e-15
1.5786725650e-01 1.4384498883e-04 5.7875566920e-16
1.7504719864e-01 1.4384498883e-04 2.1050139578e-16
1.9409675211e-01 1.4384498883e-04 4.4375330522e-17
2.1521937781e-01 1.4384498883e-04 4.1443582400e-18
2.3864067833e-01 1.4384498883e-04 1.2180890171e-19
2.6461080752e-01 1.4384498883e-04 6.5500845525e-22
2.9340714225e-01 1.4384498883e-04 2.7309727493e-25
3.2533724503e-01 1.4384498883e-04 3.5943834550e-32
3.6074214893e-01 1.4384498883e-04 6.1106080939e-38
4.0000000000e-01 1.4384498883e-04 2.2008331330e-49
2.0000000000e-02 2.6366508987e-04 4.7067515859e-18
2.2176504808e-02 2.6366508987e-04 8.7030125331e-18
2.4589868274e-02 2.6366508987e-04 1.6063067074e-17
2.7265866600e-02 2.6366508987e-04 2.9574810693e-17
3.0233081086e-02 2.6366508987e-04 5.4175280670e-17
3.3523203403e-02 2.6366508987e-04 9.8446592386e-17
3.7171374071e-02 2.6366508987e-04 1.7708857154e-16
4.1216557790e-02 2.6366508987e-04 3.1367103829e-16
4.5701959599e-02 2.6366508987e-04 5.4350296471e-16
5.0675486338e-02 2.6366508987e-04 9.1342579161e-16
5.6190258320e-02 2.6366508987e-04 1.4755950650e-15
6.2305176688e-02 2.6366508987e-04 2.2676860129e-15
6.9085552518e-02 2.6366508987e-04 3.2861841017e-15
7.6603804377e-02 2.6366508987e-04 4.4647078576e-15
8.4940231802e-02 2.6366508987e-04 5.6451665906e-15
9.4183872945e-02 2.6366508987e-04 6.5752297423e-15
1.0443345556e-01 2.6366508987e-04 6.9591891118e-15
1.1579845146e-01 2.6366508987e-04 6.5759357587e-15
1.2840024578e-01 2.6366508987e-04 5.3986110970e-15
1.4237343339e-01 2.6366508987e-04 3.6837174620e-15
1.5786725650e-01 2.6366508987e-04 1.9445138807e-15
1.7504719864e-01 2.6366508987e-04 7.0724643884e-16
1.9409675211e-01 2.6366508987e-04 1.4909304695e-16
2.1521937781e-01 2.6366508987e-04 1.3924290600e-17
2.3864067833e-01 2.6366508987e-04 4.0925577539e-19
2.6461080752e-01 2.6366508987e-04 2.2007093856e-21
2.9340714225e-01 2.6366508987e-04 9.1755721824e-25
3.2533724503e-01 2.6366508987e-04 7.9977459769e-30
3.6074214893e-01 2.6366508987e-04 2.0530532814e-37
4.0000000000e-01 2.6366508987e-04 7.3943994054e-49
2.0000000000e-02 4.8329302386e-04 1.5813830047e-17
2.2176504808e-02 4.8329302386e-04 2.9240540655e-17
2.4589868274e-02 4.8329302386e-04 5.3968986490e-17
2.7265866600e-02 4.8329302386e-04 9.9365989781e-17
3.0233081086e-02 4.8329302386e-04 1.8201909866e-16
3.3523203403e-02 4.8329302386e-04 3.3076266132e-16
3.7171374071e-02 4.8329302386e-04 5.9498542094e-16
4.1216557790e-02 4.8329302386e-04 1.0538776903e-15
4.5701959599e-02 4.8329302386e-04 1.8260711995e-15
5.0675486338e-02 4.8329302386e-04 3.0689446778e-15
5.6190258320e-02 4.8329302386e-04 4.9577312825e-15
6.2305176688e-02 4.8329302386e-04 7.6190129336e-15
6.9085552518e-02 4.8329302386e-04 1.1040981437e-14
7.6603804377e-02 4.8329302386e-04 1.5000607103e-14
8.4940231802e-02 4.8329302386e-04 1.8966733940e-14
9.4183872945e-02 4.8329302386e-04 2.2091577125e-14
1.0443345556e-01 4.8329302386e-04 2.3381610835e-14
1.1579845146e-01 4.8329302386e-04 2.2093949212e-14
1.2840024578e-01 4.8329302386e-04 1.8138352284e-14
1.4237343339e-01 4.8329302386e-04 1.2376621290e-14
1.5786725650e-01 4.8329302386e-04 6.5332132942e-15
1.7504719864e-01 4.8329302386e-04 2.3762195181e-15
1.9409675211e-01 4.8329302386e-04 5.0092554550e-16
2.1521937781e-01 4.8329302386e-04 4.6783086180e-17
2.3864067833e-01 4.8329302386e-04 1.3750250379e-18
2.6461080752e-01 4.8329302386e-04 7.3939836366e-21
2.9340714225e-01 4.8329302386e-04 3.0828255206e-24
3.2533724503e-01 4.8329302386e-04 2.6870973182e-29
3.6074214893e-01 4.8329302386e-04 6.8978859576e-37
4.0000000000e-01 4.8329302386e-04 2.4843838338e-48
2.0000000000e-02 8.8586679041e-04 5.3131595369e-17
2.2176504808e-02 8.8586679041e-04 9.8242903192e-17
2.4589868274e-02 8.8586679041e-04 1.8132598770e-16
2.7265866600e-02 8.8586679041e-04 3.3385166950e-16
3.0233081086e-02 8.8586679041e-04 6.1155109613e-16
3.3523203403e-02 8.8586679041e-04 1.1113024379e-15
3.7171374071e-02 8.8586679041e-04 1.9990428974e-15
4.1216557790e-02 8.8586679041e-04 3.5408375355e-15
4.5701959599e-02 8.8586679041e-04 6.1352674081e-15
5.0675486338e-02 8.8586679041e-04 1.0311096448e-14
5.6190258320e-02 8.8586679041e-04 1.6657076221e-14
6.2305176688e-02 8.8586679041e-04 2.5598498978e-14
6.9085552518e-02 8.8586679041e-04 3.7095691330e-14
7.6603804377e-02 8.8586679041e-04 5.0399314050e-14
8.4940231802e-02 8.8586679041e-04 6.3724779523e-14
9.4183872945e-02 8.8586679041e-04 7.4223684796e-14
1.0443345556e-01 8.8586679041e-04 7.8557963648e-14
1.1579845146e-01 8.8586679041e-04 7.4231654577e-14
1.2840024578e-01 8.8586679041e-04 6.0941567688e-14
1.4237343339e-01 8.8586679041e-04 4.1583198534e-14
1.5786725650e-01 8.8586679041e-04 2.1950409494e-14
1.7504719864e-01 8.8586679041e-04 7.9836657892e-15
1.9409675211e-01 8.8586679041e-04 1.6830188078e-15
2.1521937781e-01 8.8586679041e-04 1.5718266844e-16
2.3864067833e-01 8.8586679041e-04 4.6198342665e-18
2.6461080752e-01 8.8586679041e-04 2.4842441431e-20
2.9340714225e-01 8.8586679041e-04 1.0357733557e-23
3.2533724503e-01 8.8586679041e-04 9.0281587068e-29
3.6074214893e-01 8.8586679041e-04 2.3175643377e-36
4.0000000000e-01 8.8586679041e-04 8.3470782350e-48
2.0000000000e-02 1.6237767392e-03 1.7851250570e-16
2.2176504808e-02 1.6237767392e-03 3.3007830264e-16
2.4589868274e-02 1.6237767392e-03 6.0922236926e-16
2.7265866600e-02 1.6237767392e-03 1.1216809441e-15
3.0233081086e-02 1.6237767392e-03 2.0547005558e-15
3.3523203403e-02 1.6237767392e-03 3.7337742525e-15
3.7171374071e-02 1.6237767392e-03 6.7164208816e-15
4.1216557790e-02 1.6237767392e-03 1.1896570700e-14
4.5701959599e-02 1.6237767392e-03 2.0613383629e-14
5.0675486338e-02 1.6237767392e-03 3.4643410398e-14
5.6190258320e-02 1.6237767392e-03 5.5964749285e-14
6.2305176688e-02 1.6237767392e-03 8.6006304967e-14
6.9085552518e-02 1.6237767392e-03 1.2463478207e-13
7.6603804377e-02 1.6237767392e-03 1.6933253696e-13
8.4940231802e-02 1.6237767392e-03 2.1410367953e-13
9.4183872945e-02 1.6237767392e-03 2.4937809345e-13
1.0443345556e-01 1.6237767392e-03 2.6394048280e-13
1.1579845146e-01 1.6237767392e-03 2.4940487047e-13
1.2840024578e-01 1.6237767392e-03 2.0475259351e-13
1.4237343339e-01 1.6237767392e-03 1.3971199084e-13
1.5786725650e-01 1.6237767392e-03 7.3749387210e-14
1.7504719864e-01 1.6237767392e-03 2.6823666310e-14
1.9409675211e-01 1.6237767392e-03 5.6546373667e-15
2.1521937781e-01 1.6237767392e-03 5.2810520370e-16
2.3864067833e-01 1.6237767392e-03 1.5521803648e-17
2.6461080752e-01 1.6237767392e-03 8.3466088995e-20
2.9340714225e-01 1.6237767392e-03 3.4800102611e-23
3.2533724503e-01 1.6237767392e-03 3.0332972714e-28
3.6074214893e-01 1.6237767392e-03 7.7865950415e-36
4.0000000000e-01 1.6237767392e-03 2.8044666091e-47
2.0000000000e-02 2.9763514416e-03 5.9976958098e-16
2.2176504808e-02 2.9763514416e-03 1.1090031171e-15
2.4589868274e-02 2.9763514416e-03 2.0468764567e-15
2.7265866600e-02 2.9763514416e-03 3.7686441474e-15
3.0233081086e-02 2.9763514416e-03 6.9034205001e-15
3.3523203403e-02 2.9763514416e-03 1.2544803011e-14
3.7171374071e-02 2.9763514416e-03 2.2565953696e-14
4.1216557790e-02 2.9763514416e-03 3.9970315783e-14
4.5701959599e-02 2.9763514416e-03 6.9257223259e-14
5.0675486338e-02 2.9763514416e-03 1.1639556376e-13
5.6190258320e-02 2.9763514416e-03 1.8803138803e-13
6.2305176688e-02 2.9763514416e-03 2.8896555616e-13
6.9085552518e-02 2.9763514416e-03 4.1875021992e-13
7.6603804377e-02 2.9763514416e-03 5.6892655414e-13
8.4940231802e-02 2.9763514416e-03 7.1934945765e-13
9.4183872945e-02 2.9763514416e-03 8.3786507859e-13
1.0443345556e-01 2.9763514416e-03 8.8679206059e-13
1.1579845146e-01 2.9763514416e-03 8.3795504449e-13
1.2840024578e-01 2.9763514416e-03 6.8793150784e-13
1.4237343339e-01 2.9763514416e-03 4.6940690162e-13
1.5786725650e-01 2.9763514416e-03 2.4778453975e-13
1.7504719864e-01 2.9763514416e-03 9.0122644574e-14
1.9409675211e-01 2.9763514416e-03 1.8998554027e-14
2.1521937781e-01 2.9763514416e-03 1.7743375205e-15
2.3864067833e-01 2.9763514416e-03 5.2150439733e-17
2.6461080752e-01 2.9763514416e-03 2.8043089209e-19
2.9340714225e-01 2.9763514416e-03 1.1692202112e-22
3.2533724503e-01 2.9763514416e-03 1.0191327640e-27
3.6074214893e-01 2.9763514416e-03 2.6161544408e-35
4.0000000000e-01 2.9763514416e-03 9.4224981966e-47
2.0000000000e-02 5.4555947812e-03 2.0151168057e-15
2.2176504808e-02 5.4555947812e-03 3.7260489525e-15
2.4589868274e-02 5.4555947812e-03 6.8771329488e-15
2.7265866600e-02 5.4555947812e-03 1.2661959521e-14
3.0233081086e-02 5.4555947812e-03 2.3194238434e-14
3.3523203403e-02 5.4555947812e-03 4.2148258553e-14
3.7171374071e-02 5.4555947812e-03 7.5817503877e-14
4.1216557790e-02 5.4555947812e-03 1.3429299788e-13
4.5701959599e-02 5.4555947812e-03 2.3269168516e-13
5.0675486338e-02 5.4555947812e-03 3.9106794355e-13
5.6190258320e-02 5.4555947812e-03 6.3175129591e-13
6.2305176688e-02 5.4555947812e-03 9.7087175970e-13
6.9085552518e-02 5.4555947812e-03 1.4069246463e-12
7.6603804377e-02 5.4555947812e-03 1.9114898402e-12
8.4940231802e-02 5.4555947812e-03 2.4168834620e-12
9.4183872945e-02 5.4555947812e-03 2.8150744125e-12
1.0443345556e-01 5.4555947812e-03 2.9794601813e-12
1.1579845146e-01 5.4555947812e-03 2.8153766816e-12
1.2840024578e-01 5.4555947812e-03 2.3113248598e-12
1.4237343339e-01 5.4555947812e-03 1.5771218918e-12
1.5786725650e-01 5.4555947812e-03 8.3251102771e-13
1.7504719864e-01 5.4555947812e-03 3.0279570925e-13
1.9409675211e-01 5.4555947812e-03 6.3831689232e-14
2.1521937781e-01 5.4555947812e-03 5.9614516473e-15
2.3864067833e-01 5.4555947812e-03 1.7521600105e-16
2.6461080752e-01 5.4555947812e-03 9.4219683929e-19
2.9340714225e-01 5.4555947812e-03 3.9283674461e-22
3.2533724503e-01 5.4555947812e-03 3.4241008967e-27
3.6074214893e-01 5.4555947812e-03 8.7898035300e-35
4.0000000000e-01 5.4555947812e-03 3.1657881743e-46
2.0000000000e-02 1.0000000000e-02 4.2265882476e-14
2.2176504808e-02 1.0000000000e-02 1.2518847406e-14
2.4589868274e-02 1.0000000000e-02 2.3105917039e-14
2.7265866600e-02 1.0000000000e-02 4.2541883138e-14
3.0233081086e-02 1.0000000000e-02 7.7928426428e-14
3.3523203403e-02 1.0000000000e-02 1.4161048982e-13
3.7171374071e-02 1.0000000000e-02 2.5473303595e-13
4.1216557790e-02 1.0000000000e-02 4.5120006999e-13
4.5701959599e-02 1.0000000000e-02 7.8180177887e-13
5.0675486338e-02 1.0000000000e-02 1.3139172279e-12
5.6190258320e-02 1.0000000000e-02 2.1225695564e-12
6.2305176688e-02 1.0000000000e-02 3.2619526919e-12
6.9085552518e-02 1.0000000000e-02 4.7270111539e-12
7.6603804377e-02 1.0000000000e-02 6.4222585190e-12
8.4940231802e-02 1.0000000000e-02 8.1202892516e-12
9.4183872945e-02 1.0000000000e-02 9.4581384883e-12
1.0443345556e-01 1.0000000000e-02 1.0010444800e-11
1.1579845146e-01 1.0000000000e-02 9.4591540575e-12
1.2840024578e-01 1.0000000000e-02 7.7656315294e-12
1.4237343339e-01 1.0000000000e-02 5.2988429717e-12
1.5786725650e-01 1.0000000000e-02 2.7970857744e-12
1.7504719864e-01 1.0000000000e-02 1.0173385609e-12
1.9409675211e-01 1.0000000000e-02 2.1446287673e-13
2.1521937781e-01 1.0000000000e-02 2.0029394258e-14
2.3864067833e-01 1.0000000000e-02 5.8869392439e-16
2.6461080752e-01 1.0000000000e-02 3.1656101699e-18
2.9340714225e-01 1.0000000000e-02 1.3198600781e-21
3.2533724503e-01 1.0000000000e-02 1.1504356807e-26
3.6074214893e-01 1.0000000000e-02 2.9532142633e-34
4.0000000000e-01 1.0000000000e-02 9.1332970376e-45
