2.0000000000e-02 1.0000000000e-07 4.2362056046e-24
2.2176504808e-02 1.0000000000e-07 7.8512006599e-24
2.4589868274e-02 1.0000000000e-07 1.4524577194e-23
2.7265866600e-02 1.0000000000e-07 2.6825172948e-23
3.0233081086e-02 1.0000000000e-07 4.9387025095e-23
3.3523203403e-02 1.0000000000e-07 9.0562750346e-23
3.7171374071e-02 1.0000000000e-07 1.6498198824e-22
4.1216557790e-02 1.0000000000e-07 2.9764563972e-22
4.5701959599e-02 1.0000000000e-07 5.3035811881e-22
5.0675486338e-02 1.0000000000e-07 9.2652766600e-22
5.6190258320e-02 1.0000000000e-07 1.5773912496e-21
6.2305176688e-02 1.0000000000e-07 2.5953000146e-21
6.9085552518e-02 1.0000000000e-07 4.0900800786e-21
7.6603804377e-02 1.0000000000e-07 6.1268003122e-21
8.4940231802e-02 1.0000000000e-07 8.6563714879e-21
9.4183872945e-02 1.0000000000e-07 1.1421727204e-20
1.0443345556e-01 1.0000000000e-07 1.3886548149e-20
1.1579845146e-01 1.0000000000e-07 1.5299125362e-20
1.2840024578e-01 1.0000000000e-07 1.4951993182e-20
1.4237343339e-01 1.0000000000e-07 1.2594205810e-20
1.5786725650e-01 1.0000000000e-07 8.7457436989e-21
1.7504719864e-01 1.0000000000e-07 4.6945608719e-21
1.9409675211e-01 1.0000000000e-07 1.7612013232e-21
2.1521937781e-01 1.0000000000e-07 3.9679187364e-22
2.3864067833e-01 1.0000000000e-07 4.4317094095e-23
2.6461080752e-01 1.0000000000e-07 1.7994001340e-24
2.9340714225e-01 1.0000000000e-07 1.6059915141e-26
3.2533724503e-01 1.0000000000e-07 1.4715893329e-29
3.6074214893e-01 1.0000000000e-07 4.2298200991e-34
4.0000000000e-01 1.0000000000e-07 6.3034395781e-41
2.0000000000e-02 1.8329807108e-07 1.4232881055e-23
2.2176504808e-02 1.8329807108e-07 2.6378607546e-23
2.4589868274e-02 1.8329807108e-07 4.8799940057e-23
2.7265866600e-02 1.8329807108e-07 9.0127706602e-23
3.0233081086e-02 1.8329807108e-07 1.6593143002e-22
3.3523203403e-02 1.8329807108e-07 3.0427438467e-22
3.7171374071e-02 1.8329807108e-07 5.5430950099e-22
4.1216557790e-02 1.8329807108e-07 1.0000352632e-21
4.5701959599e-02 1.8329807108e-07 1.7819069058e-21
5.0675486338e-02 1.8329807108e-07 3.1129645950e-21
5.6190258320e-02 1.8329807108e-07 5.2997479650e-21
6.2305176688e-02 1.8329807108e-07 8.7197364476e-21
6.9085552518e-02 1.8329807108e-07 1.3741925840e-20
7.6603804377e-02 1.8329807108e-07 2.0584935725e-20
8.4940231802e-02 1.8329807108e-07 2.9083835218e-20
9.4183872945e-02 1.8329807108e-07 3.8374927921e-20
1.0443345556e-01 1.8329807108e-07 4.6656278404e-20
1.1579845146e-01 1.8329807108e-07 5.1402281155e-20
1.2840024578e-01 1.8329807108e-07 5.0235980110e-20
1.4237343339e-01 1.8329807108e-07 4.2314242980e-20
1.5786725650e-01 1.8329807108e-07 2.9384109607e-20
1.7504719864e-01 1.8329807108e-07 1.5772871463e-20
1.9409675211e-01 1.8329807108e-07 5.9173164114e-21
2.1521937781e-01 1.8329807108e-07 1.3331485929e-21
2.3864067833e-01 1.8329807108e-07 1.4889738314e-22
2.6461080752e-01 1.8329807108e-07 6.0456574747e-24
2.9340714225e-01 1.8329807108e-07 5.3958396568e-26
3.2533724503e-01 1.8329807108e-07 4.9442727507e-29
3.6074214893e-01 1.8329807108e-07 1.4211426917e-33
4.0000000000e-01 1.8329807108e-07 2.1178411561e-40
2.0000000000e-02 3.3598182863e-07 4.7819894034e-23
2.2176504808e-02 3.3598182863e-07 8.8627328001e-23
2.4589868274e-02 3.3598182863e-07 1.6395893097e-22
2.7265866600e-02 3.3598182863e-07 3.0281271674e-22
3.0233081086e-02 3.3598182863e-07 5.5749945285e-22
3.3523203403e-02 3.3598182863e-07 1.0223066417e-21
3.7171374071e-02 3.3598182863e-07 1.8623791977e-21
4.1216557790e-02 3.3598182863e-07 3.3599367641e-21
4.5701959599e-02 3.3598182863e-07 5.9868834067e-21
5.0675486338e-02 3.3598182863e-07 1.0458995371e-20
5.6190258320e-02 3.3598182863e-07 1.7806190126e-20
6.2305176688e-02 3.3598182863e-07 2.9296729968e-20
6.9085552518e-02 3.3598182863e-07 4.6170373727e-20
7.6603804377e-02 3.3598182863e-07 6.9161643472e-20
8.4940231802e-02 3.3598182863e-07 9.7716401400e-20
9.4183872945e-02 3.3598182863e-07 1.2893278456e-19
1.0443345556e-01 3.3598182863e-07 1.5675661735e-19
1.1579845146e-01 3.3598182863e-07 1.7270232418e-19
1.2840024578e-01 3.3598182863e-07 1.6878376460e-19
1.4237343339e-01 3.3598182863e-07 1.4216816734e-19
1.5786725650e-01 3.3598182863e-07 9.8725268783e-20
1.7504719864e-01 3.3598182863e-07 5.2993981970e-20
1.9409675211e-01 3.3598182863e-07 1.9881107885e-20
2.1521937781e-01 3.3598182863e-07 4.4791370208e-21
2.3864067833e-01 3.3598182863e-07 5.0026815064e-22
2.6461080752e-01 3.3598182863e-07 2.0312310536e-23
2.9340714225e-01 3.3598182863e-07 1.8129040749e-25
3.2533724503e-01 3.3598182863e-07 1.6611858000e-28
3.6074214893e-01 3.3598182863e-07 4.7747812029e-33
4.0000000000e-01 3.3598182863e-07 7.1155614437e-40
2.0000000000e-02 6.1584821107e-07 1.6066615442e-22
2.2176504808e-02 6.1584821107e-07 2.9777171728e-22
2.4589868274e-02 6.1584821107e-07 5.5087221449e-22
2.7265866600e-02 6.1584821107e-07 1.0173957030e-21
3.0233081086e-02 6.1584821107e-07 1.8730968563e-21
3.3523203403e-02 6.1584821107e-07 3.4347645488e-21
3.7171374071e-02 6.1584821107e-07 6.2572556844e-21
4.1216557790e-02 6.1584821107e-07 1.1288776981e-20
4.5701959599e-02 6.1584821107e-07 2.0114840348e-20
5.0675486338e-02 6.1584821107e-07 3.5140323903e-20
5.6190258320e-02 6.1584821107e-07 5.9825563193e-20
6.2305176688e-02 6.1584821107e-07 9.8431689075e-20
6.9085552518e-02 6.1584821107e-07 1.5512406593e-19
7.6603804377e-02 6.1584821107e-07 2.3237055445e-19
8.4940231802e-02 6.1584821107e-07 3.2830935229e-19
9.4183872945e-02 6.1584821107e-07 4.3319072728e-19
1.0443345556e-01 6.1584821107e-07 5.2667374947e-19
1.1579845146e-01 6.1584821107e-07 5.8024842687e-19
1.2840024578e-01 6.1584821107e-07 5.6708277874e-19
1.4237343339e-01 6.1584821107e-07 4.7765920834e-19
1.5786725650e-01 6.1584821107e-07 3.3169896337e-19
1.7504719864e-01 6.1584821107e-07 1.7805014969e-19
1.9409675211e-01 6.1584821107e-07 6.6796909823e-20
2.1521937781e-01 6.1584821107e-07 1.5049086469e-20
2.3864067833e-01 6.1584821107e-07 1.6808100806e-21
2.6461080752e-01 6.1584821107e-07 6.8245672375e-23
2.9340714225e-01 6.1584821107e-07 6.0910282621e-25
3.2533724503e-01 6.1584821107e-07 5.5812824278e-28
3.6074214893e-01 6.1584821107e-07 1.6042397198e-32
4.0000000000e-01 6.1584821107e-07 2.3906993456e-39
2.0000000000e-02 1.1288378917e-06 5.3980908362e-22
2.2176504808e-02 1.1288378917e-06 1.0004588609e-21
2.4589868274e-02 1.1288378917e-06 1.8508305396e-21
2.7265866600e-02 1.1288378917e-06 3.4182646874e-21
3.0233081086e-02 1.1288378917e-06 6.2932650697e-21
3.3523203403e-02 1.1288378917e-06 1.1540184740e-20
3.7171374071e-02 1.1288378917e-06 2.1023242070e-20
4.1216557790e-02 1.1288378917e-06 3.7928239330e-20
4.5701959599e-02 1.1288378917e-06 6.7582208426e-20
5.0675486338e-02 1.1288378917e-06 1.1806510283e-19
5.6190258320e-02 1.1288378917e-06 2.0100302120e-19
6.2305176688e-02 1.1288378917e-06 3.3071258890e-19
6.9085552518e-02 1.1288378917e-06 5.2118867336e-19
7.6603804377e-02 1.1288378917e-06 7.8072283803e-19
8.4940231802e-02 1.1288378917e-06 1.1030597654e-18
9.4183872945e-02 1.1288378917e-06 1.4554421270e-18
1.0443345556e-01 1.1288378917e-06 1.7695280944e-18
1.1579845146e-01 1.1288378917e-06 1.9495292752e-18
1.2840024578e-01 1.1288378917e-06 1.9052950899e-18
1.4237343339e-01 1.1288378917e-06 1.6048481428e-18
1.5786725650e-01 1.1288378917e-06 1.1144482427e-18
1.7504719864e-01 1.1288378917e-06 5.9821614879e-19
1.9409675211e-01 1.1288378917e-06 2.2442547909e-19
2.1521937781e-01 1.1288378917e-06 5.0562195911e-20
2.3864067833e-01 1.1288378917e-06 5.6472164444e-21
2.6461080752e-01 1.1288378917e-06 2.2929305801e-22
2.9340714225e-01 1.1288378917e-06 2.0464748137e-24
3.2533724503e-01 1.1288378917e-06 1.8752094762e-27
3.6074214893e-01 1.1288378917e-06 5.3899539463e-32
4.0000000000e-01 1.1288378917e-06 8.0323153783e-39
2.0000000000e-02 2.0691380811e-06 1.8136604303e-21
2.2176504808e-02 2.0691380811e-06 3.3613599754e-21
2.4589868274e-02 2.0691380811e-06 6.2184542919e-21
2.7265866600e-02 2.0691380811e-06 1.1484748204e-20
3.0233081086e-02 2.0691380811e-06 2.1144227062e-20
3.3523203403e-02 2.0691380811e-06 3.8451987366e-20
3.7171374071e-02 2.0691380811e-06 7.0634273145e-20
4.1216557790e-02 2.0691380811e-06 1.2743199207e-19
4.5701959599e-02 2.0691380811e-06 2.2706393970e-19
5.0675486338e-02 2.0691380811e-06 3.9667729148e-19
5.6190258320e-02 2.0691380811e-06 6.7533362623e-19
6.2305176688e-02 2.0691380811e-06 1.1111342037e-18
6.9085552518e-02 2.0691380811e-06 1.7510992354e-18
7.6603804377e-02 2.0691380811e-06 2.6230868677e-18
8.4940231802e-02 2.0691380811e-06 3.7060803706e-18
9.4183872945e-02 2.0691380811e-06 4.8900210728e-18
1.0443345556e-01 2.0691380811e-06 5.9452928496e-18
1.1579845146e-01 2.0691380811e-06 6.5500641084e-18
1.2840024578e-01 2.0691380811e-06 6.4014452837e-18
1.4237343339e-01 2.0691380811e-06 5.3919981369e-18
1.5786725650e-01 2.0691380811e-06 3.7443435849e-18
1.7504719864e-01 2.0691380811e-06 2.0098975559e-18
1.9409675211e-01 2.0691380811e-06 7.5402882855e-19
2.1521937781e-01 2.0691380811e-06 1.6987979042e-19
2.3864067833e-01 2.0691380811e-06 1.8973621077e-20
2.6461080752e-01 2.0691380811e-06 7.7038300921e-22
2.9340714225e-01 2.0691380811e-06 6.8757835015e-24
3.2533724503e-01 2.0691380811e-06 6.3003630887e-27
3.6074214893e-01 2.0691380811e-06 1.8109265831e-31
4.0000000000e-01 2.0691380811e-06 2.6987120089e-38
2.0000000000e-02 3.7926901907e-06 6.0935694787e-21
2.2176504808e-02 3.7926901907e-06 1.1293558712e-20
2.4589868274e-02 3.7926901907e-06 2.0892876442e-20
2.7265866600e-02 3.7926901907e-06 3.8586667030e-20
3.0233081086e-02 3.7926901907e-06 7.1040760731e-20
3.3523203403e-02 3.7926901907e-06 1.3026997812e-19
3.7171374071e-02 3.7926901907e-06 2.3731832255e-19
4.1216557790e-02 3.7926901907e-06 4.2814833721e-19
4.5701959599e-02 3.7926901907e-06 7.6289357675e-19
5.0675486338e-02 3.7926901907e-06 1.3327636177e-18
5.6190258320e-02 3.7926901907e-06 2.2689982668e-18
6.2305176688e-02 3.7926901907e-06 3.7332090161e-18
6.9085552518e-02 3.7926901907e-06 5.8833752321e-18
7.6603804377e-02 3.7926901907e-06 8.8130952247e-18
8.4940231802e-02 3.7926901907e-06 1.2451756600e-17
9.4183872945e-02 3.7926901907e-06 1.6429582221e-17
1.0443345556e-01 3.7926901907e-06 1.9975103633e-17
1.1579845146e-01 3.7926901907e-06 2.2007025168e-17
1.2840024578e-01 3.7926901907e-06 2.1507692923e-17
1.4237343339e-01 3.7926901907e-06 1.8116133940e-17
1.5786725650e-01 3.7926901907e-06 1.2580314047e-17
1.7504719864e-01 3.7926901907e-06 6.7528905617e-18
1.9409675211e-01 3.7926901907e-06 2.5333998466e-18
2.1521937781e-01 3.7926901907e-06 5.7076522631e-19
2.3864067833e-01 3.7926901907e-06 6.3747919050e-20
2.6461080752e-01 3.7926901907e-06 2.5883469218e-21
2.9340714225e-01 3.7926901907e-06 2.3101383141e-23
3.2533724503e-01 3.7926901907e-06 2.1168075116e-26
3.6074214893e-01 3.7926901907e-06 6.0843842490e-31
4.0000000000e-01 3.7926901907e-06 9.0671819570e-38
2.0000000000e-02 6.9519279618e-06 2.0473286163e-20
2.2176504808e-02 6.9519279618e-06 3.7944305078e-20
2.4589868274e-02 6.9519279618e-06 7.0196268324e-20
2.7265866600e-02 6.9519279618e-06 1.2964418949e-19
3.0233081086e-02 6.9519279618e-06 2.3868404698e-19
3.3523203403e-02 6.9519279618e-06 4.3768345464e-19
3.7171374071e-02 6.9519279618e-06 7.9734643978e-19
4.1216557790e-02 6.9519279618e-06 1.4385006126e-18
4.5701959599e-02 6.9519279618e-06 2.5631837897e-18
5.0675486338e-02 6.9519279618e-06 4.4778435739e-18
5.6190258320e-02 6.9519279618e-06 7.6234218682e-18
6.2305176688e-02 6.9519279618e-06 1.2542903919e-17
6.9085552518e-02 6.9519279618e-06 1.9767071690e-17
7.6603804377e-02 6.9519279618e-06 2.9610398495e-17
8.4940231802e-02 6.9519279618e-06 4.1835639520e-17
9.4183872945e-02 6.9519279618e-06 5.5200410781e-17
1.0443345556e-01 6.9519279618e-06 6.7112718458e-17
1.1579845146e-01 6.9519279618e-06 7.3939605585e-17
1.2840024578e-01 6.9519279618e-06 7.2261939978e-17
1.4237343339e-01 6.9519279618e-06 6.0866918088e-17
1.5786725650e-01 6.9519279618e-06 4.2267569181e-17
1.7504719864e-01 6.9519279618e-06 2.2688485195e-17
1.9409675211e-01 6.9519279618e-06 8.5117631309e-18
2.1521937781e-01 6.9519279618e-06 1.9176674445e-18
2.3864067833e-01 6.9519279618e-06 2.1418142414e-19
2.6461080752e-01 6.9519279618e-06 8.6963753191e-21
2.9340714225e-01 6.9519279618e-06 7.7616449515e-23
3.2533724503e-01 6.9519279618e-06 7.1120885859e-26
3.6074214893e-01 6.9519279618e-06 2.0442425461e-30
4.0000000000e-01 6.9519279618e-06 3.0464083744e-37
2.0000000000e-02 1.2742749857e-05 6.8786521232e-20
2.2176504808e-02 1.2742749857e-05 1.2748597006e-19
2.4589868274e-02 1.2742749857e-05 2.3584670594e-19
2.7265866600e-02 1.2742749857e-05 4.3558091857e-19
3.0233081086e-02 1.2742749857e-05 8.0193502567e-19
3.3523203403e-02 1.2742749857e-05 1.4705368745e-18
3.7171374071e-02 1.2742749857e-05 2.6789391489e-18
4.1216557790e-02 1.2742749857e-05 4.8331006630e-18
4.5701959599e-02 1.2742749857e-05 8.6118317676e-18
5.0675486338e-02 1.2742749857e-05 1.5044740723e-17
5.6190258320e-02 1.2742749857e-05 2.5613312197e-17
6.2305176688e-02 1.2742749857e-05 4.2141877950e-17
6.9085552518e-02 1.2742749857e-05 6.6413768930e-17
7.6603804377e-02 1.2742749857e-05 9.9485558326e-17
8.4940231802e-02 1.2742749857e-05 1.4056014668e-16
9.4183872945e-02 1.2742749857e-05 1.8546334955e-16
1.0443345556e-01 1.2742749857e-05 2.2548653872e-16
1.1579845146e-01 1.2742749857e-05 2.4842363892e-16
1.2840024578e-01 1.2742749857e-05 2.4278698734e-16
1.4237343339e-01 1.2742749857e-05 2.0450178442e-16
1.5786725650e-01 1.2742749857e-05 1.4201135185e-16
1.7504719864e-01 1.2742749857e-05 7.6229187445e-17
1.9409675211e-01 1.2742749857e-05 2.8597977416e-17
2.1521937781e-01 1.2742749857e-05 6.4430141471e-18
2.3864067833e-01 1.2742749857e-05 7.1961066540e-19
2.6461080752e-01 1.2742749857e-05 2.9218240821e-20
2.9340714225e-01 1.2742749857e-05 2.6077716640e-22
3.2533724503e-01 1.2742749857e-05 2.3895325285e-25
3.6074214893e-01 1.2742749857e-05 6.8682834879e-30
4.0000000000e-01 1.2742749857e-05 1.0235378564e-36
2.0000000000e-02 2.3357214691e-05 2.3111021188e-19
2.2176504808e-02 2.3357214691e-05 4.2832969346e-19
2.4589868274e-02 2.3357214691e-05 7.9240207539e-19
2.7265866600e-02 2.3357214691e-05 1.4634727354e-18
3.0233081086e-02 2.3357214691e-05 2.6943559637e-18
3.3523203403e-02 2.3357214691e-05 4.9407366816e-18
3.7171374071e-02 2.3357214691e-05 9.0007487402e-18
4.1216557790e-02 2.3357214691e-05 1.6238339987e-17
4.5701959599e-02 2.3357214691e-05 2.8934189851e-17
5.0675486338e-02 2.3357214691e-05 5.0547594992e-17
5.6190258320e-02 2.3357214691e-05 8.6056074692e-17
6.2305176688e-02 2.3357214691e-05 1.4158905215e-16
6.9085552518e-02 2.3357214691e-05 2.2313819531e-16
7.6603804377e-02 2.3357214691e-05 3.3425339809e-16
8.4940231802e-02 2.3357214691e-05 4.7225655113e-16
9.4183872945e-02 2.3357214691e-05 6.2312315326e-16
1.0443345556e-01 2.3357214691e-05 7.5759379609e-16
1.1579845146e-01 2.3357214691e-05 8.3465828480e-16
1.2840024578e-01 2.3357214691e-05 8.1572015973e-16
1.4237343339e-01 2.3357214691e-05 6.8708883488e-16
1.5786725650e-01 2.3357214691e-05 4.7713233681e-16
1.7504719864e-01 2.3357214691e-05 2.5611621793e-16
1.9409675211e-01 2.3357214691e-05 9.6084007472e-17
2.1521937781e-01 2.3357214691e-05 2.1647356750e-17
2.3864067833e-01 2.3357214691e-05 2.4177610726e-18
2.6461080752e-01 2.3357214691e-05 9.8167979805e-20
2.9340714225e-01 2.3357214691e-05 8.7616389231e-22
3.2533724503e-01 2.3357214691e-05 8.0283950848e-25
3.6074214893e-01 2.3357214691e-05 2.3076184458e-29
4.0000000000e-01 2.3357214691e-05 3.4389012066e-36
2.0000000000e-02 4.2813323987e-05 7.7648831603e-19
2.2176504808e-02 4.2813323987e-05 1.4391099366e-18
2.4589868274e-02 4.2813323987e-05 2.6623269830e-18
2.7265866600e-02 4.2813323987e-05 4.9170024578e-18
3.0233081086e-02 4.2813323987e-05 9.0525464365e-18
3.3523203403e-02 4.2813323987e-05 1.6599977450e-17
3.7171374071e-02 4.2813323987e-05 3.0240880208e-17
4.1216557790e-02 4.2813323987e-05 5.4557871627e-17
4.5701959599e-02 4.2813323987e-05 9.7213620161e-17
5.0675486338e-02 4.2813323987e-05 1.6983073398e-16
5.6190258320e-02 4.2813323987e-05 2.8913277339e-16
6.2305176688e-02 4.2813323987e-05 4.7571348656e-16
6.9085552518e-02 4.2813323987e-05 7.4970378897e-16
7.6603804377e-02 4.2813323987e-05 1.1230306791e-15
8.4940231802e-02 4.2813323987e-05 1.5866961963e-15
9.4183872945e-02 4.2813323987e-05 2.0935805649e-15
1.0443345556e-01 4.2813323987e-05 2.5453774897e-15
1.1579845146e-01 4.2813323987e-05 2.8043001681e-15
1.2840024578e-01 4.2813323987e-05 2.7406715092e-15
1.4237343339e-01 4.2813323987e-05 2.3084936317e-15
1.5786725650e-01 4.2813323987e-05 1.6030779502e-15
1.7504719864e-01 4.2813323987e-05 8.6050395240e-16
1.9409675211e-01 4.2813323987e-05 3.2282480533e-16
2.1521937781e-01 4.2813323987e-05 7.2731185059e-17
2.3864067833e-01 4.2813323987e-05 8.1232378636e-18
2.6461080752e-01 4.2813323987e-05 3.2982657367e-19
2.9340714225e-01 4.2813323987e-05 2.9437514672e-21
3.2533724503e-01 4.2813323987e-05 2.6973948615e-24
3.6074214893e-01 4.2813323987e-05 7.7531786519e-29
4.0000000000e-01 4.2813323987e-05 1.1554083159e-35
2.0000000000e-02 7.8475997035e-05 2.6088596433e-18
2.2176504808e-02 7.8475997035e-05 4.8351478811e-18
2.4589868274e-02 7.8475997035e-05 8.9449348815e-18
2.7265866600e-02 7.8475997035e-05 1.6520234771e-17
3.0233081086e-02 7.8475997035e-05 3.0414911055e-17
3.3523203403e-02 7.8475997035e-05 5.5772907790e-17
3.7171374071e-02 7.8475997035e-05 1.0160386232e-16
4.1216557790e-02 7.8475997035e-05 1.8330453475e-16
4.5701959599e-02 7.8475997035e-05 3.2662009869e-16
5.0675486338e-02 7.8475997035e-05 5.7060040561e-16
5.6190258320e-02 7.8475997035e-05 9.7143357921e-16
6.2305176688e-02 7.8475997035e-05 1.5983108712e-15
6.9085552518e-02 7.8475997035e-05 2.5188684995e-15
7.6603804377e-02 7.8475997035e-05 3.7731790118e-15
8.4940231802e-02 7.8475997035e-05 5.3310108951e-15
9.4183872945e-02 7.8475997035e-05 7.0340502659e-15
1.0443345556e-01 7.8475997035e-05 8.5520058354e-15
1.1579845146e-01 7.8475997035e-05 9.4219389850e-15
1.2840024578e-01 7.8475997035e-05 9.2081582532e-15
1.4237343339e-01 7.8475997035e-05 7.7561191176e-15
1.5786725650e-01 7.8475997035e-05 5.3860506114e-15
1.7504719864e-01 7.8475997035e-05 2.8911369147e-15
1.9409675211e-01 7.8475997035e-05 1.0846326842e-15
2.1521937781e-01 7.8475997035e-05 2.4436356555e-16
2.3864067833e-01 7.8475997035e-05 2.7292603118e-17
2.6461080752e-01 7.8475997035e-05 1.1081573535e-18
2.9340714225e-01 7.8475997035e-05 9.8904700097e-21
3.2533724503e-01 7.8475997035e-05 9.0627565812e-24
3.6074214893e-01 7.8475997035e-05 2.6049271412e-28
4.0000000000e-01 7.8475997035e-05 3.8819619878e-35
2.0000000000e-02 1.4384498883e-04 8.7652943359e-18
2.2176504808e-02 1.4384498883e-04 1.6245218268e-17
2.4589868274e-02 1.4384498883e-04 3.0053355784e-17
2.7265866600e-02 1.4384498883e-04 5.5504986878e-17
3.0233081086e-02 1.4384498883e-04 1.0218857434e-16
3.3523203403e-02 1.4384498883e-04 1.8738683547e-16
3.7171374071e-02 1.4384498883e-04 3.4137051456e-16
4.1216557790e-02 1.4384498883e-04 6.1586992783e-16
4.5701959599e-02 1.4384498883e-04 1.0973841803e-15
5.0675486338e-02 1.4384498883e-04 1.9171136769e-15
5.6190258320e-02 1.4384498883e-04 3.2638403034e-15
6.2305176688e-02 1.4384498883e-04 5.3700340922e-15
6.9085552518e-02 1.4384498883e-04 8.4629404453e-15
7.6603804377e-02 1.4384498883e-04 1.2677195841e-14
8.4940231802e-02 1.4384498883e-04 1.7911227890e-14
9.4183872945e-02 1.4384498883e-04 2.3633130710e-14
1.0443345556e-01 1.4384498883e-04 2.8733185590e-14
1.1579845146e-01 1.4384498883e-04 3.1656002894e-14
1.2840024578e-01 1.4384498883e-04 3.0937738482e-14
1.4237343339e-01 1.4384498883e-04 2.6059150842e-14
1.5786725650e-01 1.4384498883e-04 1.8096151335e-14
1.7504719864e-01 1.4384498883e-04 9.7136946742e-15
1.9409675211e-01 1.4384498883e-04 3.6441687263e-15
2.1521937781e-01 1.4384498883e-04 8.2101717602e-16
2.3864067833e-01 1.4384498883e-04 9.1698187036e-17
2.6461080752e-01 1.4384498883e-04 3.7232073405e-18
2.9340714225e-01 1.4384498883e-04 3.3230181998e-20
3.2533724503e-01 1.4384498883e-04 3.0449215285e-23
3.6074214893e-01 1.4384498883e-04 8.7520818433e-28
4.0000000000e-01 1.4384498883e-04 1.3042686873e-34
2.0000000000e-02 2.6366508987e-04 2.9449796194e-17
2.2176504808e-02 2.6366508987e-04 5.4580981401e-17
2.4589868274e-02 2.6366508987e-04 1.0097381433e-16
2.7265866600e-02 2.6366508987e-04 1.8648666989e-16
3.0233081086e-02 2.6366508987e-04 3.4333504071e-16
3.3523203403e-02 2.6366508987e-04 6.2958571643e-16
3.7171374071e-02 2.6366508987e-04 1.1469428972e-15
4.1216557790e-02 2.6366508987e-04 2.0692110455e-15
4.5701959599e-02 2.6366508987e-04 3.6870114359e-15
5.0675486338e-02 2.6366508987e-04 6.4411535886e-15
5.6190258320e-02 2.6366508987e-04 1.0965910335e-14
6.2305176688e-02 2.6366508987e-04 1.8042338741e-14
6.9085552518e-02 2.6366508987e-04 2.8433942064e-14
7.6603804377e-02 2.6366508987e-04 4.2593074407e-14
8.4940231802e-02 2.6366508987e-04 6.0178470994e-14
9.4183872945e-02 2.6366508987e-04 7.9403024721e-14
1.0443345556e-01 2.6366508987e-04 9.6538282369e-14
1.1579845146e-01 2.6366508987e-04 1.0635841739e-13
1.2840024578e-01 2.6366508987e-04 1.0394517949e-13
1.4237343339e-01 2.6366508987e-04 8.7554011524e-14
1.5786725650e-01 2.6366508987e-04 6.0799780167e-14
1.7504719864e-01 2.6366508987e-04 3.2636248994e-14
1.9409675211e-01 2.6366508987e-04 1.2243744725e-14
2.1521937781e-01 2.6366508987e-04 2.7584685214e-15
2.3864067833e-01 2.6366508987e-04 3.0808924562e-16
2.6461080752e-01 2.6366508987e-04 1.2509300106e-17
2.9340714225e-01 2.6366508987e-04 1.1164737313e-19
3.2533724503e-01 2.6366508987e-04 1.0230383032e-22
3.6074214893e-01 2.6366508987e-04 2.9405404620e-27
4.0000000000e-01 2.6366508987e-04 4.3821057859e-34
2.0000000000e-02 4.8329302386e-04 9.8945963781e-17
2.2176504808e-02 4.8329302386e-04 1.8338217939e-16
2.4589868274e-02 4.8329302386e-04 3.3925366782e-16
2.7265866600e-02 4.8329302386e-04 6.2656132366e-16
3.0233081086e-02 4.8329302386e-04 1.1535433481e-15
3.3523203403e-02 4.8329302386e-04 2.1152936028e-15
3.7171374071e-02 4.8329302386e-04 3.8535197194e-15
4.1216557790e-02 4.8329302386e-04 6.9521731088e-15
4.5701959599e-02 4.8329302386e-04 1.2387688444e-14
5.0675486338e-02 4.8329302386e-04 2.1641105612e-14
5.6190258320e-02 4.8329302386e-04 3.6843466068e-14
6.2305176688e-02 4.8329302386e-04 6.0618979629e-14
6.9085552518e-02 4.8329302386e-04 9.5532878498e-14
7.6603804377e-02 4.8329302386e-04 1.4310499026e-13
8.4940231802e-02 4.8329302386e-04 2.0218872729e-13
9.4183872945e-02 4.8329302386e-04 2.6677973445e-13
1.0443345556e-01 4.8329302386e-04 3.2435108643e-13
1.1579845146e-01 4.8329302386e-04 3.5734495566e-13
1.2840024578e-01 4.8329302386e-04 3.4923691482e-13
1.4237343339e-01 4.8329302386e-04 2.9416556896e-13
1.5786725650e-01 4.8329302386e-04 2.0427621321e-13
1.7504719864e-01 4.8329302386e-04 1.0965186616e-13
1.9409675211e-01 4.8329302386e-04 4.1136757419e-14
2.1521937781e-01 4.8329302386e-04 9.2679529802e-15
2.3864067833e-01 4.8329302386e-04 1.0351238813e-15
2.6461080752e-01 4.8329302386e-04 4.2028975245e-17
2.9340714225e-01 4.8329302386e-04 3.7511488587e-19
3.2533724503e-01 4.8329302386e-04 3.4372227986e-22
3.6074214893e-01 4.8329302386e-04 9.8796816158e-27
4.0000000000e-01 4.8329302386e-04 1.4723079152e-33
2.0000000000e-02 8.8586679041e-04 3.3244045847e-16
2.2176504808e-02 8.8586679041e-04 6.1613079971e-16
2.4589868274e-02 8.8586679041e-04 1.1398306768e-15
2.7265866600e-02 8.8586679041e-04 2.1051321927e-15
3.0233081086e-02 8.8586679041e-04 3.8756960349e-15
3.3523203403e-02 8.8586679041e-04 7.1070021277e-15
3.7171374071e-02 8.8586679041e-04 1.2947126020e-14
4.1216557790e-02 8.8586679041e-04 2.3358038340e-14
4.5701959599e-02 8.8586679041e-04 4.1620382159e-14
5.0675486338e-02 8.8586679041e-04 7.2710182370e-14
5.6190258320e-02 8.8586679041e-04 1.2378735103e-13
6.2305176688e-02 8.8586679041e-04 2.0366875625e-13
6.9085552518e-02 8.8586679041e-04 3.2097311212e-13
7.6603804377e-02 8.8586679041e-04 4.8080676314e-13
8.4940231802e-02 8.8586679041e-04 6.7931738322e-13
9.4183872945e-02 8.8586679041e-04 8.9633143020e-13
1.0443345556e-01 8.8586679041e-04 1.0897607114e-12
1.1579845146e-01 8.8586679041e-04 1.2006141165e-12
1.2840024578e-01 8.8586679041e-04 1.1733725726e-12
1.4237343339e-01 8.8586679041e-04 9.8834285777e-13
1.5786725650e-01 8.8586679041e-04 6.8633095658e-13
1.7504719864e-01 8.8586679041e-04 3.6841034506e-13
1.9409675211e-01 8.8586679041e-04 1.3821202981e-13
2.1521937781e-01 8.8586679041e-04 3.1138637899e-14
2.3864067833e-01 8.8586679041e-04 3.4778281448e-15
2.6461080752e-01 8.8586679041e-04 1.4120971958e-16
2.9340714225e-01 8.8586679041e-04 1.2603178530e-18
3.2533724503e-01 8.8586679041e-04 1.1548444013e-21
3.6074214893e-01 8.8586679041e-04 3.3193934956e-26
4.0000000000e-01 8.8586679041e-04 4.9466870565e-33
2.0000000000e-02 1.6237767392e-03 1.1169395315e-15
2.2176504808e-02 1.6237767392e-03 2.0700875276e-15
2.4589868274e-02 1.6237767392e-03 3.8296239512e-15
2.7265866600e-02 1.6237767392e-03 7.0728616361e-15
3.0233081086e-02 1.6237767392e-03 1.3021634410e-14
3.3523203403e-02 1.6237767392e-03 2.3878235709e-14
3.7171374071e-02 1.6237767392e-03 4.3499990756e-14
4.1216557790e-02 1.6237767392e-03 7.8478764348e-14
4.5701959599e-02 1.6237767392e-03 1.3983692106e-13
5.0675486338e-02 1.6237767392e-03 2.4429300033e-13
5.6190258320e-02 1.6237767392e-03 4.1590300559e-13
6.2305176688e-02 1.6237767392e-03 6.8429001161e-13
6.9085552518e-02 1.6237767392e-03 1.0784113315e-12
7.6603804377e-02 1.6237767392e-03 1.6154233550e-12
8.4940231802e-02 1.6237767392e-03 2.2823829663e-12
9.4183872945e-02 1.6237767392e-03 3.0115107298e-12
1.0443345556e-01 1.6237767392e-03 3.6613979657e-12
1.1579845146e-01 1.6237767392e-03 4.0338452635e-12
1.2840024578e-01 1.6237767392e-03 3.9423186262e-12
1.4237343339e-01 1.6237767392e-03 3.3206524067e-12
1.5786725650e-01 1.6237767392e-03 2.3059472984e-12
1.7504719864e-01 1.6237767392e-03 1.2377918142e-12
1.9409675211e-01 1.6237767392e-03 4.6436730516e-13
2.1521937781e-01 1.6237767392e-03 1.0462016502e-13
2.3864067833e-01 1.6237767392e-03 1.1684870597e-14
2.6461080752e-01 1.6237767392e-03 4.7443899806e-16
2.9340714225e-01 1.6237767392e-03 4.2344389691e-18
3.2533724503e-01 1.6237767392e-03 3.8800673373e-21
3.6074214893e-01 1.6237767392e-03 1.1152558966e-25
4.0000000000e-01 1.6237767392e-03 1.6619969629e-32
2.0000000000e-02 2.9763514416e-03 3.7527138625e-15
2.2176504808e-02 2.9763514416e-03 6.9551179295e-15
2.4589868274e-02 2.9763514416e-03 1.2866840581e-14
2.7265866600e-02 2.9763514416e-03 2.3763529861e-14
3.0233081086e-02 2.9763514416e-03 4.3750325409e-14
3.3523203403e-02 2.9763514416e-03 8.0226532980e-14
3.7171374071e-02 2.9763514416e-03 1.4615206440e-13
4.1216557790e-02 2.9763514416e-03 2.6367438754e-13
4.5701959599e-02 2.9763514416e-03 4.6982664448e-13
5.0675486338e-02 2.9763514416e-03 8.2078008971e-13
5.6190258320e-02 2.9763514416e-03 1.3973585235e-12
6.2305176688e-02 2.9763514416e-03 2.2990900941e-12
6.9085552518e-02 2.9763514416e-03 3.6232661117e-12
7.6603804377e-02 2.9763514416e-03 5.4275289281e-12
8.4940231802e-02 2.9763514416e-03 7.6683920266e-12
9.4183872945e-02 2.9763514416e-03 1.0118128819e-11
1.0443345556e-01 2.9763514416e-03 1.2301631838e-11
1.1579845146e-01 2.9763514416e-03 1.3552987080e-11
1.2840024578e-01 2.9763514416e-03 1.3245474211e-11
1.4237343339e-01 2.9763514416e-03 1.1156788678e-11
1.5786725650e-01 2.9763514416e-03 7.7475639003e-12
1.7504719864e-01 2.9763514416e-03 4.1587555720e-12
1.9409675211e-01 2.9763514416e-03 1.5601897634e-12
2.1521937781e-01 2.9763514416e-03 3.5150474356e-13
2.3864067833e-01 2.9763514416e-03 3.9259041906e-14
2.6461080752e-01 2.9763514416e-03 1.5940288214e-15
2.9340714225e-01 2.9763514416e-03 1.4226945481e-17
3.2533724503e-01 2.9763514416e-03 1.3036321192e-20
3.6074214893e-01 2.9763514416e-03 3.7470571552e-25
4.0000000000e-01 2.9763514416e-03 5.5840077876e-32
2.0000000000e-02 5.4555947812e-03 1.2608436658e-14
2.2176504808e-02 5.4555947812e-03 2.3367932403e-14
2.4589868274e-02 5.4555947812e-03 4.3230246271e-14
2.7265866600e-02 5.4555947812e-03 7.9841142175e-14
3.0233081086e-02 5.4555947812e-03 1.4699314334e-13
3.3523203403e-02 5.4555947812e-03 2.6954657255e-13
3.7171374071e-02 5.4555947812e-03 4.9104437854e-13
4.1216557790e-02 5.4555947812e-03 8.8589802888e-13
4.5701959599e-02 5.4555947812e-03 1.5785321515e-12
5.0675486338e-02 5.4555947812e-03 2.7576719544e-12
5.6190258320e-02 5.4555947812e-03 4.6948707198e-12
6.2305176688e-02 5.4555947812e-03 7.7245249400e-12
6.9085552518e-02 5.4555947812e-03 1.2173515738e-11
7.6603804377e-02 5.4555947812e-03 1.8235510942e-11
8.4940231802e-02 5.4555947812e-03 2.5764403757e-11
9.4183872945e-02 5.4555947812e-03 3.3995074230e-11
1.0443345556e-01 5.4555947812e-03 4.1331247602e-11
1.1579845146e-01 5.4555947812e-03 4.5535573826e-11
1.2840024578e-01 5.4555947812e-03 4.4502386463e-11
1.4237343339e-01 5.4555947812e-03 3.7484782618e-11
1.5786725650e-01 5.4555947812e-03 2.6030406866e-11
1.7504719864e-01 5.4555947812e-03 1.3972663019e-11
1.9409675211e-01 5.4555947812e-03 5.2419540972e-12
2.1521937781e-01 5.4555947812e-03 1.1809920651e-12
2.3864067833e-01 5.4555947812e-03 1.3190324690e-13
2.6461080752e-01 5.4555947812e-03 5.3556471830e-15
2.9340714225e-01 5.4555947812e-03 4.7799951583e-17
3.2533724503e-01 5.4555947812e-03 4.3799670326e-20
3.6074214893e-01 5.4555947812e-03 1.2589431150e-24
4.0000000000e-01 5.4555947812e-03 1.8761251476e-31
2.0000000000e-02 1.0000000000e-02 4.2362056046e-14
2.2176504808e-02 1.0000000000e-02 7.8512006599e-14
2.4589868274e-02 1.0000000000e-02 1.4524577194e-13
2.7265866600e-02 1.0000000000e-02 2.6825172948e-13
3.0233081086e-02 1.0000000000e-02 4.9387025095e-13
3.3523203403e-02 1.0000000000e-02 9.0562750346e-13
3.7171374071e-02 1.0000000000e-02 1.6498198824e-12
4.1216557790e-02 1.0000000000e-02 2.9764563972e-12
4.5701959599e-02 1.0000000000e-02 5.3035811881e-12
5.0675486338e-02 1.0000000000e-02 9.2652766600e-12
5.6190258320e-02 1.0000000000e-02 1.5773912496e-11
6.2305176688e-02 1.0000000000e-02 2.5953000146e-11
6.9085552518e-02 1.0000000000e-02 4.0900800786e-11
7.6603804377e-02 1.0000000000e-02 6.1268003122e-11
8.4940231802e-02 1.0000000000e-02 8.6563714879e-11
9.4183872945e-02 1.0000000000e-02 1.1421727204e-10
1.0443345556e-01 1.0000000000e-02 1.3886548149e-10
1.1579845146e-01 1.0000000000e-02 1.5299125362e-10
1.2840024578e-01 1.0000000000e-02 1.4951993182e-10
1.4237343339e-01 1.0000000000e-02 1.2594205810e-10
1.5786725650e-01 1.0000000000e-02 8.7457436989e-11
1.7504719864e-01 1.0000000000e-02 4.6945608719e-11
1.9409675211e-01 1.0000000000e-02 1.7612013232e-11
2.1521937781e-01 1.0000000000e-02 3.9679187364e-12
2.3864067833e-01 1.0000000000e-02 4.4317094095e-13
2.6461080752e-01 1.0000000000e-02 1.7994001340e-14
2.9340714225e-01 1.0000000000e-02 1.6059915141e-16
3.2533724503e-01 1.0000000000e-02 1.4715893329e-19
3.6074214893e-01 1.0000000000e-02 4.2298200991e-24
4.0000000000e-01 1.0000000000e-02 6.3034395781e-31
