2.0000000000e-02 1.0000000000e-07 4.2498028422e-24
2.2176504808e-02 1.0000000000e-07 1.2639189613e-24
2.4589868274e-02 1.0000000000e-07 2.3442037788e-24
2.7265866600e-02 1.0000000000e-07 4.3480205497e-24
3.0233081086e-02 1.0000000000e-07 8.0534368433e-24
3.3523203403e-02 1.0000000000e-07 1.4878225243e-23
3.7171374071e-02 1.0000000000e-07 2.7430099330e-23
4.1216557790e-02 1.0000000000e-07 5.0380217433e-23
4.5701959599e-02 1.0000000000e-07 9.2016891254e-23
5.0675486338e-02 1.0000000000e-07 1.6666820566e-22
5.6190258320e-02 1.0000000000e-07 2.9874471306e-22
6.2305176688e-02 1.0000000000e-07 5.2746066324e-22
6.9085552518e-02 1.0000000000e-07 9.1040011439e-22
7.6603804377e-02 1.0000000000e-07 1.5322391346e-21
8.4940231802e-02 1.0000000000e-07 2.4951782096e-21
9.4183872945e-02 1.0000000000e-07 3.9065336015e-21
1.0443345556e-01 1.0000000000e-07 5.8687167896e-21
1.1579845146e-01 1.0000000000e-07 8.4487194105e-21
1.2840024578e-01 1.0000000000e-07 1.1626876013e-20
1.4237343339e-01 1.0000000000e-07 1.5309393518e-20
1.5786725650e-01 1.0000000000e-07 1.9317405767e-20
1.7504719864e-01 1.0000000000e-07 2.3429968924e-20
1.9409675211e-01 1.0000000000e-07 2.7461896957e-20
2.1521937781e-01 1.0000000000e-07 3.1206571174e-20
2.3864067833e-01 1.0000000000e-07 3.4535344957e-20
2.6461080752e-01 1.0000000000e-07 3.6772984413e-20
2.9340714225e-01 1.0000000000e-07 3.7185023898e-20
3.2533724503e-01 1.0000000000e-07 3.4884973033e-20
3.6074214893e-01 1.0000000000e-07 2.8984853375e-20
4.0000000000e-01 1.0000000000e-07 1.4723166496e-19
2.0000000000e-02 1.8329807108e-07 1.4278565302e-23
2.2176504808e-02 1.8329807108e-07 4.2465380386e-24
2.4589868274e-02 1.8329807108e-07 7.8760987227e-24
2.7265866600e-02 1.8329807108e-07 1.4608558952e-23
3.0233081086e-02 1.8329807108e-07 2.7058084374e-23
3.3523203403e-02 1.8329807108e-07 4.9988133237e-23
3.7171374071e-02 1.8329807108e-07 9.2160149324e-23
4.1216557790e-02 1.8329807108e-07 1.6926837580e-22
4.5701959599e-02 1.8329807108e-07 3.0916003388e-22
5.0675486338e-02 1.8329807108e-07 5.5997488513e-22
5.6190258320e-02 1.8329807108e-07 1.0037279499e-21
6.2305176688e-02 1.8329807108e-07 1.7721719817e-21
6.9085552518e-02 1.8329807108e-07 3.0587789522e-21
7.6603804377e-02 1.8329807108e-07 5.1480450635e-21
8.4940231802e-02 1.8329807108e-07 8.3833453763e-21
9.4183872945e-02 1.8329807108e-07 1.3125243030e-20
1.0443345556e-01 1.8329807108e-07 1.9717821987e-20
1.1579845146e-01 1.8329807108e-07 2.8386161971e-20
1.2840024578e-01 1.8329807108e-07 3.9064190640e-20
1.4237343339e-01 1.8329807108e-07 5.1436780293e-20
1.5786725650e-01 1.8329807108e-07 6.4902973138e-20
1.7504719864e-01 1.8329807108e-07 7.8720438039e-20
1.9409675211e-01 1.8329807108e-07 9.2266983571e-20
2.1521937781e-01 1.8329807108e-07 1.0484840848e-19
2.3864067833e-01 1.8329807108e-07 1.1603248351e-19
2.6461080752e-01 1.8329807108e-07 1.2355054547e-19
2.9340714225e-01 1.8329807108e-07 1.2493492327e-19
3.2533724503e-01 1.8329807108e-07 1.1720717031e-19
3.6074214893e-01 1.8329807108e-07 9.7383840394e-20
4.0000000000e-01 1.8329807108e-07 4.9467164027e-19
2.0000000000e-02 3.3598182863e-07 4.7973384804e-23
2.2176504808e-02 3.3598182863e-07 1.4267596155e-23
2.4589868274e-02 3.3598182863e-07 2.6462260513e-23
2.7265866600e-02 3.3598182863e-07 4.9082103504e-23
3.0233081086e-02 3.3598182863e-07 9.0910246671e-23
3.3523203403e-02 3.3598182863e-07 1.6795104415e-22
3.7171374071e-02 3.3598182863e-07 3.0964135497e-22
4.1216557790e-02 3.3598182863e-07 5.6871098430e-22
4.5701959599e-02 3.3598182863e-07 1.0387215352e-21
5.0675486338e-02 3.3598182863e-07 1.8814138589e-21
5.6190258320e-02 3.3598182863e-07 3.3723435204e-21
6.2305176688e-02 3.3598182863e-07 5.9541758304e-21
6.9085552518e-02 3.3598182863e-07 1.0276941457e-20
7.6603804377e-02 3.3598182863e-07 1.7296495943e-20
8.4940231802e-02 3.3598182863e-07 2.8166517095e-20
9.4183872945e-02 3.3598182863e-07 4.4098431546e-20
1.0443345556e-01 3.3598182863e-07 6.6248298876e-20
1.1579845146e-01 3.3598182863e-07 9.5372346067e-20
1.2840024578e-01 3.3598182863e-07 1.3124858205e-19
1.4237343339e-01 3.3598182863e-07 1.7281823501e-19
1.5786725650e-01 3.3598182863e-07 2.1806219598e-19
1.7504719864e-01 3.3598182863e-07 2.6448636723e-19
1.9409675211e-01 3.3598182863e-07 3.1000029862e-19
2.1521937781e-01 3.3598182863e-07 3.5227160010e-19
2.3864067833e-01 3.3598182863e-07 3.8984805990e-19
2.6461080752e-01 3.3598182863e-07 4.1510738195e-19
2.9340714225e-01 3.3598182863e-07 4.1975863980e-19
3.2533724503e-01 3.3598182863e-07 3.9379479410e-19
3.6074214893e-01 3.3598182863e-07 3.2719200774e-19
4.0000000000e-01 3.3598182863e-07 1.6620068227e-18
2.0000000000e-02 6.1584821107e-07 2.5841396582e-23
2.2176504808e-02 6.1584821107e-07 4.7936530464e-23
2.4589868274e-02 6.1584821107e-07 8.8908386769e-23
2.7265866600e-02 6.1584821107e-07 1.6490694888e-22
3.0233081086e-02 6.1584821107e-07 3.0544190917e-22
3.3523203403e-02 6.1584821107e-07 5.6428498933e-22
3.7171374071e-02 6.1584821107e-07 1.0403386866e-21
4.1216557790e-02 6.1584821107e-07 1.9107655647e-21
4.5701959599e-02 6.1584821107e-07 3.4899156084e-21
5.0675486338e-02 6.1584821107e-07 6.3212086873e-21
5.6190258320e-02 6.1584821107e-07 1.1330461428e-20
6.2305176688e-02 6.1584821107e-07 2.0004948835e-20
6.9085552518e-02 6.1584821107e-07 3.4528655835e-20
7.6603804377e-02 6.1584821107e-07 5.8113083358e-20
8.4940231802e-02 6.1584821107e-07 9.4634379198e-20
9.4183872945e-02 6.1584821107e-07 1.4816271670e-19
1.0443345556e-01 6.1584821107e-07 2.2258224600e-19
1.1579845146e-01 6.1584821107e-07 3.2043375232e-19
1.2840024578e-01 6.1584821107e-07 4.4097138602e-19
1.4237343339e-01 6.1584821107e-07 5.8063786621e-19
1.5786725650e-01 6.1584821107e-07 7.3264935361e-19
1.7504719864e-01 6.1584821107e-07 8.8862613309e-19
1.9409675211e-01 6.1584821107e-07 1.0415446721e-18
2.1521937781e-01 6.1584821107e-07 1.1835685638e-18
2.3864067833e-01 6.1584821107e-07 1.3098186405e-18
2.6461080752e-01 6.1584821107e-07 1.3946853727e-18
2.9340714225e-01 6.1584821107e-07 1.4103127538e-18
3.2533724503e-01 6.1584821107e-07 1.3230789502e-18
3.6074214893e-01 6.1584821107e-07 1.0993056907e-18
4.0000000000e-01 6.1584821107e-07 7.2999787685e-19
2.0000000000e-02 1.1288378917e-06 8.6822396778e-23
2.2176504808e-02 1.1288378917e-06 1.6105803164e-22
2.4589868274e-02 1.1288378917e-06 2.9871602367e-22
2.7265866600e-02 1.1288378917e-06 5.5405738239e-22
3.0233081086e-02 1.1288378917e-06 1.0262293118e-21
3.3523203403e-02 1.1288378917e-06 1.8958950258e-21
3.7171374071e-02 1.1288378917e-06 3.4953489432e-21
4.1216557790e-02 1.1288378917e-06 6.4198250849e-21
4.5701959599e-02 1.1288378917e-06 1.1725482279e-20
5.0675486338e-02 1.1288378917e-06 2.1238112539e-20
5.6190258320e-02 1.1288378917e-06 3.8068291497e-20
6.2305176688e-02 1.1288378917e-06 6.7212992911e-20
6.9085552518e-02 1.1288378917e-06 1.1601000927e-19
7.6603804377e-02 1.1288378917e-06 1.9524940014e-19
8.4940231802e-02 1.1288378917e-06 3.1795431774e-19
9.4183872945e-02 1.1288378917e-06 4.9779980493e-19
1.0443345556e-01 1.1288378917e-06 7.4783590031e-19
1.1579845146e-01 1.1288378917e-06 1.0765991806e-18
1.2840024578e-01 1.1288378917e-06 1.4815837265e-18
1.4237343339e-01 1.1288378917e-06 1.9508377206e-18
1.5786725650e-01 1.1288378917e-06 2.4615686957e-18
1.7504719864e-01 1.1288378917e-06 2.9856223316e-18
1.9409675211e-01 1.1288378917e-06 3.4994008352e-18
2.1521937781e-01 1.1288378917e-06 3.9765753036e-18
2.3864067833e-01 1.1288378917e-06 4.4007526201e-18
2.6461080752e-01 1.1288378917e-06 4.6858894187e-18
2.9340714225e-01 1.1288378917e-06 4.7383945797e-18
3.2533724503e-01 1.1288378917e-06 4.4453048512e-18
3.6074214893e-01 1.1288378917e-06 3.6934673620e-18
4.0000000000e-01 1.1288378917e-06 2.4526602156e-18
2.0000000000e-02 2.0691380811e-06 2.9170747636e-22
2.2176504808e-02 2.0691380811e-06 5.4112571984e-22
2.4589868274e-02 2.0691380811e-06 1.0036315587e-21
2.7265866600e-02 2.0691380811e-06 1.8615321250e-21
3.0233081086e-02 2.0691380811e-06 3.4479440078e-21
3.3523203403e-02 2.0691380811e-06 3.9756100737e-20
3.7171374071e-02 2.0691380811e-06 1.1743737296e-20
4.1216557790e-02 2.0691380811e-06 2.1569445715e-20
4.5701959599e-02 2.0691380811e-06 3.9395489775e-20
5.0675486338e-02 2.0691380811e-06 7.1356198875e-20
5.6190258320e-02 2.0691380811e-06 1.2790254190e-19
6.2305176688e-02 2.0691380811e-06 2.2582344266e-19
6.9085552518e-02 2.0691380811e-06 3.8977255055e-19
7.6603804377e-02 2.0691380811e-06 6.5600250497e-19
8.4940231802e-02 2.0691380811e-06 1.0682687309e-18
9.4183872945e-02 2.0691380811e-06 1.6725168875e-18
1.0443345556e-01 2.0691380811e-06 2.5125927330e-18
1.1579845146e-01 2.0691380811e-06 3.6171776140e-18
1.2840024578e-01 2.0691380811e-06 4.9778520969e-18
1.4237343339e-01 2.0691380811e-06 6.5544602472e-18
1.5786725650e-01 2.0691380811e-06 8.2704235168e-18
1.7504719864e-01 2.0691380811e-06 1.0031148506e-17
1.9409675211e-01 2.0691380811e-06 1.1757350917e-17
2.1521937781e-01 2.0691380811e-06 1.3360570422e-17
2.3864067833e-01 2.0691380811e-06 1.4785729126e-17
2.6461080752e-01 2.0691380811e-06 1.5743736956e-17
2.9340714225e-01 2.0691380811e-06 1.5920144756e-17
3.2533724503e-01 2.0691380811e-06 1.4935416527e-17
3.6074214893e-01 2.0691380811e-06 1.2409379183e-17
4.0000000000e-01 2.0691380811e-06 8.2404926423e-18
2.0000000000e-02 3.7926901907e-06 9.8008411330e-22
2.2176504808e-02 3.7926901907e-06 1.8180840887e-21
2.4589868274e-02 3.7926901907e-06 3.3720196637e-21
2.7265866600e-02 3.7926901907e-06 6.2544096740e-21
3.0233081086e-02 3.7926901907e-06 1.1584465328e-20
3.3523203403e-02 3.7926901907e-06 2.1401581438e-20
3.7171374071e-02 3.7926901907e-06 3.9456823317e-20
4.1216557790e-02 3.7926901907e-06 7.2469418139e-20
4.5701959599e-02 3.7926901907e-06 1.3236168694e-19
5.0675486338e-02 3.7926901907e-06 2.3974386182e-19
5.6190258320e-02 3.7926901907e-06 4.2972929913e-19
6.2305176688e-02 3.7926901907e-06 7.5872573212e-19
6.9085552518e-02 3.7926901907e-06 1.3095649428e-18
7.6603804377e-02 3.7926901907e-06 2.2040492121e-18
8.4940231802e-02 3.7926901907e-06 3.5891888169e-18
9.4183872945e-02 3.7926901907e-06 5.6193528227e-18
1.0443345556e-01 3.7926901907e-06 8.4418550103e-18
1.1579845146e-01 3.7926901907e-06 1.2153059492e-17
1.2840024578e-01 3.7926901907e-06 1.6724678502e-17
1.4237343339e-01 3.7926901907e-06 2.2021795395e-17
1.5786725650e-01 3.7926901907e-06 2.7787120167e-17
1.7504719864e-01 3.7926901907e-06 3.3702836182e-17
1.9409675211e-01 3.7926901907e-06 3.9502562609e-17
2.1521937781e-01 3.7926901907e-06 4.4889088818e-17
2.3864067833e-01 3.7926901907e-06 4.9677363095e-17
2.6461080752e-01 3.7926901907e-06 5.2896095320e-17
2.9340714225e-01 3.7926901907e-06 5.3488793473e-17
3.2533724503e-01 3.7926901907e-06 5.0180285562e-17
3.6074214893e-01 3.7926901907e-06 4.1693259099e-17
4.0000000000e-01 3.7926901907e-06 2.7686557868e-17
2.0000000000e-02 6.9519279618e-06 3.2929045260e-21
2.2176504808e-02 6.9519279618e-06 6.1084321672e-21
2.4589868274e-02 6.9519279618e-06 1.1329373328e-20
2.7265866600e-02 6.9519279618e-06 2.1013679993e-20
3.0233081086e-02 6.9519279618e-06 3.8921698445e-20
3.3523203403e-02 6.9519279618e-06 7.1905424671e-20
3.7171374071e-02 6.9519279618e-06 1.3256775650e-19
4.1216557790e-02 6.9519279618e-06 2.4348407626e-19
4.5701959599e-02 6.9519279618e-06 4.4471121620e-19
5.0675486338e-02 6.9519279618e-06 8.0549581096e-19
5.6190258320e-02 6.9519279618e-06 1.4438123574e-18
6.2305176688e-02 6.9519279618e-06 2.5491805890e-18
6.9085552518e-02 6.9519279618e-06 4.3999002420e-18
7.6603804377e-02 6.9519279618e-06 7.4052048465e-18
8.4940231802e-02 6.9519279618e-06 1.2059022220e-17
9.4183872945e-02 6.9519279618e-06 1.8880004371e-17
1.0443345556e-01 6.9519279618e-06 2.8363098834e-17
1.1579845146e-01 6.9519279618e-06 4.0832071516e-17
1.2840024578e-01 6.9519279618e-06 5.6191880662e-17
1.4237343339e-01 6.9519279618e-06 7.3989230866e-17
1.5786725650e-01 6.9519279618e-06 9.3359674460e-17
1.7504719864e-01 6.9519279618e-06 1.1323540530e-16
1.9409675211e-01 6.9519279618e-06 1.3272143221e-16
2.1521937781e-01 6.9519279618e-06 1.5081918147e-16
2.3864067833e-01 6.9519279618e-06 1.6690691294e-16
2.6461080752e-01 6.9519279618e-06 1.7772126833e-16
2.9340714225e-01 6.9519279618e-06 1.7971262642e-16
3.2533724503e-01 6.9519279618e-06 1.6859664104e-16
3.6074214893e-01 6.9519279618e-06 1.4008177434e-16
4.0000000000e-01 6.9519279618e-06 9.3021803408e-17
2.0000000000e-02 1.2742749857e-05 1.1063560841e-20
2.2176504808e-02 1.2742749857e-05 2.0523222096e-20
2.4589868274e-02 1.2742749857e-05 3.8064635679e-20
2.7265866600e-02 1.2742749857e-05 7.0602146302e-20
3.0233081086e-02 1.2742749857e-05 1.3076983417e-19
3.3523203403e-02 1.2742749857e-05 2.4158916069e-19
3.7171374071e-02 1.2742749857e-05 4.4540357246e-19
4.1216557790e-02 1.2742749857e-05 8.1806225183e-19
4.5701959599e-02 1.2742749857e-05 1.4941488763e-18
5.0675486338e-02 1.2742749857e-05 2.7063195552e-18
5.6190258320e-02 1.2742749857e-05 4.8509471603e-18
6.2305176688e-02 1.2742749857e-05 8.5647835581e-18
6.9085552518e-02 1.2742749857e-05 1.4782865291e-17
7.6603804377e-02 1.2742749857e-05 2.4880142657e-17
8.4940231802e-02 1.2742749857e-05 4.0516123369e-17
9.4183872945e-02 1.2742749857e-05 6.3433383931e-17
1.0443345556e-01 1.2742749857e-05 9.5294858118e-17
1.1579845146e-01 1.2742749857e-05 1.3718834055e-16
1.2840024578e-01 1.2742749857e-05 1.8879450819e-16
1.4237343339e-01 1.2742749857e-05 2.4859037085e-16
1.5786725650e-01 1.2742749857e-05 3.1367154145e-16
1.7504719864e-01 1.2742749857e-05 3.8045038539e-16
1.9409675211e-01 1.2742749857e-05 4.4591989492e-16
2.1521937781e-01 1.2742749857e-05 5.0672504381e-16
2.3864067833e-01 1.2742749857e-05 5.6077689821e-16
2.6461080752e-01 1.2742749857e-05 5.9711116720e-16
2.9340714225e-01 1.2742749857e-05 6.0380176852e-16
3.2533724503e-01 1.2742749857e-05 5.6645407758e-16
3.6074214893e-01 1.2742749857e-05 4.7064930699e-16
4.0000000000e-01 1.2742749857e-05 3.1253635611e-16
2.0000000000e-02 2.3357214691e-05 3.7171554026e-20
2.2176504808e-02 2.3357214691e-05 6.8954296891e-20
2.4589868274e-02 2.3357214691e-05 1.2789025902e-19
2.7265866600e-02 2.3357214691e-05 2.3721038220e-19
3.0233081086e-02 2.3357214691e-05 4.3936288013e-19
3.3523203403e-02 2.3357214691e-05 8.1169567986e-19
3.7171374071e-02 2.3357214691e-05 1.4964750675e-18
4.1216557790e-02 2.3357214691e-05 2.7485405130e-18
4.5701959599e-02 2.3357214691e-05 5.0200687170e-18
5.0675486338e-02 2.3357214691e-05 9.0927419301e-18
5.6190258320e-02 2.3357214691e-05 1.6298300975e-17
6.2305176688e-02 2.3357214691e-05 2.8776116417e-17
6.9085552518e-02 2.3357214691e-05 4.9667741128e-17
7.6603804377e-02 2.3357214691e-05 8.3592758264e-17
8.4940231802e-02 2.3357214691e-05 1.3612681219e-16
9.4183872945e-02 2.3357214691e-05 2.1312464329e-16
1.0443345556e-01 2.3357214691e-05 3.2017340689e-16
1.1579845146e-01 2.3357214691e-05 4.6092789523e-16
1.2840024578e-01 2.3357214691e-05 6.3431524096e-16
1.4237343339e-01 2.3357214691e-05 8.3521847378e-16
1.5786725650e-01 2.3357214691e-05 1.0538793809e-15
1.7504719864e-01 2.3357214691e-05 1.2782441619e-15
1.9409675211e-01 2.3357214691e-05 1.4982098172e-15
2.1521937781e-01 2.3357214691e-05 1.7025040683e-15
2.3864067833e-01 2.3357214691e-05 1.8841084771e-15
2.6461080752e-01 2.3357214691e-05 2.0061850185e-15
2.9340714225e-01 2.3357214691e-05 2.0286642232e-15
3.2533724503e-01 2.3357214691e-05 1.9031827682e-15
3.6074214893e-01 2.3357214691e-05 1.5812961480e-15
4.0000000000e-01 2.3357214691e-05 1.0500653644e-15
2.0000000000e-02 4.2813323987e-05 1.2488966695e-19
2.2176504808e-02 4.2813323987e-05 2.3167390761e-19
2.4589868274e-02 4.2813323987e-05 4.2968803088e-19
2.7265866600e-02 4.2813323987e-05 7.9698377980e-19
3.0233081086e-02 4.2813323987e-05 1.4761794390e-18
3.3523203403e-02 4.2813323987e-05 2.7271499881e-18
3.7171374071e-02 4.2813323987e-05 5.0278842968e-18
4.1216557790e-02 4.2813323987e-05 9.2345966763e-18
4.5701959599e-02 4.2813323987e-05 1.6866518674e-17
5.0675486338e-02 4.2813323987e-05 3.0549960609e-17
5.6190258320e-02 4.2813323987e-05 5.4759329651e-17
6.2305176688e-02 4.2813323987e-05 9.6682522145e-17
6.9085552518e-02 4.2813323987e-05 1.6687458488e-16
7.6603804377e-02 4.2813323987e-05 2.8085647782e-16
8.4940231802e-02 4.2813323987e-05 4.5736135284e-16
9.4183872945e-02 4.2813323987e-05 7.1606007379e-16
1.0443345556e-01 4.2813323987e-05 1.0757244673e-15
1.1579845146e-01 4.2813323987e-05 1.5486339711e-15
1.2840024578e-01 4.2813323987e-05 2.1311839458e-15
1.4237343339e-01 4.2813323987e-05 2.8061823012e-15
1.5786725650e-01 4.2813323987e-05 3.5408432153e-15
1.7504719864e-01 4.2813323987e-05 4.2946681094e-15
1.9409675211e-01 4.2813323987e-05 5.0337127404e-15
2.1521937781e-01 4.2813323987e-05 5.7201043012e-15
2.3864067833e-01 4.2813323987e-05 6.3302621148e-15
2.6461080752e-01 4.2813323987e-05 6.7404171108e-15
2.9340714225e-01 4.2813323987e-05 6.8159431538e-15
3.2533724503e-01 4.2813323987e-05 6.3943482667e-15
3.6074214893e-01 4.2813323987e-05 5.3128677142e-15
4.0000000000e-01 4.2813323987e-05 3.5280288131e-15
2.0000000000e-02 7.8475997035e-05 4.1960658678e-19
2.2176504808e-02 7.8475997035e-05 7.7838223125e-19
2.4589868274e-02 7.8475997035e-05 1.4436737035e-18
2.7265866600e-02 7.8475997035e-05 2.6777206772e-18
3.0233081086e-02 7.8475997035e-05 4.9596946729e-18
3.3523203403e-02 7.8475997035e-05 9.1627283995e-18
3.7171374071e-02 7.8475997035e-05 1.6892777602e-17
4.1216557790e-02 7.8475997035e-05 3.1026566779e-17
4.5701959599e-02 7.8475997035e-05 5.6668437866e-17
5.0675486338e-02 7.8475997035e-05 1.0264231630e-16
5.6190258320e-02 7.8475997035e-05 1.8398139710e-16
6.2305176688e-02 7.8475997035e-05 3.2483570587e-16
6.9085552518e-02 7.8475997035e-05 5.6066828180e-16
7.6603804377e-02 7.8475997035e-05 9.4362672999e-16
8.4940231802e-02 7.8475997035e-05 1.5366510367e-15
9.4183872945e-02 7.8475997035e-05 2.4058317300e-15
1.0443345556e-01 7.8475997035e-05 3.6142387361e-15
1.1579845146e-01 7.8475997035e-05 5.2031287347e-15
1.2840024578e-01 7.8475997035e-05 7.1603907927e-15
1.4237343339e-01 7.8475997035e-05 9.4282626104e-15
1.5786725650e-01 7.8475997035e-05 1.1896589784e-14
1.7504719864e-01 7.8475997035e-05 1.4429304447e-14
1.9409675211e-01 7.8475997035e-05 1.6912360113e-14
2.1521937781e-01 7.8475997035e-05 1.9218511031e-14
2.3864067833e-01 7.8475997035e-05 2.1268530410e-14
2.6461080752e-01 7.8475997035e-05 2.2646576666e-14
2.9340714225e-01 7.8475997035e-05 2.2900330446e-14
3.2533724503e-01 7.8475997035e-05 2.1483848235e-14
3.6074214893e-01 7.8475997035e-05 1.7850270099e-14
4.0000000000e-01 7.8475997035e-05 1.1853535721e-14
2.0000000000e-02 1.4384498883e-04 1.4098018833e-18
2.2176504808e-02 1.4384498883e-04 2.6152228543e-18
2.4589868274e-02 1.4384498883e-04 4.8504813086e-18
2.7265866600e-02 1.4384498883e-04 8.9966548969e-18
3.0233081086e-02 1.4384498883e-04 1.6663672856e-17
3.3523203403e-02 1.4384498883e-04 3.0785102429e-17
3.7171374071e-02 1.4384498883e-04 5.6756663093e-17
4.1216557790e-02 1.4384498883e-04 1.0424362643e-16
4.5701959599e-02 1.4384498883e-04 1.9039565380e-16
5.0675486338e-02 1.4384498883e-04 3.4485953125e-16
5.6190258320e-02 1.4384498883e-04 6.1814406233e-16
6.2305176688e-02 1.4384498883e-04 1.0913889446e-15
6.9085552518e-02 1.4384498883e-04 1.8837435457e-15
7.6603804377e-02 1.4384498883e-04 3.1704143429e-15
8.4940231802e-02 1.4384498883e-04 5.1628682527e-15
9.4183872945e-02 1.4384498883e-04 8.0831574401e-15
1.0443345556e-01 1.4384498883e-04 1.2143185397e-14
1.1579845146e-01 1.4384498883e-04 1.7481567069e-14
1.2840024578e-01 1.4384498883e-04 2.4057611922e-14
1.4237343339e-01 1.4384498883e-04 3.1677249126e-14
1.5786725650e-01 1.4384498883e-04 3.9970379900e-14
1.7504719864e-01 1.4384498883e-04 4.8479840941e-14
1.9409675211e-01 1.4384498883e-04 5.6822456773e-14
2.1521937781e-01 1.4384498883e-04 6.4570704796e-14
2.3864067833e-01 1.4384498883e-04 7.1458397395e-14
2.6461080752e-01 1.4384498883e-04 7.6088382404e-14
2.9340714225e-01 1.4384498883e-04 7.6940948995e-14
3.2533724503e-01 1.4384498883e-04 9.7055221709e-16
3.6074214893e-01 1.4384498883e-04 5.9973663893e-14
4.0000000000e-01 1.4384498883e-04 3.9825726072e-14
2.0000000000e-02 2.6366508987e-04 4.7366781475e-18
2.2176504808e-02 2.6366508987e-04 8.7866735685e-18
2.4589868274e-02 2.6366508987e-04 1.6296735798e-17
2.7265866600e-02 2.6366508987e-04 3.0227125638e-17
3.0233081086e-02 2.6366508987e-04 5.5986912780e-17
3.3523203403e-02 2.6366508987e-04 1.0343235009e-16
3.7171374071e-02 2.6366508987e-04 1.9069207453e-16
4.1216557790e-02 2.6366508987e-04 3.5023964229e-16
4.5701959599e-02 2.6366508987e-04 6.3969479926e-16
5.0675486338e-02 2.6366508987e-04 1.1586653593e-15
5.6190258320e-02 2.6366508987e-04 2.0768517242e-15
6.2305176688e-02 2.6366508987e-04 3.6668685335e-15
6.9085552518e-02 2.6366508987e-04 6.3290360116e-15
7.6603804377e-02 2.6366508987e-04 1.0652016084e-14
8.4940231802e-02 2.6366508987e-04 1.7346299165e-14
9.4183872945e-02 2.6366508987e-04 2.7157940178e-14
1.0443345556e-01 2.6366508987e-04 4.0798896349e-14
1.1579845146e-01 2.6366508987e-04 5.8734888711e-14
1.2840024578e-01 2.6366508987e-04 8.0829204460e-14
1.4237343339e-01 2.6366508987e-04 1.0642980087e-13
1.5786725650e-01 2.6366508987e-04 1.3429321330e-13
1.7504719864e-01 2.6366508987e-04 1.6288345611e-13
1.9409675211e-01 2.6366508987e-04 1.9091312934e-13
2.1521937781e-01 2.6366508987e-04 2.1694583473e-13
2.3864067833e-01 2.6366508987e-04 2.4008723027e-13
2.6461080752e-01 2.6366508987e-04 2.5564313858e-13
2.9340714225e-01 2.6366508987e-04 2.5850760740e-13
3.2533724503e-01 2.6366508987e-04 2.4251781947e-13
3.6074214893e-01 2.6366508987e-04 2.0150061264e-13
4.0000000000e-01 2.6366508987e-04 1.3380720272e-13
2.0000000000e-02 4.8329302386e-04 1.5914377856e-17
2.2176504808e-02 4.8329302386e-04 2.9521626531e-17
2.4589868274e-02 4.8329302386e-04 5.4754070940e-17
2.7265866600e-02 4.8329302386e-04 1.0155764946e-16
3.0233081086e-02 4.8329302386e-04 1.8810585335e-16
3.3523203403e-02 4.8329302386e-04 3.4751390121e-16
3.7171374071e-02 4.8329302386e-04 6.4069071905e-16
4.1216557790e-02 4.8329302386e-04 1.1767415548e-15
4.5701959599e-02 4.8329302386e-04 2.1492582842e-15
5.0675486338e-02 4.8329302386e-04 3.8929050618e-15
5.6190258320e-02 4.8329302386e-04 6.9778444008e-15
6.2305176688e-02 4.8329302386e-04 1.2320011952e-14
6.9085552518e-02 4.8329302386e-04 2.1264410926e-14
7.6603804377e-02 4.8329302386e-04 3.5788838426e-14
8.4940231802e-02 4.8329302386e-04 5.8280413135e-14
9.4183872945e-02 4.8329302386e-04 9.1245744029e-14
1.0443345556e-01 4.8329302386e-04 1.3707687801e-13
1.1579845146e-01 4.8329302386e-04 1.9733855313e-13
1.2840024578e-01 4.8329302386e-04 2.7157143921e-13
1.4237343339e-01 4.8329302386e-04 3.5758479118e-13
1.5786725650e-01 4.8329302386e-04 4.5120079376e-13
1.7504719864e-01 4.8329302386e-04 5.4725881437e-13
1.9409675211e-01 4.8329302386e-04 6.4143342304e-13
2.1521937781e-01 4.8329302386e-04 7.2889858267e-13
2.3864067833e-01 4.8329302386e-04 8.0664946658e-13
2.6461080752e-01 4.8329302386e-04 8.5891449175e-13
2.9340714225e-01 4.8329302386e-04 8.6853858648e-13
3.2533724503e-01 4.8329302386e-04 8.1481580461e-13
3.6074214893e-01 4.8329302386e-04 6.7700544306e-13
4.0000000000e-01 4.8329302386e-04 4.4956788654e-13
2.0000000000e-02 8.8586679041e-04 5.3469417736e-17
2.2176504808e-02 8.8586679041e-04 9.9187300660e-17
2.4589868274e-02 8.8586679041e-04 1.8396372879e-16
2.7265866600e-02 8.8586679041e-04 3.4121524777e-16
3.0233081086e-02 8.8586679041e-04 6.3200148584e-16
3.3523203403e-02 8.8586679041e-04 1.1675835600e-15
3.7171374071e-02 8.8586679041e-04 2.1526043937e-15
4.1216557790e-02 8.8586679041e-04 3.9536377939e-15
4.5701959599e-02 8.8586679041e-04 7.2211172852e-15
5.0675486338e-02 8.8586679041e-04 1.3079453614e-14
5.6190258320e-02 8.8586679041e-04 2.3444289216e-14
6.2305176688e-02 8.8586679041e-04 4.1393001445e-14
6.9085552518e-02 8.8586679041e-04 7.1444556678e-14
7.6603804377e-02 8.8586679041e-04 1.2024399379e-13
8.4940231802e-02 8.8586679041e-04 1.9581159778e-13
9.4183872945e-02 8.8586679041e-04 3.0656911933e-13
1.0443345556e-01 8.8586679041e-04 4.6055340138e-13
1.1579845146e-01 8.8586679041e-04 6.6302167941e-13
1.2840024578e-01 8.8586679041e-04 9.1243068750e-13
1.4237343339e-01 8.8586679041e-04 1.2014199203e-12
1.5786725650e-01 8.8586679041e-04 1.5159526777e-12
1.7504719864e-01 8.8586679041e-04 1.8386901718e-12
1.9409675211e-01 8.8586679041e-04 2.1550997441e-12
2.1521937781e-01 8.8586679041e-04 2.4489667869e-12
2.3864067833e-01 8.8586679041e-04 2.7101956284e-12
2.6461080752e-01 8.8586679041e-04 2.8857966157e-12
2.9340714225e-01 8.8586679041e-04 2.9181318252e-12
3.2533724503e-01 8.8586679041e-04 2.7376330403e-12
3.6074214893e-01 8.8586679041e-04 2.2746152675e-12
4.0000000000e-01 8.8586679041e-04 1.5104664061e-12
2.0000000000e-02 1.6237767392e-03 1.7964752747e-16
2.2176504808e-02 1.6237767392e-03 3.3325130653e-16
2.4589868274e-02 1.6237767392e-03 6.1808470001e-16
2.7265866600e-02 1.6237767392e-03 1.1464212290e-15
3.0233081086e-02 1.6237767392e-03 2.1234101491e-15
3.3523203403e-02 1.6237767392e-03 3.9228685957e-15
3.7171374071e-02 1.6237767392e-03 7.2323596051e-15
4.1216557790e-02 1.6237767392e-03 1.3283504557e-14
4.5701959599e-02 1.6237767392e-03 2.4261641902e-14
5.0675486338e-02 1.6237767392e-03 4.3944587425e-14
5.6190258320e-02 1.6237767392e-03 7.8768551619e-14
6.2305176688e-02 1.6237767392e-03 1.3907296318e-13
6.9085552518e-02 1.6237767392e-03 2.4004072798e-13
7.6603804377e-02 1.6237767392e-03 4.0399796914e-13
8.4940231802e-02 1.6237767392e-03 6.5789138689e-13
9.4183872945e-02 1.6237767392e-03 1.0300165331e-12
1.0443345556e-01 1.6237767392e-03 1.5473757398e-12
1.1579845146e-01 1.6237767392e-03 2.2276323627e-12
1.2840024578e-01 1.6237767392e-03 3.0656013088e-12
1.4237343339e-01 1.6237767392e-03 4.0365526177e-12
1.5786725650e-01 1.6237767392e-03 5.0933255276e-12
1.7504719864e-01 1.6237767392e-03 6.1776648622e-12
1.9409675211e-01 1.6237767392e-03 7.2407435292e-12
2.1521937781e-01 1.6237767392e-03 8.2280833931e-12
2.3864067833e-01 1.6237767392e-03 9.1057648318e-12
2.6461080752e-01 1.6237767392e-03 9.6957522401e-12
2.9340714225e-01 1.6237767392e-03 9.8043926681e-12
3.2533724503e-01 1.6237767392e-03 9.1979495499e-12
3.6074214893e-01 1.6237767392e-03 7.6422939700e-12
4.0000000000e-01 1.6237767392e-03 5.0748926521e-12
2.0000000000e-02 2.9763514416e-03 6.0358304787e-16
2.2176504808e-02 2.9763514416e-03 1.1196638336e-15
2.4589868274e-02 2.9763514416e-03 2.0766522776e-15
2.7265866600e-02 2.9763514416e-03 3.8517670090e-15
3.0233081086e-02 2.9763514416e-03 7.1342722482e-15
3.3523203403e-02 2.9763514416e-03 1.3180125643e-14
3.7171374071e-02 2.9763514416e-03 2.4299414054e-14
4.1216557790e-02 2.9763514416e-03 4.4630161518e-14
4.5701959599e-02 2.9763514416e-03 8.1514708118e-14
5.0675486338e-02 2.9763514416e-03 1.4764582842e-13
5.6190258320e-02 2.9763514416e-03 2.6464802011e-13
6.2305176688e-02 2.9763514416e-03 4.6725988481e-13
6.9085552518e-02 2.9763514416e-03 8.0649322732e-13
7.6603804377e-02 2.9763514416e-03 1.3573597643e-12
8.4940231802e-02 2.9763514416e-03 2.2103955121e-12
9.4183872945e-02 2.9763514416e-03 3.4606683832e-12
1.0443345556e-01 2.9763514416e-03 5.1989013062e-12
1.1579845146e-01 2.9763514416e-03 7.4844399472e-12
1.2840024578e-01 2.9763514416e-03 1.0299863336e-11
1.4237343339e-01 2.9763514416e-03 1.3562083299e-11
1.5786725650e-01 2.9763514416e-03 1.7112648246e-11
1.7504719864e-01 2.9763514416e-03 2.0755831370e-11
1.9409675211e-01 2.9763514416e-03 2.4327582516e-11
2.1521937781e-01 2.9763514416e-03 2.7644865045e-11
2.3864067833e-01 2.9763514416e-03 3.0593715193e-11
2.6461080752e-01 2.9763514416e-03 3.2575965675e-11
2.9340714225e-01 2.9763514416e-03 3.2940977772e-11
3.2533724503e-01 2.9763514416e-03 3.0903439094e-11
3.6074214893e-01 2.9763514416e-03 2.5676719030e-11
4.0000000000e-01 2.9763514416e-03 1.7050717133e-11
2.0000000000e-02 5.4555947812e-03 2.0279293615e-15
2.2176504808e-02 5.4555947812e-03 3.7618670226e-15
2.4589868274e-02 5.4555947812e-03 6.9771742965e-15
2.7265866600e-02 5.4555947812e-03 1.2941237231e-14
3.0233081086e-02 5.4555947812e-03 2.3969858359e-14
3.3523203403e-02 5.4555947812e-03 4.4282827150e-14
3.7171374071e-02 5.4555947812e-03 8.1641615685e-14
4.1216557790e-02 5.4555947812e-03 1.4994923279e-13
4.5701959599e-02 5.4555947812e-03 2.7387460694e-13
5.0675486338e-02 5.4555947812e-03 4.9606315420e-13
5.6190258320e-02 5.4555947812e-03 8.8916925740e-13
6.2305176688e-02 5.4555947812e-03 1.5699083054e-12
6.9085552518e-02 5.4555947812e-03 2.7096706929e-12
7.6603804377e-02 5.4555947812e-03 4.5604821573e-12
8.4940231802e-02 5.4555947812e-03 7.4265272614e-12
9.4183872945e-02 5.4555947812e-03 1.1627216917e-11
1.0443345556e-01 5.4555947812e-03 1.7467363677e-11
1.1579845146e-01 5.4555947812e-03 2.5146358197e-11
1.2840024578e-01 5.4555947812e-03 3.4605669182e-11
1.4237343339e-01 5.4555947812e-03 4.5566135467e-11
1.5786725650e-01 5.4555947812e-03 5.7495388502e-11
1.7504719864e-01 5.4555947812e-03 6.9735821785e-11
1.9409675211e-01 5.4555947812e-03 8.1736256597e-11
2.1521937781e-01 5.4555947812e-03 9.2881723101e-11
2.3864067833e-01 5.4555947812e-03 1.0278932375e-10
2.6461080752e-01 5.4555947812e-03 1.0944932517e-10
2.9340714225e-01 5.4555947812e-03 1.1067569949e-10
3.2533724503e-01 5.4555947812e-03 1.0382993978e-10
3.6074214893e-01 5.4555947812e-03 8.6269110128e-11
4.0000000000e-01 5.4555947812e-03 5.7287311219e-11
2.0000000000e-02 1.0000000000e-02 4.2498028422e-14
2.2176504808e-02 1.0000000000e-02 1.2639189613e-14
2.4589868274e-02 1.0000000000e-02 2.3442037788e-14
2.7265866600e-02 1.0000000000e-02 4.3480205497e-14
3.0233081086e-02 1.0000000000e-02 8.0534368433e-14
3.3523203403e-02 1.0000000000e-02 1.4878225243e-13
3.7171374071e-02 1.0000000000e-02 2.7430099330e-13
4.1216557790e-02 1.0000000000e-02 5.0380217433e-13
4.5701959599e-02 1.0000000000e-02 9.2016891254e-13
5.0675486338e-02 1.0000000000e-02 1.6666820566e-12
5.6190258320e-02 1.0000000000e-02 2.9874471306e-12
6.2305176688e-02 1.0000000000e-02 5.2746066324e-12
6.9085552518e-02 1.0000000000e-02 9.1040011439e-12
7.6603804377e-02 1.0000000000e-02 1.5322391346e-11
8.4940231802e-02 1.0000000000e-02 2.4951782096e-11
9.4183872945e-02 1.0000000000e-02 3.9065336015e-11
1.0443345556e-01 1.0000000000e-02 5.8687167896e-11
1.1579845146e-01 1.0000000000e-02 8.4487194105e-11
1.2840024578e-01 1.0000000000e-02 1.1626876013e-10
1.4237343339e-01 1.0000000000e-02 1.5309393518e-10
1.5786725650e-01 1.0000000000e-02 1.9317405767e-10
1.7504719864e-01 1.0000000000e-02 2.3429968924e-10
1.9409675211e-01 1.0000000000e-02 2.7461896957e-10
2.1521937781e-01 1.0000000000e-02 3.1206571174e-10
2.3864067833e-01 1.0000000000e-02 3.4535344957e-10
2.6461080752e-01 1.0000000000e-02 3.6772984413e-10
2.9340714225e-01 1.0000000000e-02 3.7185023898e-10
3.2533724503e-01 1.0000000000e-02 3.4884973033e-10
3.6074214893e-01 1.0000000000e-02 2.8984853375e-10
4.0000000000e-01 1.0000000000e-02 1.4723166496e-09
