2.0000000000e-02 1.0000000000e-07 4.0849839962e-24
2.2176504808e-02 1.0000000000e-07 7.4342331504e-24
2.4589868274e-02 1.0000000000e-07 1.3387623767e-23
2.7265866600e-02 1.0000000000e-07 2.3765194676e-23
3.0233081086e-02 1.0000000000e-07 4.1321025700e-23
3.3523203403e-02 1.0000000000e-07 6.9867148438e-23
3.7171374071e-02 1.0000000000e-07 1.1386080515e-22
4.1216557790e-02 1.0000000000e-07 1.7731587661e-22
4.5701959599e-02 1.0000000000e-07 2.6188910956e-22
5.0675486338e-02 1.0000000000e-07 3.6380322208e-22
5.6190258320e-02 1.0000000000e-07 4.7017825079e-22
6.2305176688e-02 1.0000000000e-07 5.5690622173e-22
6.9085552518e-02 1.0000000000e-07 5.9357252154e-22
7.6603804377e-02 1.0000000000e-07 5.5560351891e-22
8.4940231802e-02 1.0000000000e-07 4.4034322598e-22
9.4183872945e-02 1.0000000000e-07 2.7890384196e-22
1.0443345556e-01 1.0000000000e-07 1.2887050502e-22
1.1579845146e-01 1.0000000000e-07 3.7607341815e-23
1.2840024578e-01 1.0000000000e-07 5.5105599487e-24
1.4237343339e-01 1.0000000000e-07 2.8663022766e-25
1.5786725650e-01 1.0000000000e-07 3.1033506676e-27
1.7504719864e-01 1.0000000000e-07 3.1477116167e-30
1.9409675211e-01 1.0000000000e-07 8.8951003529e-35
2.1521937781e-01 1.0000000000e-07 1.1573309035e-41
2.3864067833e-01 1.0000000000e-07 4.6514048624e-52
2.6461080752e-01 1.0000000000e-07 9.6614198030e-68
2.9340714225e-01 1.0000000000e-07 2.1322912875e-91
3.2533724503e-01 1.0000000000e-07 4.6794542197e-127
3.6074214893e-01 1.0000000000e-07 5.7392288427e-181
4.0000000000e-01 1.0000000000e-07 2.4455261075e-262
2.0000000000e-02 1.8329807108e-07 1.3724803929e-23
2.2176504808e-02 1.8329807108e-07 2.4977672483e-23
2.4589868274e-02 1.8329807108e-07 4.4979983142e-23
2.7265866600e-02 1.8329807108e-07 7.9846735649e-23
3.0233081086e-02 1.8329807108e-07 1.3883113775e-22
3.3523203403e-02 1.8329807108e-07 2.3474092293e-22
3.7171374071e-02 1.8329807108e-07 3.8255161523e-22
4.1216557790e-02 1.8329807108e-07 5.9574912467e-22
4.5701959599e-02 1.8329807108e-07 8.7989981927e-22
5.0675486338e-02 1.8329807108e-07 1.2223127181e-21
5.6190258320e-02 1.8329807108e-07 1.5797134848e-21
6.2305176688e-02 1.8329807108e-07 1.8711037075e-21
6.9085552518e-02 1.8329807108e-07 1.9942958121e-21
7.6603804377e-02 1.8329807108e-07 1.8667268628e-21
8.4940231802e-02 1.8329807108e-07 1.4794732229e-21
9.4183872945e-02 1.8329807108e-07 9.3706622832e-22
1.0443345556e-01 1.8329807108e-07 4.3298147933e-22
1.1579845146e-01 1.8329807108e-07 1.2635383473e-22
1.2840024578e-01 1.8329807108e-07 1.8514480083e-23
1.4237343339e-01 1.8329807108e-07 9.6302548030e-25
1.5786725650e-01 1.8329807108e-07 1.0426694322e-26
1.7504719864e-01 1.8329807108e-07 1.0575739050e-29
1.9409675211e-01 1.8329807108e-07 2.9885920824e-34
2.1521937781e-01 1.8329807108e-07 3.8884215330e-41
2.3864067833e-01 1.8329807108e-07 1.5627875114e-51
2.6461080752e-01 1.8329807108e-07 3.2460614926e-67
2.9340714225e-01 1.8329807108e-07 7.1641112594e-91
3.2533724503e-01 1.8329807108e-07 1.5722115857e-126
3.6074214893e-01 1.8329807108e-07 1.9282766015e-180
4.0000000000e-01 1.8329807108e-07 8.2165233355e-262
2.0000000000e-02 3.3598182863e-07 4.6112847218e-23
2.2176504808e-02 3.3598182863e-07 8.3920440757e-23
2.4589868274e-02 3.3598182863e-07 1.5112456988e-22
2.7265866600e-02 3.3598182863e-07 2.6827052253e-22
3.0233081086e-02 3.3598182863e-07 4.6644739533e-22
3.3523203403e-02 3.3598182863e-07 7.8868684541e-22
3.7171374071e-02 3.3598182863e-07 1.2853039123e-21
4.1216557790e-02 3.3598182863e-07 2.0016088031e-21
4.5701959599e-02 3.3598182863e-07 2.9563035029e-21
5.0675486338e-02 3.3598182863e-07 4.1067486220e-21
5.6190258320e-02 3.3598182863e-07 5.3075502534e-21
6.2305176688e-02 3.3598182863e-07 6.2865684521e-21
6.9085552518e-02 3.3598182863e-07 6.7004715377e-21
7.6603804377e-02 3.3598182863e-07 6.2718630490e-21
8.4940231802e-02 3.3598182863e-07 4.9707611883e-21
9.4183872945e-02 3.3598182863e-07 3.1483722494e-21
1.0443345556e-01 3.3598182863e-07 1.4547390919e-21
1.1579845146e-01 3.3598182863e-07 4.2452592446e-22
1.2840024578e-01 3.3598182863e-07 6.2205288745e-23
1.4237343339e-01 3.3598182863e-07 3.2355906189e-24
1.5786725650e-01 3.3598182863e-07 3.5031798247e-26
1.7504719864e-01 3.3598182863e-07 3.5532561450e-29
1.9409675211e-01 3.3598182863e-07 1.0041126329e-33
2.1521937781e-01 3.3598182863e-07 1.3064389771e-40
2.3864067833e-01 3.3598182863e-07 5.2506820582e-51
2.6461080752e-01 3.3598182863e-07 1.0906176761e-66
2.9340714225e-01 3.3598182863e-07 2.4070112014e-90
3.2533724503e-01 3.3598182863e-07 5.2823452356e-126
3.6074214893e-01 3.3598182863e-07 6.4786589867e-180
4.0000000000e-01 3.3598182863e-07 2.7606025352e-261
2.0000000000e-02 6.1584821107e-07 1.5493078732e-22
2.2176504808e-02 6.1584821107e-07 2.8195743145e-22
2.4589868274e-02 6.1584821107e-07 5.0775109338e-22
2.7265866600e-02 6.1584821107e-07 9.0134020728e-22
3.0233081086e-02 6.1584821107e-07 1.5671784884e-21
3.3523203403e-02 6.1584821107e-07 2.6498444853e-21
3.7171374071e-02 6.1584821107e-07 4.3183875880e-21
4.1216557790e-02 6.1584821107e-07 6.7250418586e-21
4.5701959599e-02 6.1584821107e-07 9.9326425687e-21
5.0675486338e-02 6.1584821107e-07 1.3797929117e-20
5.6190258320e-02 6.1584821107e-07 1.7832404397e-20
6.2305176688e-02 6.1584821107e-07 2.1121727643e-20
6.9085552518e-02 6.1584821107e-07 2.2512366799e-20
7.6603804377e-02 6.1584821107e-07 2.1072320161e-20
8.4940231802e-02 6.1584821107e-07 1.6700854337e-20
9.4183872945e-02 6.1584821107e-07 1.0577958655e-20
1.0443345556e-01 6.1584821107e-07 4.8876590027e-21
1.1579845146e-01 6.1584821107e-07 1.4263299640e-21
1.2840024578e-01 6.1584821107e-07 2.0899846663e-22
1.4237343339e-01 6.1584821107e-07 1.0870996528e-23
1.5786725650e-01 6.1584821107e-07 1.1770047635e-25
1.7504719864e-01 6.1584821107e-07 1.1938294972e-28
1.9409675211e-01 6.1584821107e-07 3.3736359854e-33
2.1521937781e-01 6.1584821107e-07 4.3893975653e-40
2.3864067833e-01 6.1584821107e-07 1.7641337595e-50
2.6461080752e-01 6.1584821107e-07 3.6642772115e-66
2.9340714225e-01 6.1584821107e-07 8.0871202499e-90
3.2533724503e-01 6.1584821107e-07 1.7747720117e-125
3.6074214893e-01 6.1584821107e-07 2.1767116934e-179
4.0000000000e-01 6.1584821107e-07 9.2751228790e-261
2.0000000000e-02 1.1288378917e-06 5.2053929233e-22
2.2176504808e-02 1.1288378917e-06 9.4732573414e-22
2.4589868274e-02 1.1288378917e-06 1.7059514084e-21
2.7265866600e-02 1.1288378917e-06 3.0283393106e-21
3.0233081086e-02 1.1288378917e-06 5.2654349433e-21
3.3523203403e-02 1.1288378917e-06 8.9029959577e-21
3.7171374071e-02 1.1288378917e-06 1.4508997585e-20
4.1216557790e-02 1.1288378917e-06 2.2594918613e-20
4.5701959599e-02 1.1288378917e-06 3.3371874134e-20
5.0675486338e-02 1.1288378917e-06 4.6358534561e-20
5.6190258320e-02 1.1288378917e-06 5.9913638380e-20
6.2305176688e-02 1.1288378917e-06 7.0965166774e-20
6.9085552518e-02 1.1288378917e-06 7.5637461639e-20
7.6603804377e-02 1.1288378917e-06 7.0799166612e-20
8.4940231802e-02 1.1288378917e-06 5.6111835799e-20
9.4183872945e-02 1.1288378917e-06 3.5540018922e-20
1.0443345556e-01 1.1288378917e-06 1.6421646094e-20
1.1579845146e-01 1.1288378917e-06 4.7922094954e-21
1.2840024578e-01 1.1288378917e-06 7.0219686998e-22
1.4237343339e-01 1.1288378917e-06 3.6524572926e-23
1.5786725650e-01 1.1288378917e-06 3.9545221275e-25
1.7504719864e-01 1.1288378917e-06 4.0110501753e-28
1.9409675211e-01 1.1288378917e-06 1.1334803875e-32
2.1521937781e-01 1.1288378917e-06 1.4747578206e-39
2.3864067833e-01 1.1288378917e-06 5.9271688645e-50
2.6461080752e-01 1.1288378917e-06 1.2311305581e-65
2.9340714225e-01 1.1288378917e-06 2.7171254499e-89
3.2533724503e-01 1.1288378917e-06 5.9629114589e-125
3.6074214893e-01 1.1288378917e-06 7.3133557515e-179
4.0000000000e-01 1.1288378917e-06 3.1162727456e-260
2.0000000000e-02 2.0691380811e-06 1.7489174331e-21
2.2176504808e-02 2.0691380811e-06 3.1828423246e-21
2.4589868274e-02 2.0691380811e-06 5.7316867375e-21
2.7265866600e-02 2.0691380811e-06 1.0174669793e-20
3.0233081086e-02 2.0691380811e-06 1.7690904608e-20
3.3523203403e-02 2.0691380811e-06 2.9665195072e-20
3.7171374071e-02 2.0691380811e-06 4.8747595403e-20
4.1216557790e-02 2.0691380811e-06 7.5914820732e-20
4.5701959599e-02 2.0691380811e-06 1.1212343296e-19
5.0675486338e-02 2.0691380811e-06 1.5575625214e-19
5.6190258320e-02 2.0691380811e-06 2.0129893783e-19
6.2305176688e-02 2.0691380811e-06 2.3843006502e-19
6.9085552518e-02 2.0691380811e-06 2.5412812674e-19
7.6603804377e-02 2.0691380811e-06 2.3787233464e-19
8.4940231802e-02 2.0691380811e-06 1.8852557199e-19
9.4183872945e-02 2.0691380811e-06 1.1940800547e-19
1.0443345556e-01 2.0691380811e-06 5.5173746838e-20
1.1579845146e-01 2.0691380811e-06 1.6100953094e-20
1.2840024578e-01 2.0691380811e-06 2.3592538843e-21
1.4237343339e-01 2.0691380811e-06 1.2271592801e-22
1.5786725650e-01 2.0691380811e-06 1.3286475758e-24
1.7504719864e-01 2.0691380811e-06 1.3476399726e-27
1.9409675211e-01 2.0691380811e-06 3.8082881331e-32
2.1521937781e-01 2.0691380811e-06 4.9549182934e-39
2.3864067833e-01 2.0691380811e-06 1.9914210337e-49
2.6461080752e-01 2.0691380811e-06 4.1363749620e-65
2.9340714225e-01 2.0691380811e-06 9.1290477727e-89
3.2533724503e-01 2.0691380811e-06 2.0034298959e-124
3.6074214893e-01 2.0691380811e-06 2.4571546388e-178
4.0000000000e-01 2.0691380811e-06 1.0470110156e-259
2.0000000000e-02 3.7926901907e-06 5.8760447729e-21
2.2176504808e-02 3.7926901907e-06 1.0693771845e-20
2.4589868274e-02 3.7926901907e-06 1.9257425912e-20
2.7265866600e-02 3.7926901907e-06 3.4185041627e-20
3.0233081086e-02 3.7926901907e-06 5.9438224802e-20
3.3523203403e-02 3.7926901907e-06 1.0050039187e-19
3.7171374071e-02 3.7926901907e-06 1.6378306245e-19
4.1216557790e-02 3.7926901907e-06 2.5506000289e-19
4.5701959599e-02 3.7926901907e-06 3.7671436039e-19
5.0675486338e-02 3.7926901907e-06 5.2331270415e-19
5.6190258320e-02 3.7926901907e-06 6.7632785232e-19
6.2305176688e-02 3.7926901907e-06 8.0108169244e-19
6.9085552518e-02 3.7926901907e-06 8.5382432729e-19
7.6603804377e-02 3.7926901907e-06 7.9920781971e-19
8.4940231802e-02 3.7926901907e-06 6.3341166422e-19
9.4183872945e-02 3.7926901907e-06 4.0118920030e-19
1.0443345556e-01 3.7926901907e-06 1.8537376355e-19
1.1579845146e-01 3.7926901907e-06 5.4096276633e-20
1.2840024578e-01 3.7926901907e-06 7.9266643426e-21
1.4237343339e-01 3.7926901907e-06 4.1230321896e-22
1.5786725650e-01 3.7926901907e-06 4.4640144211e-24
1.7504719864e-01 3.7926901907e-06 4.5278254233e-27
1.9409675211e-01 3.7926901907e-06 1.2795156109e-31
2.1521937781e-01 3.7926901907e-06 1.6647625089e-38
2.3864067833e-01 3.7926901907e-06 6.6908128047e-49
2.6461080752e-01 3.7926901907e-06 1.3897468236e-64
2.9340714225e-01 3.7926901907e-06 3.0671941643e-88
3.2533724503e-01 3.7926901907e-06 6.7311603996e-124
3.6074214893e-01 3.7926901907e-06 8.2555930877e-178
4.0000000000e-01 3.7926901907e-06 3.5177667561e-259
2.0000000000e-02 6.9519279618e-06 1.9742442679e-20
2.2176504808e-02 6.9519279618e-06 3.5929130193e-20
2.4589868274e-02 6.9519279618e-06 6.4701451725e-20
2.7265866600e-02 6.9519279618e-06 1.1485552797e-19
3.0233081086e-02 6.9519279618e-06 1.9970163459e-19
3.3523203403e-02 6.9519279618e-06 3.3766305437e-19
3.7171374071e-02 6.9519279618e-06 5.5028132820e-19
4.1216557790e-02 6.9519279618e-06 8.5695526182e-19
4.5701959599e-02 6.9519279618e-06 1.2656917967e-18
5.0675486338e-02 6.9519279618e-06 1.7582355929e-18
5.6190258320e-02 6.9519279618e-06 2.2723386858e-18
6.2305176688e-02 6.9519279618e-06 2.6914889191e-18
6.9085552518e-02 6.9519279618e-06 2.8686945881e-18
7.6603804377e-02 6.9519279618e-06 2.6851930472e-18
8.4940231802e-02 6.9519279618e-06 2.1281480922e-18
9.4183872945e-02 6.9519279618e-06 1.3479228114e-18
1.0443345556e-01 6.9519279618e-06 6.2282216057e-19
1.1579845146e-01 6.9519279618e-06 1.8175365945e-19
1.2840024578e-01 6.9519279618e-06 2.6632151808e-20
1.4237343339e-01 6.9519279618e-06 1.3852638946e-21
1.5786725650e-01 6.9519279618e-06 1.4998277282e-23
1.7504719864e-01 6.9519279618e-06 1.5212670654e-26
1.9409675211e-01 6.9519279618e-06 4.2989399471e-31
2.1521937781e-01 6.9519279618e-06 5.5932995197e-38
2.3864067833e-01 6.9519279618e-06 2.2479915211e-48
2.6461080752e-01 6.9519279618e-06 4.6692967913e-64
2.9340714225e-01 6.9519279618e-06 1.0305215041e-87
3.2533724503e-01 6.9519279618e-06 2.2615475798e-123
3.6074214893e-01 6.9519279618e-06 2.7737292620e-177
4.0000000000e-01 6.9519279618e-06 1.1819057074e-258
2.0000000000e-02 1.2742749857e-05 6.6331019929e-20
2.2176504808e-02 1.2742749857e-05 1.2071534863e-19
2.4589868274e-02 1.2742749857e-05 2.1738512066e-19
2.7265866600e-02 1.2742749857e-05 3.8589370317e-19
3.0233081086e-02 1.2742749857e-05 6.7096120371e-19
3.3523203403e-02 1.2742749857e-05 1.1344865047e-18
3.7171374071e-02 1.2742749857e-05 1.8488452691e-18
4.1216557790e-02 1.2742749857e-05 2.8792139592e-18
4.5701959599e-02 1.2742749857e-05 4.2524944434e-18
5.0675486338e-02 1.2742749857e-05 5.9073520965e-18
5.6190258320e-02 1.2742749857e-05 7.6346450691e-18
6.2305176688e-02 1.2742749857e-05 9.0429136876e-18
6.9085552518e-02 1.2742749857e-05 9.6382925349e-18
7.6603804377e-02 1.2742749857e-05 9.0217607022e-18
8.4940231802e-02 1.2742749857e-05 7.1501908760e-18
9.4183872945e-02 1.2742749857e-05 4.5287757104e-18
1.0443345556e-01 1.2742749857e-05 2.0925692842e-18
1.1579845146e-01 1.2742749857e-05 6.1065926862e-19
1.2840024578e-01 1.2742749857e-05 8.9479190646e-20
1.4237343339e-01 1.2742749857e-05 4.6542349643e-21
1.5786725650e-01 1.2742749857e-05 5.0391486275e-23
1.7504719864e-01 1.2742749857e-05 5.1111809048e-26
1.9409675211e-01 1.2742749857e-05 1.4443657046e-30
2.1521937781e-01 1.2742749857e-05 1.8792470007e-37
2.3864067833e-01 1.2742749857e-05 7.5528430201e-48
2.6461080752e-01 1.2742749857e-05 1.5687988744e-63
2.9340714225e-01 1.2742749857e-05 3.4623649938e-87
3.2533724503e-01 1.2742749857e-05 7.5983889140e-123
3.6074214893e-01 1.2742749857e-05 9.3192262957e-177
4.0000000000e-01 1.2742749857e-05 3.9709884084e-258
2.0000000000e-02 2.3357214691e-05 2.2286017371e-19
2.2176504808e-02 2.3357214691e-05 4.0558163577e-19
2.4589868274e-02 2.3357214691e-05 7.3037450355e-19
2.7265866600e-02 2.3357214691e-05 1.2965327205e-18
3.0233081086e-02 2.3357214691e-05 2.2543077216e-18
3.3523203403e-02 2.3357214691e-05 3.8116685039e-18
3.7171374071e-02 2.3357214691e-05 6.2117841435e-18
4.1216557790e-02 2.3357214691e-05 9.6736357103e-18
4.5701959599e-02 2.3357214691e-05 1.4287608593e-17
5.0675486338e-02 2.3357214691e-05 1.9847629597e-17
5.6190258320e-02 2.3357214691e-05 2.5651020112e-17
6.2305176688e-02 2.3357214691e-05 3.0382546769e-17
6.9085552518e-02 2.3357214691e-05 3.2382911507e-17
7.6603804377e-02 2.3357214691e-05 3.0311476582e-17
8.4940231802e-02 2.3357214691e-05 2.4023342056e-17
9.4183872945e-02 2.3357214691e-05 1.5215863446e-17
1.0443345556e-01 2.3357214691e-05 7.0306525464e-18
1.1579845146e-01 2.3357214691e-05 2.0517041774e-18
1.2840024578e-01 2.3357214691e-05 3.0063382097e-19
1.4237343339e-01 2.3357214691e-05 1.5637383742e-20
1.5786725650e-01 2.3357214691e-05 1.6930623706e-22
1.7504719864e-01 2.3357214691e-05 1.7172639068e-25
1.9409675211e-01 2.3357214691e-05 4.8528063063e-30
2.1521937781e-01 2.3357214691e-05 6.3139284374e-37
2.3864067833e-01 2.3357214691e-05 2.5376180092e-47
2.6461080752e-01 2.3357214691e-05 5.2708791456e-63
2.9340714225e-01 2.3357214691e-05 1.1632917220e-86
3.2533724503e-01 2.3357214691e-05 2.5529206020e-122
3.6074214893e-01 2.3357214691e-05 3.1310906922e-176
4.0000000000e-01 2.3357214691e-05 1.3341799469e-257
2.0000000000e-02 4.2813323987e-05 7.4876968690e-19
2.2176504808e-02 4.2813323987e-05 1.3626805964e-18
2.4589868274e-02 4.2813323987e-05 2.4539256128e-18
2.7265866600e-02 4.2813323987e-05 4.3561143430e-18
3.0233081086e-02 4.2813323987e-05 7.5740643059e-18
3.3523203403e-02 4.2813323987e-05 1.2806513541e-17
3.7171374071e-02 4.2813323987e-05 2.0870465956e-17
4.1216557790e-02 4.2813323987e-05 3.2501658154e-17
4.5701959599e-02 4.2813323987e-05 4.8003768619e-17
5.0675486338e-02 4.2813323987e-05 6.6684428860e-17
5.6190258320e-02 4.2813323987e-05 8.6182766435e-17
6.2305176688e-02 4.2813323987e-05 1.0207983622e-16
6.9085552518e-02 4.2813323987e-05 1.0880069825e-16
7.6603804377e-02 4.2813323987e-05 1.0184105330e-16
8.4940231802e-02 4.2813323987e-05 8.0714063937e-17
9.4183872945e-02 4.2813323987e-05 5.1122536248e-17
1.0443345556e-01 4.2813323987e-05 2.3621714990e-17
1.1579845146e-01 4.2813323987e-05 6.8933532132e-18
1.2840024578e-01 4.2813323987e-05 1.0100750092e-18
1.4237343339e-01 4.2813323987e-05 5.2538767845e-20
1.5786725650e-01 4.2813323987e-05 5.6883819126e-22
1.7504719864e-01 4.2813323987e-05 5.7696946766e-25
1.9409675211e-01 4.2813323987e-05 1.6304547368e-29
2.1521937781e-01 4.2813323987e-05 2.1213652222e-36
2.3864067833e-01 4.2813323987e-05 8.5259353910e-47
2.6461080752e-01 4.2813323987e-05 1.7709196138e-62
2.9340714225e-01 4.2813323987e-05 3.9084487999e-86
3.2533724503e-01 4.2813323987e-05 8.5773493219e-122
3.6074214893e-01 4.2813323987e-05 1.0519895764e-175
4.0000000000e-01 4.2813323987e-05 4.4826021829e-257
2.0000000000e-02 7.8475997035e-05 2.5157300863e-18
2.2176504808e-02 7.8475997035e-05 4.5783591863e-18
2.4589868274e-02 7.8475997035e-05 8.2447441472e-18
2.7265866600e-02 7.8475997035e-05 1.4635752627e-17
3.0233081086e-02 7.8475997035e-05 2.5447479757e-17
3.3523203403e-02 7.8475997035e-05 4.3027558378e-17
3.7171374071e-02 7.8475997035e-05 7.0120973162e-17
4.1216557790e-02 7.8475997035e-05 1.0919966540e-16
4.5701959599e-02 7.8475997035e-05 1.6128393962e-16
5.0675486338e-02 7.8475997035e-05 2.2404756350e-16
5.6190258320e-02 7.8475997035e-05 2.8955843463e-16
6.2305176688e-02 7.8475997035e-05 3.4296970039e-16
6.9085552518e-02 7.8475997035e-05 3.6555057553e-16
7.6603804377e-02 7.8475997035e-05 3.4216743318e-16
8.4940231802e-02 7.8475997035e-05 2.7118458797e-16
9.4183872945e-02 7.8475997035e-05 1.7176243213e-16
1.0443345556e-01 7.8475997035e-05 7.9364669976e-17
1.1579845146e-01 7.8475997035e-05 2.3160414180e-17
1.2840024578e-01 7.8475997035e-05 3.3936684864e-18
1.4237343339e-01 7.8475997035e-05 1.7652071294e-19
1.5786725650e-01 7.8475997035e-05 1.9111929569e-21
1.7504719864e-01 7.8475997035e-05 1.9385125681e-24
1.9409675211e-01 7.8475997035e-05 5.4780316396e-29
2.1521937781e-01 7.8475997035e-05 7.1274016655e-36
2.3864067833e-01 7.8475997035e-05 2.8645593635e-46
2.6461080752e-01 7.8475997035e-05 5.9499681020e-62
2.9340714225e-01 7.8475997035e-05 1.3131677749e-85
3.2533724503e-01 7.8475997035e-05 2.8818335100e-121
3.6074214893e-01 7.8475997035e-05 3.5344938157e-175
4.0000000000e-01 7.8475997035e-05 1.5060728784e-256
2.0000000000e-02 1.4384498883e-04 8.4523959472e-18
2.2176504808e-02 1.4384498883e-04 1.5382454915e-17
2.4589868274e-02 1.4384498883e-04 2.7700842152e-17
2.7265866600e-02 1.4384498883e-04 4.9173469309e-17
3.0233081086e-02 1.4384498883e-04 8.5498907826e-17
3.3523203403e-02 1.4384498883e-04 1.4456477745e-16
3.7171374071e-02 1.4384498883e-04 2.3559372788e-16
4.1216557790e-02 1.4384498883e-04 3.6689103267e-16
4.5701959599e-02 1.4384498883e-04 5.4188472961e-16
5.0675486338e-02 1.4384498883e-04 7.5275910083e-16
5.6190258320e-02 1.4384498883e-04 9.7286372362e-16
6.2305176688e-02 1.4384498883e-04 1.1523158710e-15
6.9085552518e-02 1.4384498883e-04 1.2281835082e-15
7.6603804377e-02 1.4384498883e-04 1.1496203990e-15
8.4940231802e-02 1.4384498883e-04 9.1113093763e-16
9.4183872945e-02 1.4384498883e-04 5.7709056036e-16
1.0443345556e-01 1.4384498883e-04 2.6665086947e-16
1.1579845146e-01 1.4384498883e-04 7.7814783079e-17
1.2840024578e-01 1.4384498883e-04 1.1402109438e-17
1.4237343339e-01 1.4384498883e-04 5.9307751926e-19
1.5786725650e-01 1.4384498883e-04 6.4212610453e-21
1.7504719864e-01 1.4384498883e-04 6.5130499744e-24
1.9409675211e-01 1.4384498883e-04 1.8405190876e-28
2.1521937781e-01 1.4384498883e-04 2.3946774450e-35
2.3864067833e-01 1.4384498883e-04 9.6243989315e-46
2.6461080752e-01 1.4384498883e-04 1.9990811632e-61
2.9340714225e-01 1.4384498883e-04 4.4120051030e-85
3.2533724503e-01 1.4384498883e-04 9.6824369248e-121
3.6074214893e-01 1.4384498883e-04 1.1875256955e-174
4.0000000000e-01 1.4384498883e-04 5.0601311974e-256
2.0000000000e-02 2.6366508987e-04 2.8398514466e-17
2.2176504808e-02 2.6366508987e-04 5.1682253312e-17
2.4589868274e-02 2.6366508987e-04 9.3069796006e-17
2.7265866600e-02 2.6366508987e-04 1.6521392138e-16
3.0233081086e-02 2.6366508987e-04 2.8726079397e-16
3.3523203403e-02 2.6366508987e-04 4.8571138284e-16
3.7171374071e-02 2.6366508987e-04 7.9155211507e-16
4.1216557790e-02 2.6366508987e-04 1.2326872006e-15
4.5701959599e-02 2.6366508987e-04 1.8206342236e-15
5.0675486338e-02 2.6366508987e-04 2.5291337921e-15
5.6190258320e-02 2.6366508987e-04 3.2686453287e-15
6.2305176688e-02 2.6366508987e-04 3.8715719350e-15
6.9085552518e-02 2.6366508987e-04 4.1264734098e-15
7.6603804377e-02 2.6366508987e-04 3.8625156388e-15
8.4940231802e-02 2.6366508987e-04 3.0612343855e-15
9.4183872945e-02 2.6366508987e-04 1.9389194175e-15
1.0443345556e-01 2.6366508987e-04 8.9589846730e-16
1.1579845146e-01 2.6366508987e-04 2.6144353113e-16
1.2840024578e-01 2.6366508987e-04 3.8309015792e-17
1.4237343339e-01 2.6366508987e-04 1.9926326944e-18
1.5786725650e-01 2.6366508987e-04 2.1574270281e-20
1.7504719864e-01 2.6366508987e-04 2.1882664403e-23
1.9409675211e-01 2.6366508987e-04 6.1838096866e-28
2.1521937781e-01 2.6366508987e-04 8.0456810693e-35
2.3864067833e-01 2.6366508987e-04 3.2336231524e-45
2.6461080752e-01 2.6366508987e-04 6.7165494479e-61
2.9340714225e-01 2.6366508987e-04 1.4823535424e-84
3.2533724503e-01 2.6366508987e-04 3.2531228636e-120
3.6074214893e-01 2.6366508987e-04 3.9898705471e-174
4.0000000000e-01 2.6366508987e-04 1.7001121328e-255
2.0000000000e-02 4.8329302386e-04 9.5413848207e-17
2.2176504808e-02 4.8329302386e-04 1.7364297976e-16
2.4589868274e-02 4.8329302386e-04 3.1269760252e-16
2.7265866600e-02 4.8329302386e-04 5.5508875421e-16
3.0233081086e-02 4.8329302386e-04 9.6514406852e-16
3.3523203403e-02 4.8329302386e-04 1.6319019859e-15
3.7171374071e-02 4.8329302386e-04 2.6594712708e-15
4.1216557790e-02 4.8329302386e-04 4.1416049980e-15
4.5701959599e-02 4.8329302386e-04 6.1170001571e-15
5.0675486338e-02 4.8329302386e-04 8.4974299633e-15
5.6190258320e-02 4.8329302386e-04 1.0982054347e-14
6.2305176688e-02 4.8329302386e-04 1.3007778184e-14
6.9085552518e-02 4.8329302386e-04 1.3864200820e-14
7.6603804377e-02 4.8329302386e-04 1.2977350674e-14
8.4940231802e-02 4.8329302386e-04 1.0285191267e-14
9.4183872945e-02 4.8329302386e-04 6.5144169147e-15
1.0443345556e-01 4.8329302386e-04 3.0100560531e-15
1.1579845146e-01 4.8329302386e-04 8.7840275673e-16
1.2840024578e-01 4.8329302386e-04 1.2871133179e-16
1.4237343339e-01 4.8329302386e-04 6.6948837644e-18
1.5786725650e-01 4.8329302386e-04 7.2485627803e-20
1.7504719864e-01 4.8329302386e-04 7.3521776015e-23
1.9409675211e-01 4.8329302386e-04 2.0776476864e-27
2.1521937781e-01 4.8329302386e-04 2.7032026382e-34
2.3864067833e-01 4.8329302386e-04 1.0864386199e-44
2.6461080752e-01 4.8329302386e-04 2.2566385656e-60
2.9340714225e-01 4.8329302386e-04 4.9804385386e-84
3.2533724503e-01 4.8329302386e-04 1.0929901685e-119
3.6074214893e-01 4.8329302386e-04 1.3405240024e-173
4.0000000000e-01 4.8329302386e-04 5.7120678325e-255
2.0000000000e-02 8.8586679041e-04 3.2057319197e-16
2.2176504808e-02 8.8586679041e-04 5.8340885867e-16
2.4589868274e-02 8.8586679041e-04 1.0506071230e-15
2.7265866600e-02 8.8586679041e-04 1.8649973469e-15
3.0233081086e-02 8.8586679041e-04 3.2427086903e-15
3.3523203403e-02 8.8586679041e-04 5.4828941337e-15
3.7171374071e-02 8.8586679041e-04 8.9353402073e-15
4.1216557790e-02 8.8586679041e-04 1.3915040207e-14
4.5701959599e-02 8.8586679041e-04 2.0552008985e-14
5.0675486338e-02 8.8586679041e-04 2.8549820577e-14
5.6190258320e-02 8.8586679041e-04 3.6897707015e-14
6.2305176688e-02 8.8586679041e-04 4.3703771006e-14
6.9085552518e-02 8.8586679041e-04 4.6581195440e-14
7.6603804377e-02 8.8586679041e-04 4.3601540103e-14
8.4940231802e-02 8.8586679041e-04 3.4556373696e-14
9.4183872945e-02 8.8586679041e-04 2.1887257074e-14
1.0443345556e-01 8.8586679041e-04 1.0113241370e-14
1.1579845146e-01 8.8586679041e-04 2.9512736448e-15
1.2840024578e-01 8.8586679041e-04 4.3244668620e-16
1.4237343339e-01 8.8586679041e-04 2.2493592896e-17
1.5786725650e-01 8.8586679041e-04 2.4353853779e-19
1.7504719864e-01 8.8586679041e-04 2.4701980750e-22
1.9409675211e-01 8.8586679041e-04 6.9805186892e-27
2.1521937781e-01 8.8586679041e-04 9.0822696555e-34
2.3864067833e-01 8.8586679041e-04 3.6502363419e-44
2.6461080752e-01 8.8586679041e-04 7.5818955182e-60
2.9340714225e-01 8.8586679041e-04 1.6733368476e-83
3.2533724503e-01 8.8586679041e-04 3.6722483547e-119
3.6074214893e-01 8.8586679041e-04 4.5039170564e-173
4.0000000000e-01 8.8586679041e-04 1.9191509956e-254
2.0000000000e-02 1.6237767392e-03 1.0770676725e-15
2.2176504808e-02 1.6237767392e-03 1.9601477517e-15
2.4589868274e-02 1.6237767392e-03 3.5298490237e-15
2.7265866600e-02 1.6237767392e-03 6.2660521900e-15
3.0233081086e-02 1.6237767392e-03 1.0894911955e-14
3.3523203403e-02 1.6237767392e-03 1.8421527972e-14
3.7171374071e-02 1.6237767392e-03 3.0021119423e-14
4.1216557790e-02 1.6237767392e-03 4.6752006541e-14
4.5701959599e-02 1.6237767392e-03 6.9051015608e-14
5.0675486338e-02 1.6237767392e-03 9.5922209245e-14
5.6190258320e-02 1.6237767392e-03 1.2396959075e-13
6.2305176688e-02 1.6237767392e-03 1.4683672900e-13
6.9085552518e-02 1.6237767392e-03 1.5650435224e-13
7.6603804377e-02 1.6237767392e-03 1.4649325175e-13
8.4940231802e-02 1.6237767392e-03 1.1610313625e-13
9.4183872945e-02 1.6237767392e-03 7.3537206555e-14
1.0443345556e-01 1.6237767392e-03 3.3978653288e-14
1.1579845146e-01 1.6237767392e-03 9.9157431595e-15
1.2840024578e-01 1.6237767392e-03 1.4529422841e-15
1.4237343339e-01 1.6237767392e-03 7.5574384737e-17
1.5786725650e-01 1.6237767392e-03 8.1824523267e-19
1.7504719864e-01 1.6237767392e-03 8.2994166630e-22
1.9409675211e-01 1.6237767392e-03 2.3453274340e-26
2.1521937781e-01 1.6237767392e-03 3.0514775669e-33
2.3864067833e-01 1.6237767392e-03 1.2264130811e-43
2.6461080752e-01 1.6237767392e-03 2.5473791207e-59
2.9340714225e-01 1.6237767392e-03 5.6221077395e-83
3.2533724503e-01 1.6237767392e-03 1.2338087174e-118
3.6074214893e-01 1.6237767392e-03 1.5132342886e-172
4.0000000000e-01 1.6237767392e-03 6.4479986092e-254
2.0000000000e-02 2.9763514416e-03 3.6187516616e-15
2.2176504808e-02 2.9763514416e-03 6.5857402601e-15
2.4589868274e-02 2.9763514416e-03 1.1859651298e-14
2.7265866600e-02 2.9763514416e-03 2.1052796731e-14
3.0233081086e-02 2.9763514416e-03 3.6604924413e-14
3.3523203403e-02 2.9763514416e-03 6.1892986542e-14
3.7171374071e-02 2.9763514416e-03 1.0086550601e-13
4.1216557790e-02 2.9763514416e-03 1.5707824650e-13
4.5701959599e-02 2.9763514416e-03 2.3199886493e-13
5.0675486338e-02 2.9763514416e-03 3.2228119268e-13
5.6190258320e-02 2.9763514416e-03 4.1651529795e-13
6.2305176688e-02 2.9763514416e-03 4.9334472721e-13
6.9085552518e-02 2.9763514416e-03 5.2582618453e-13
7.6603804377e-02 2.9763514416e-03 4.9219070604e-13
8.4940231802e-02 2.9763514416e-03 3.9008544028e-13
9.4183872945e-02 2.9763514416e-03 2.4707165131e-13
1.0443345556e-01 2.9763514416e-03 1.1416210066e-13
1.1579845146e-01 2.9763514416e-03 3.3315095189e-14
1.2840024578e-01 2.9763514416e-03 4.8816220551e-15
1.4237343339e-01 2.9763514416e-03 2.5391619981e-16
1.5786725650e-01 2.9763514416e-03 2.7491552954e-18
1.7504719864e-01 2.9763514416e-03 2.7884531870e-21
1.9409675211e-01 2.9763514416e-03 7.8798740000e-26
2.1521937781e-01 2.9763514416e-03 1.0252410130e-32
2.3864067833e-01 2.9763514416e-03 4.1205250963e-43
2.6461080752e-01 2.9763514416e-03 8.5587309517e-59
2.9340714225e-01 2.9763514416e-03 1.8889260391e-82
3.2533724503e-01 2.9763514416e-03 4.1453730905e-118
3.6074214893e-01 2.9763514416e-03 5.0841922343e-172
4.0000000000e-01 2.9763514416e-03 2.1664103637e-253
2.0000000000e-02 5.4555947812e-03 1.2158348006e-14
2.2176504808e-02 5.4555947812e-03 2.2126890554e-14
2.4589868274e-02 5.4555947812e-03 3.9846273298e-14
2.7265866600e-02 5.4555947812e-03 7.0733571434e-14
3.0233081086e-02 5.4555947812e-03 1.2298589441e-13
3.3523203403e-02 5.4555947812e-03 2.0794918798e-13
3.7171374071e-02 5.4555947812e-03 3.3888977155e-13
4.1216557790e-02 5.4555947812e-03 5.2775436496e-13
4.5701959599e-02 5.4555947812e-03 7.7947402878e-13
5.0675486338e-02 5.4555947812e-03 1.0828062445e-12
5.6190258320e-02 5.4555947812e-03 1.3994157146e-12
6.2305176688e-02 5.4555947812e-03 1.6575486359e-12
6.9085552518e-02 5.4555947812e-03 1.7666804302e-12
7.6603804377e-02 5.4555947812e-03 1.6536713345e-12
8.4940231802e-02 5.4555947812e-03 1.3106161955e-12
9.4183872945e-02 5.4555947812e-03 8.3011585208e-13
1.0443345556e-01 5.4555947812e-03 3.8356391340e-13
1.1579845146e-01 5.4555947812e-03 1.1193266603e-13
1.2840024578e-01 5.4555947812e-03 1.6401363048e-14
1.4237343339e-01 5.4555947812e-03 8.5311229132e-16
1.5786725650e-01 5.4555947812e-03 9.2366622333e-18
1.7504719864e-01 5.4555947812e-03 9.3686960081e-21
1.9409675211e-01 5.4555947812e-03 2.6474944759e-25
2.1521937781e-01 5.4555947812e-03 3.4446235032e-32
2.3864067833e-01 5.4555947812e-03 1.3844215568e-42
2.6461080752e-01 5.4555947812e-03 2.8755780759e-58
2.9340714225e-01 5.4555947812e-03 6.3464482475e-82
3.2533724503e-01 5.4555947812e-03 1.3927700313e-117
3.6074214893e-01 5.4555947812e-03 1.7081962040e-171
4.0000000000e-01 5.4555947812e-03 7.2787451556e-253
2.0000000000e-02 1.0000000000e-02 4.0849839962e-14
2.2176504808e-02 1.0000000000e-02 7.4342331504e-14
2.4589868274e-02 1.0000000000e-02 1.3387623767e-13
2.7265866600e-02 1.0000000000e-02 2.3765194676e-13
3.0233081086e-02 1.0000000000e-02 4.1321025700e-13
3.3523203403e-02 1.0000000000e-02 6.9867148438e-13
3.7171374071e-02 1.0000000000e-02 1.1386080515e-12
4.1216557790e-02 1.0000000000e-02 1.7731587661e-12
4.5701959599e-02 1.0000000000e-02 2.6188910956e-12
5.0675486338e-02 1.0000000000e-02 3.6380322208e-12
5.6190258320e-02 1.0000000000e-02 4.7017825079e-12
6.2305176688e-02 1.0000000000e-02 5.5690622173e-12
6.9085552518e-02 1.0000000000e-02 5.9357252154e-12
7.6603804377e-02 1.0000000000e-02 5.5560351891e-12
8.4940231802e-02 1.0000000000e-02 4.4034322598e-12
9.4183872945e-02 1.0000000000e-02 2.7890384196e-12
1.0443345556e-01 1.0000000000e-02 1.2887050502e-12
1.1579845146e-01 1.0000000000e-02 3.7607341815e-13
1.2840024578e-01 1.0000000000e-02 5.5105599487e-14
1.4237343339e-01 1.0000000000e-02 2.8663022766e-15
1.5786725650e-01 1.0000000000e-02 3.1033506676e-17
1.7504719864e-01 1.0000000000e-02 3.1477116167e-20
1.9409675211e-01 1.0000000000e-02 8.8951003529e-25
2.1521937781e-01 1.0000000000e-02 1.1573309035e-31
2.3864067833e-01 1.0000000000e-02 4.6514048624e-42
2.6461080752e-01 1.0000000000e-02 9.6614198030e-58
2.9340714225e-01 1.0000000000e-02 2.1322912875e-81
3.2533724503e-01 1.0000000000e-02 4.6794542197e-117
3.6074214893e-01 1.0000000000e-02 5.7392288427e-171
4.0000000000e-01 1.0000000000e-02 2.4455261075e-252
