2.0000000000e-02 1.0000000000e-07 0.0000000000e+00
2.2176504808e-02 1.0000000000e-07 0.0000000000e+00
2.4589868274e-02 1.0000000000e-07 0.0000000000e+00
2.7265866600e-02 1.0000000000e-07 0.0000000000e+00
3.0233081086e-02 1.0000000000e-07 0.0000000000e+00
3.3523203403e-02 1.0000000000e-07 0.0000000000e+00
3.7171374071e-02 1.0000000000e-07 0.0000000000e+00
4.1216557790e-02 1.0000000000e-07 0.0000000000e+00
4.5701959599e-02 1.0000000000e-07 0.0000000000e+00
5.0675486338e-02 1.0000000000e-07 0.0000000000e+00
5.6190258320e-02 1.0000000000e-07 0.0000000000e+00
6.2305176688e-02 1.0000000000e-07 0.0000000000e+00
6.9085552518e-02 1.0000000000e-07 0.0000000000e+00
7.6603804377e-02 1.0000000000e-07 0.0000000000e+00
8.4940231802e-02 1.0000000000e-07 0.0000000000e+00
9.4183872945e-02 1.0000000000e-07 0.0000000000e+00
1.0443345556e-01 1.0000000000e-07 0.0000000000e+00
1.1579845146e-01 1.0000000000e-07 0.0000000000e+00
1.2840024578e-01 1.0000000000e-07 0.0000000000e+00
1.4237343339e-01 1.0000000000e-07 0.0000000000e+00
1.5786725650e-01 1.0000000000e-07 0.0000000000e+00
1.7504719864e-01 1.0000000000e-07 0.0000000000e+00
1.9409675211e-01 1.0000000000e-07 0.0000000000e+00
2.1521937781e-01 1.0000000000e-07 0.0000000000e+00
2.3864067833e-01 1.0000000000e-07 0.0000000000e+00
2.6461080752e-01 1.0000000000e-07 0.0000000000e+00
2.9340714225e-01 1.0000000000e-07 0.0000000000e+00
3.2533724503e-01 1.0000000000e-07 0.0000000000e+00
3.6074214893e-01 1.0000000000e-07 0.0000000000e+00
4.0000000000e-01 1.0000000000e-07 0.0000000000e+00
2.0000000000e-02 1.8329807108e-07 0.0000000000e+00
2.2176504808e-02 1.8329807108e-07 0.0000000000e+00
2.4589868274e-02 1.8329807108e-07 0.0000000000e+00
2.7265866600e-02 1.8329807108e-07 0.0000000000e+00
3.0233081086e-02 1.8329807108e-07 0.0000000000e+00
3.3523203403e-02 1.8329807108e-07 0.0000000000e+00
3.7171374071e-02 1.8329807108e-07 0.0000000000e+00
4.1216557790e-02 1.8329807108e-07 0.0000000000e+00
4.5701959599e-02 1.8329807108e-07 0.0000000000e+00
5.0675486338e-02 1.8329807108e-07 0.0000000000e+00
5.6190258320e-02 1.8329807108e-07 0.0000000000e+00
6.2305176688e-02 1.8329807108e-07 0.0000000000e+00
6.9085552518e-02 1.8329807108e-07 0.0000000000e+00
7.6603804377e-02 1.8329807108e-07 0.0000000000e+00
8.4940231802e-02 1.8329807108e-07 0.0000000000e+00
9.4183872945e-02 1.8329807108e-07 0.0000000000e+00
1.0443345556e-01 1.8329807108e-07 0.0000000000e+00
1.1579845146e-01 1.8329807108e-07 0.0000000000e+00
1.2840024578e-01 1.8329807108e-07 0.0000000000e+00
1.4237343339e-01 1.8329807108e-07 0.0000000000e+00
1.5786725650e-01 1.8329807108e-07 0.0000000000e+00
1.7504719864e-01 1.8329807108e-07 0.0000000000e+00
1.9409675211e-01 1.8329807108e-07 0.0000000000e+00
2.1521937781e-01 1.8329807108e-07 0.0000000000e+00
2.3864067833e-01 1.8329807108e-07 0.0000000000e+00
2.6461080752e-01 1.8329807108e-07 0.0000000000e+00
2.9340714225e-01 1.8329807108e-07 0.0000000000e+00
3.2533724503e-01 1.8329807108e-07 0.0000000000e+00
3.6074214893e-01 1.8329807108e-07 0.0000000000e+00
4.0000000000e-01 1.8329807108e-07 0.0000000000e+00
2.0000000000e-02 3.3598182863e-07 0.0000000000e+00
2.2176504808e-02 3.3598182863e-07 0.0000000000e+00
2.4589868274e-02 3.3598182863e-07 0.0000000000e+00
2.7265866600e-02 3.3598182863e-07 0.0000000000e+00
3.0233081086e-02 3.3598182863e-07 0.0000000000e+00
3.3523203403e-02 3.3598182863e-07 0.0000000000e+00
3.7171374071e-02 3.3598182863e-07 0.0000000000e+00
4.1216557790e-02 3.3598182863e-07 0.0000000000e+00
4.5701959599e-02 3.3598182863e-07 0.0000000000e+00
5.0675486338e-02 3.3598182863e-07 0.0000000000e+00
5.6190258320e-02 3.3598182863e-07 0.0000000000e+00
6.2305176688e-02 3.3598182863e-07 0.0000000000e+00
6.9085552518e-02 3.3598182863e-07 0.0000000000e+00
7.6603804377e-02 3.3598182863e-07 0.0000000000e+00
8.4940231802e-02 3.3598182863e-07 0.0000000000e+00
9.4183872945e-02 3.3598182863e-07 0.0000000000e+00
1.0443345556e-01 3.3598182863e-07 0.0000000000e+00
1.1579845146e-01 3.3598182863e-07 0.0000000000e+00
1.2840024578e-01 3.3598182863e-07 0.0000000000e+00
1.4237343339e-01 3.3598182863e-07 0.0000000000e+00
1.5786725650e-01 3.3598182863e-07 0.0000000000e+00
1.7504719864e-01 3.3598182863e-07 0.0000000000e+00
1.9409675211e-01 3.3598182863e-07 0.0000000000e+00
2.1521937781e-01 3.3598182863e-07 0.0000000000e+00
2.3864067833e-01 3.3598182863e-07 0.0000000000e+00
2.6461080752e-01 3.3598182863e-07 0.0000000000e+00
2.9340714225e-01 3.3598182863e-07 0.0000000000e+00
3.2533724503e-01 3.3598182863e-07 0.0000000000e+00
3.6074214893e-01 3.3598182863e-07 0.0000000000e+00
4.0000000000e-01 3.3598182863e-07 0.0000000000e+00
2.0000000000e-02 6.1584821107e-07 0.0000000000e+00
2.2176504808e-02 6.1584821107e-07 0.0000000000e+00
2.4589868274e-02 6.1584821107e-07 0.0000000000e+00
2.7265866600e-02 6.1584821107e-07 0.0000000000e+00
3.0233081086e-02 6.1584821107e-07 0.0000000000e+00
3.3523203403e-02 6.1584821107e-07 0.0000000000e+00
3.7171374071e-02 6.1584821107e-07 0.0000000000e+00
4.1216557790e-02 6.1584821107e-07 0.0000000000e+00
4.5701959599e-02 6.1584821107e-07 0.0000000000e+00
5.0675486338e-02 6.1584821107e-07 0.0000000000e+00
5.6190258320e-02 6.1584821107e-07 0.0000000000e+00
6.2305176688e-02 6.1584821107e-07 0.0000000000e+00
6.9085552518e-02 6.1584821107e-07 0.0000000000e+00
7.6603804377e-02 6.1584821107e-07 0.0000000000e+00
8.4940231802e-02 6.1584821107e-07 0.0000000000e+00
9.4183872945e-02 6.1584821107e-07 0.0000000000e+00
1.0443345556e-01 6.1584821107e-07 0.0000000000e+00
1.1579845146e-01 6.1584821107e-07 0.0000000000e+00
1.2840024578e-01 6.1584821107e-07 0.0000000000e+00
1.4237343339e-01 6.1584821107e-07 0.0000000000e+00
1.5786725650e-01 6.1584821107e-07 0.0000000000e+00
1.7504719864e-01 6.1584821107e-07 0.0000000000e+00
1.9409675211e-01 6.1584821107e-07 0.0000000000e+00
2.1521937781e-01 6.1584821107e-07 0.0000000000e+00
2.3864067833e-01 6.1584821107e-07 0.0000000000e+00
2.6461080752e-01 6.1584821107e-07 0.0000000000e+00
2.9340714225e-01 6.1584821107e-07 0.0000000000e+00
3.2533724503e-01 6.1584821107e-07 0.0000000000e+00
3.6074214893e-01 6.1584821107e-07 0.0000000000e+00
4.0000000000e-01 6.1584821107e-07 0.0000000000e+00
2.0000000000e-02 1.1288378917e-06 0.0000000000e+00
2.2176504808e-02 1.1288378917e-06 0.0000000000e+00
2.4589868274e-02 1.1288378917e-06 0.0000000000e+00
2.7265866600e-02 1.1288378917e-06 0.0000000000e+00
3.0233081086e-02 1.1288378917e-06 0.0000000000e+00
3.3523203403e-02 1.1288378917e-06 0.0000000000e+00
3.7171374071e-02 1.1288378917e-06 0.0000000000e+00
4.1216557790e-02 1.1288378917e-06 0.0000000000e+00
4.5701959599e-02 1.1288378917e-06 0.0000000000e+00
5.0675486338e-02 1.1288378917e-06 0.0000000000e+00
5.6190258320e-02 1.1288378917e-06 0.0000000000e+00
6.2305176688e-02 1.1288378917e-06 0.0000000000e+00
6.9085552518e-02 1.1288378917e-06 0.0000000000e+00
7.6603804377e-02 1.1288378917e-06 0.0000000000e+00
8.4940231802e-02 1.1288378917e-06 0.0000000000e+00
9.4183872945e-02 1.1288378917e-06 0.0000000000e+00
1.0443345556e-01 1.1288378917e-06 0.0000000000e+00
1.1579845146e-01 1.1288378917e-06 0.0000000000e+00
1.2840024578e-01 1.1288378917e-06 0.0000000000e+00
1.4237343339e-01 1.1288378917e-06 0.0000000000e+00
1.5786725650e-01 1.1288378917e-06 0.0000000000e+00
1.7504719864e-01 1.1288378917e-06 0.0000000000e+00
1.9409675211e-01 1.1288378917e-06 0.0000000000e+00
2.1521937781e-01 1.1288378917e-06 0.0000000000e+00
2.3864067833e-01 1.1288378917e-06 0.0000000000e+00
2.6461080752e-01 1.1288378917e-06 0.0000000000e+00
2.9340714225e-01 1.1288378917e-06 0.0000000000e+00
3.2533724503e-01 1.1288378917e-06 0.0000000000e+00
3.6074214893e-01 1.1288378917e-06 0.0000000000e+00
4.0000000000e-01 1.1288378917e-06 0.0000000000e+00
2.0000000000e-02 2.0691380811e-06 0.0000000000e+00
2.2176504808e-02 2.0691380811e-06 0.0000000000e+00
2.4589868274e-02 2.0691380811e-06 0.0000000000e+00
2.7265866600e-02 2.0691380811e-06 0.0000000000e+00
3.0233081086e-02 2.0691380811e-06 0.0000000000e+00
3.3523203403e-02 2.0691380811e-06 0.0000000000e+00
3.7171374071e-02 2.0691380811e-06 0.0000000000e+00
4.1216557790e-02 2.0691380811e-06 0.0000000000e+00
4.5701959599e-02 2.0691380811e-06 0.0000000000e+00
5.0675486338e-02 2.0691380811e-06 0.0000000000e+00
5.6190258320e-02 2.0691380811e-06 0.0000000000e+00
6.2305176688e-02 2.0691380811e-06 0.0000000000e+00
6.9085552518e-02 2.0691380811e-06 0.0000000000e+00
7.6603804377e-02 2.0691380811e-06 0.0000000000e+00
8.4940231802e-02 2.0691380811e-06 0.0000000000e+00
9.4183872945e-02 2.0691380811e-06 0.0000000000e+00
1.0443345556e-01 2.0691380811e-06 0.0000000000e+00
1.1579845146e-01 2.0691380811e-06 0.0000000000e+00
1.2840024578e-01 2.0691380811e-06 0.0000000000e+00
1.4237343339e-01 2.0691380811e-06 0.0000000000e+00
1.5786725650e-01 2.0691380811e-06 0.0000000000e+00
1.7504719864e-01 2.0691380811e-06 0.0000000000e+00
1.9409675211e-01 2.0691380811e-06 0.0000000000e+00
2.1521937781e-01 2.0691380811e-06 0.0000000000e+00
2.3864067833e-01 2.0691380811e-06 0.0000000000e+00
2.6461080752e-01 2.0691380811e-06 0.0000000000e+00
2.9340714225e-01 2.0691380811e-06 0.0000000000e+00
3.2533724503e-01 2.0691380811e-06 0.0000000000e+00
3.6074214893e-01 2.0691380811e-06 0.0000000000e+00
4.0000000000e-01 2.0691380811e-06 0.0000000000e+00
2.0000000000e-02 3.7926901907e-06 0.0000000000e+00
2.2176504808e-02 3.7926901907e-06 0.0000000000e+00
2.4589868274e-02 3.7926901907e-06 0.0000000000e+00
2.7265866600e-02 3.7926901907e-06 0.0000000000e+00
3.0233081086e-02 3.7926901907e-06 0.0000000000e+00
3.3523203403e-02 3.7926901907e-06 0.0000000000e+00
3.7171374071e-02 3.7926901907e-06 0.0000000000e+00
4.1216557790e-02 3.7926901907e-06 0.0000000000e+00
4.5701959599e-02 3.7926901907e-06 0.0000000000e+00
5.0675486338e-02 3.7926901907e-06 0.0000000000e+00
5.6190258320e-02 3.7926901907e-06 0.0000000000e+00
6.2305176688e-02 3.7926901907e-06 0.0000000000e+00
6.9085552518e-02 3.7926901907e-06 0.0000000000e+00
7.6603804377e-02 3.7926901907e-06 0.0000000000e+00
8.4940231802e-02 3.7926901907e-06 0.0000000000e+00
9.4183872945e-02 3.7926901907e-06 0.0000000000e+00
1.0443345556e-01 3.7926901907e-06 0.0000000000e+00
1.1579845146e-01 3.7926901907e-06 0.0000000000e+00
1.2840024578e-01 3.7926901907e-06 0.0000000000e+00
1.4237343339e-01 3.7926901907e-06 0.0000000000e+00
1.5786725650e-01 3.7926901907e-06 0.0000000000e+00
1.7504719864e-01 3.7926901907e-06 0.0000000000e+00
1.9409675211e-01 3.7926901907e-06 0.0000000000e+00
2.1521937781e-01 3.7926901907e-06 0.0000000000e+00
2.3864067833e-01 3.7926901907e-06 0.0000000000e+00
2.6461080752e-01 3.7926901907e-06 0.0000000000e+00
2.9340714225e-01 3.7926901907e-06 0.0000000000e+00
3.2533724503e-01 3.7926901907e-06 0.0000000000e+00
3.6074214893e-01 3.7926901907e-06 0.0000000000e+00
4.0000000000e-01 3.7926901907e-06 0.0000000000e+00
2.0000000000e-02 6.9519279618e-06 0.0000000000e+00
2.2176504808e-02 6.9519279618e-06 0.0000000000e+00
2.4589868274e-02 6.9519279618e-06 0.0000000000e+00
2.7265866600e-02 6.9519279618e-06 0.0000000000e+00
3.0233081086e-02 6.9519279618e-06 0.0000000000e+00
3.3523203403e-02 6.9519279618e-06 0.0000000000e+00
3.7171374071e-02 6.9519279618e-06 0.0000000000e+00
4.1216557790e-02 6.9519279618e-06 0.0000000000e+00
4.5701959599e-02 6.9519279618e-06 0.0000000000e+00
5.0675486338e-02 6.9519279618e-06 0.0000000000e+00
5.6190258320e-02 6.9519279618e-06 0.0000000000e+00
6.2305176688e-02 6.9519279618e-06 0.0000000000e+00
6.9085552518e-02 6.9519279618e-06 0.0000000000e+00
7.6603804377e-02 6.9519279618e-06 0.0000000000e+00
8.4940231802e-02 6.9519279618e-06 0.0000000000e+00
9.4183872945e-02 6.9519279618e-06 0.0000000000e+00
1.0443345556e-01 6.9519279618e-06 0.0000000000e+00
1.1579845146e-01 6.9519279618e-06 0.0000000000e+00
1.2840024578e-01 6.9519279618e-06 0.0000000000e+00
1.4237343339e-01 6.9519279618e-06 0.0000000000e+00
1.5786725650e-01 6.9519279618e-06 0.0000000000e+00
1.7504719864e-01 6.9519279618e-06 0.0000000000e+00
1.9409675211e-01 6.9519279618e-06 0.0000000000e+00
2.1521937781e-01 6.9519279618e-06 0.0000000000e+00
2.3864067833e-01 6.9519279618e-06 0.0000000000e+00
2.6461080752e-01 6.9519279618e-06 0.0000000000e+00
2.9340714225e-01 6.9519279618e-06 0.0000000000e+00
3.2533724503e-01 6.9519279618e-06 0.0000000000e+00
3.6074214893e-01 6.9519279618e-06 0.0000000000e+00
4.0000000000e-01 6.9519279618e-06 0.0000000000e+00
2.0000000000e-02 1.2742749857e-05 0.0000000000e+00
2.2176504808e-02 1.2742749857e-05 0.0000000000e+00
2.4589868274e-02 1.2742749857e-05 0.0000000000e+00
2.7265866600e-02 1.2742749857e-05 0.0000000000e+00
3.0233081086e-02 1.2742749857e-05 0.0000000000e+00
3.3523203403e-02 1.2742749857e-05 0.0000000000e+00
3.7171374071e-02 1.2742749857e-05 0.0000000000e+00
4.1216557790e-02 1.2742749857e-05 0.0000000000e+00
4.5701959599e-02 1.2742749857e-05 0.0000000000e+00
5.0675486338e-02 1.2742749857e-05 0.0000000000e+00
5.6190258320e-02 1.2742749857e-05 0.0000000000e+00
6.2305176688e-02 1.2742749857e-05 0.0000000000e+00
6.9085552518e-02 1.2742749857e-05 0.0000000000e+00
7.6603804377e-02 1.2742749857e-05 0.0000000000e+00
8.4940231802e-02 1.2742749857e-05 0.0000000000e+00
9.4183872945e-02 1.2742749857e-05 0.0000000000e+00
1.0443345556e-01 1.2742749857e-05 0.0000000000e+00
1.1579845146e-01 1.2742749857e-05 0.0000000000e+00
1.2840024578e-01 1.2742749857e-05 0.0000000000e+00
1.4237343339e-01 1.2742749857e-05 0.0000000000e+00
1.5786725650e-01 1.2742749857e-05 0.0000000000e+00
1.7504719864e-01 1.2742749857e-05 0.0000000000e+00
1.9409675211e-01 1.2742749857e-05 0.0000000000e+00
2.1521937781e-01 1.2742749857e-05 0.0000000000e+00
2.3864067833e-01 1.2742749857e-05 0.0000000000e+00
2.6461080752e-01 1.2742749857e-05 0.0000000000e+00
2.9340714225e-01 1.2742749857e-05 0.0000000000e+00
3.2533724503e-01 1.2742749857e-05 0.0000000000e+00
3.6074214893e-01 1.2742749857e-05 0.0000000000e+00
4.0000000000e-01 1.2742749857e-05 0.0000000000e+00
2.0000000000e-02 2.3357214691e-05 0.0000000000e+00
2.2176504808e-02 2.3357214691e-05 0.0000000000e+00
2.4589868274e-02 2.3357214691e-05 0.0000000000e+00
2.7265866600e-02 2.3357214691e-05 0.0000000000e+00
3.0233081086e-02 2.3357214691e-05 0.0000000000e+00
3.3523203403e-02 2.3357214691e-05 0.0000000000e+00
3.7171374071e-02 2.3357214691e-05 0.0000000000e+00
4.1216557790e-02 2.3357214691e-05 0.0000000000e+00
4.5701959599e-02 2.3357214691e-05 0.0000000000e+00
5.0675486338e-02 2.3357214691e-05 0.0000000000e+00
5.6190258320e-02 2.3357214691e-05 0.0000000000e+00
6.2305176688e-02 2.3357214691e-05 0.0000000000e+00
6.9085552518e-02 2.3357214691e-05 0.0000000000e+00
7.6603804377e-02 2.3357214691e-05 0.0000000000e+00
8.4940231802e-02 2.3357214691e-05 0.0000000000e+00
9.4183872945e-02 2.3357214691e-05 0.0000000000e+00
1.0443345556e-01 2.3357214691e-05 0.0000000000e+00
1.1579845146e-01 2.3357214691e-05 0.0000000000e+00
1.2840024578e-01 2.3357214691e-05 0.0000000000e+00
1.4237343339e-01 2.3357214691e-05 0.0000000000e+00
1.5786725650e-01 2.3357214691e-05 0.0000000000e+00
1.7504719864e-01 2.3357214691e-05 0.0000000000e+00
1.9409675211e-01 2.3357214691e-05 0.0000000000e+00
2.1521937781e-01 2.3357214691e-05 0.0000000000e+00
2.3864067833e-01 2.3357214691e-05 0.0000000000e+00
2.6461080752e-01 2.3357214691e-05 0.0000000000e+00
2.9340714225e-01 2.3357214691e-05 0.0000000000e+00
3.2533724503e-01 2.3357214691e-05 0.0000000000e+00
3.6074214893e-01 2.3357214691e-05 0.0000000000e+00
4.0000000000e-01 2.3357214691e-05 0.0000000000e+00
2.0000000000e-02 4.2813323987e-05 0.0000000000e+00
2.2176504808e-02 4.2813323987e-05 0.0000000000e+00
2.4589868274e-02 4.2813323987e-05 0.0000000000e+00
2.7265866600e-02 4.2813323987e-05 0.0000000000e+00
3.0233081086e-02 4.2813323987e-05 0.0000000000e+00
3.3523203403e-02 4.2813323987e-05 0.0000000000e+00
3.7171374071e-02 4.2813323987e-05 0.0000000000e+00
4.1216557790e-02 4.2813323987e-05 0.0000000000e+00
4.5701959599e-02 4.2813323987e-05 0.0000000000e+00
5.0675486338e-02 4.2813323987e-05 0.0000000000e+00
5.6190258320e-02 4.2813323987e-05 0.0000000000e+00
6.2305176688e-02 4.2813323987e-05 0.0000000000e+00
6.9085552518e-02 4.2813323987e-05 0.0000000000e+00
7.6603804377e-02 4.2813323987e-05 0.0000000000e+00
8.4940231802e-02 4.2813323987e-05 0.0000000000e+00
9.4183872945e-02 4.2813323987e-05 0.0000000000e+00
1.0443345556e-01 4.2813323987e-05 0.0000000000e+00
1.1579845146e-01 4.2813323987e-05 0.0000000000e+00
1.2840024578e-01 4.2813323987e-05 0.0000000000e+00
1.4237343339e-01 4.2813323987e-05 0.0000000000e+00
1.5786725650e-01 4.2813323987e-05 0.0000000000e+00
1.7504719864e-01 4.2813323987e-05 0.0000000000e+00
1.9409675211e-01 4.2813323987e-05 0.0000000000e+00
2.1521937781e-01 4.2813323987e-05 0.0000000000e+00
2.3864067833e-01 4.2813323987e-05 0.0000000000e+00
2.6461080752e-01 4.2813323987e-05 0.0000000000e+00
2.9340714225e-01 4.2813323987e-05 0.0000000000e+00
3.2533724503e-01 4.2813323987e-05 0.0000000000e+00
3.6074214893e-01 4.2813323987e-05 0.0000000000e+00
4.0000000000e-01 4.2813323987e-05 0.0000000000e+00
2.0000000000e-02 7.8475997035e-05 0.0000000000e+00
2.2176504808e-02 7.8475997035e-05 0.0000000000e+00
2.4589868274e-02 7.8475997035e-05 0.0000000000e+00
2.7265866600e-02 7.8475997035e-05 0.0000000000e+00
3.0233081086e-02 7.8475997035e-05 0.0000000000e+00
3.3523203403e-02 7.8475997035e-05 0.0000000000e+00
3.7171374071e-02 7.8475997035e-05 0.0000000000e+00
4.1216557790e-02 7.8475997035e-05 0.0000000000e+00
4.5701959599e-02 7.8475997035e-05 0.0000000000e+00
5.0675486338e-02 7.8475997035e-05 0.0000000000e+00
5.6190258320e-02 7.8475997035e-05 0.0000000000e+00
6.2305176688e-02 7.8475997035e-05 0.0000000000e+00
6.9085552518e-02 7.8475997035e-05 0.0000000000e+00
7.6603804377e-02 7.8475997035e-05 0.0000000000e+00
8.4940231802e-02 7.8475997035e-05 0.0000000000e+00
9.4183872945e-02 7.8475997035e-05 0.0000000000e+00
1.0443345556e-01 7.8475997035e-05 0.0000000000e+00
1.1579845146e-01 7.8475997035e-05 0.0000000000e+00
1.2840024578e-01 7.8475997035e-05 0.0000000000e+00
1.4237343339e-01 7.8475997035e-05 0.0000000000e+00
1.5786725650e-01 7.8475997035e-05 0.0000000000e+00
1.7504719864e-01 7.8475997035e-05 0.0000000000e+00
1.9409675211e-01 7.8475997035e-05 0.0000000000e+00
2.1521937781e-01 7.8475997035e-05 0.0000000000e+00
2.3864067833e-01 7.8475997035e-05 0.0000000000e+00
2.6461080752e-01 7.8475997035e-05 0.0000000000e+00
2.9340714225e-01 7.8475997035e-05 0.0000000000e+00
3.2533724503e-01 7.8475997035e-05 0.0000000000e+00
3.6074214893e-01 7.8475997035e-05 0.0000000000e+00
4.0000000000e-01 7.8475997035e-05 0.0000000000e+00
2.0000000000e-02 1.4384498883e-04 0.0000000000e+00
2.2176504808e-02 1.4384498883e-04 0.0000000000e+00
2.4589868274e-02 1.4384498883e-04 0.0000000000e+00
2.7265866600e-02 1.4384498883e-04 0.0000000000e+00
3.0233081086e-02 1.4384498883e-04 0.0000000000e+00
3.3523203403e-02 1.4384498883e-04 0.0000000000e+00
3.7171374071e-02 1.4384498883e-04 0.0000000000e+00
4.1216557790e-02 1.4384498883e-04 0.0000000000e+00
4.5701959599e-02 1.4384498883e-04 0.0000000000e+00
5.0675486338e-02 1.4384498883e-04 0.0000000000e+00
5.6190258320e-02 1.4384498883e-04 0.0000000000e+00
6.2305176688e-02 1.4384498883e-04 0.0000000000e+00
6.9085552518e-02 1.4384498883e-04 0.0000000000e+00
7.6603804377e-02 1.4384498883e-04 0.0000000000e+00
8.4940231802e-02 1.4384498883e-04 0.0000000000e+00
9.4183872945e-02 1.4384498883e-04 0.0000000000e+00
1.0443345556e-01 1.4384498883e-04 0.0000000000e+00
1.1579845146e-01 1.4384498883e-04 0.0000000000e+00
1.2840024578e-01 1.4384498883e-04 0.0000000000e+00
1.4237343339e-01 1.4384498883e-04 0.0000000000e+00
1.5786725650e-01 1.4384498883e-04 0.0000000000e+00
1.7504719864e-01 1.4384498883e-04 0.0000000000e+00
1.9409675211e-01 1.4384498883e-04 0.0000000000e+00
2.1521937781e-01 1.4384498883e-04 0.0000000000e+00
2.3864067833e-01 1.4384498883e-04 0.0000000000e+00
2.6461080752e-01 1.4384498883e-04 0.0000000000e+00
2.9340714225e-01 1.4384498883e-04 0.0000000000e+00
3.2533724503e-01 1.4384498883e-04 0.0000000000e+00
3.6074214893e-01 1.4384498883e-04 0.0000000000e+00
4.0000000000e-01 1.4384498883e-04 0.0000000000e+00
2.0000000000e-02 2.6366508987e-04 0.0000000000e+00
2.2176504808e-02 2.6366508987e-04 0.0000000000e+00
2.4589868274e-02 2.6366508987e-04 0.0000000000e+00
2.7265866600e-02 2.6366508987e-04 0.0000000000e+00
3.0233081086e-02 2.6366508987e-04 0.0000000000e+00
3.3523203403e-02 2.6366508987e-04 0.0000000000e+00
3.7171374071e-02 2.6366508987e-04 0.0000000000e+00
4.1216557790e-02 2.6366508987e-04 0.0000000000e+00
4.5701959599e-02 2.6366508987e-04 0.0000000000e+00
5.0675486338e-02 2.6366508987e-04 0.0000000000e+00
5.6190258320e-02 2.6366508987e-04 0.0000000000e+00
6.2305176688e-02 2.6366508987e-04 0.0000000000e+00
6.9085552518e-02 2.6366508987e-04 0.0000000000e+00
7.6603804377e-02 2.6366508987e-04 0.0000000000e+00
8.4940231802e-02 2.6366508987e-04 0.0000000000e+00
9.4183872945e-02 2.6366508987e-04 0.0000000000e+00
1.0443345556e-01 2.6366508987e-04 0.0000000000e+00
1.1579845146e-01 2.6366508987e-04 0.0000000000e+00
1.2840024578e-01 2.6366508987e-04 0.0000000000e+00
1.4237343339e-01 2.6366508987e-04 0.0000000000e+00
1.5786725650e-01 2.6366508987e-04 0.0000000000e+00
1.7504719864e-01 2.6366508987e-04 0.0000000000e+00
1.9409675211e-01 2.6366508987e-04 0.0000000000e+00
2.1521937781e-01 2.6366508987e-04 0.0000000000e+00
2.3864067833e-01 2.6366508987e-04 0.0000000000e+00
2.6461080752e-01 2.6366508987e-04 0.0000000000e+00
2.9340714225e-01 2.6366508987e-04 0.0000000000e+00
3.2533724503e-01 2.6366508987e-04 0.0000000000e+00
3.6074214893e-01 2.6366508987e-04 0.0000000000e+00
4.0000000000e-01 2.6366508987e-04 0.0000000000e+00
2.0000000000e-02 4.8329302386e-04 0.0000000000e+00
2.2176504808e-02 4.8329302386e-04 0.0000000000e+00
2.4589868274e-02 4.8329302386e-04 0.0000000000e+00
2.7265866600e-02 4.8329302386e-04 0.0000000000e+00
3.0233081086e-02 4.8329302386e-04 0.0000000000e+00
3.3523203403e-02 4.8329302386e-04 0.0000000000e+00
3.7171374071e-02 4.8329302386e-04 0.0000000000e+00
4.1216557790e-02 4.8329302386e-04 0.0000000000e+00
4.5701959599e-02 4.8329302386e-04 0.0000000000e+00
5.0675486338e-02 4.8329302386e-04 0.0000000000e+00
5.6190258320e-02 4.8329302386e-04 0.0000000000e+00
6.2305176688e-02 4.8329302386e-04 0.0000000000e+00
6.9085552518e-02 4.8329302386e-04 0.0000000000e+00
7.6603804377e-02 4.8329302386e-04 0.0000000000e+00
8.4940231802e-02 4.8329302386e-04 0.0000000000e+00
9.4183872945e-02 4.8329302386e-04 0.0000000000e+00
1.0443345556e-01 4.8329302386e-04 0.0000000000e+00
1.1579845146e-01 4.8329302386e-04 0.0000000000e+00
1.2840024578e-01 4.8329302386e-04 0.0000000000e+00
1.4237343339e-01 4.8329302386e-04 0.0000000000e+00
1.5786725650e-01 4.8329302386e-04 0.0000000000e+00
1.7504719864e-01 4.8329302386e-04 0.0000000000e+00
1.9409675211e-01 4.8329302386e-04 0.0000000000e+00
2.1521937781e-01 4.8329302386e-04 0.0000000000e+00
2.3864067833e-01 4.8329302386e-04 0.0000000000e+00
2.6461080752e-01 4.8329302386e-04 0.0000000000e+00
2.9340714225e-01 4.8329302386e-04 0.0000000000e+00
3.2533724503e-01 4.8329302386e-04 0.0000000000e+00
3.6074214893e-01 4.8329302386e-04 0.0000000000e+00
4.0000000000e-01 4.8329302386e-04 0.0000000000e+00
2.0000000000e-02 8.8586679041e-04 0.0000000000e+00
2.2176504808e-02 8.8586679041e-04 0.0000000000e+00
2.4589868274e-02 8.8586679041e-04 0.0000000000e+00
2.7265866600e-02 8.8586679041e-04 0.0000000000e+00
3.0233081086e-02 8.8586679041e-04 0.0000000000e+00
3.3523203403e-02 8.8586679041e-04 0.0000000000e+00
3.7171374071e-02 8.8586679041e-04 0.0000000000e+00
4.1216557790e-02 8.8586679041e-04 0.0000000000e+00
4.5701959599e-02 8.8586679041e-04 0.0000000000e+00
5.0675486338e-02 8.8586679041e-04 0.0000000000e+00
5.6190258320e-02 8.8586679041e-04 0.0000000000e+00
6.2305176688e-02 8.8586679041e-04 0.0000000000e+00
6.9085552518e-02 8.8586679041e-04 0.0000000000e+00
7.6603804377e-02 8.8586679041e-04 0.0000000000e+00
8.4940231802e-02 8.8586679041e-04 0.0000000000e+00
9.4183872945e-02 8.8586679041e-04 0.0000000000e+00
1.0443345556e-01 8.8586679041e-04 0.0000000000e+00
1.1579845146e-01 8.8586679041e-04 0.0000000000e+00
1.2840024578e-01 8.8586679041e-04 0.0000000000e+00
1.4237343339e-01 8.8586679041e-04 0.0000000000e+00
1.5786725650e-01 8.8586679041e-04 0.0000000000e+00
1.7504719864e-01 8.8586679041e-04 0.0000000000e+00
1.9409675211e-01 8.8586679041e-04 0.0000000000e+00
2.1521937781e-01 8.8586679041e-04 0.0000000000e+00
2.3864067833e-01 8.8586679041e-04 0.0000000000e+00
2.6461080752e-01 8.8586679041e-04 0.0000000000e+00
2.9340714225e-01 8.8586679041e-04 0.0000000000e+00
3.2533724503e-01 8.8586679041e-04 0.0000000000e+00
3.6074214893e-01 8.8586679041e-04 0.0000000000e+00
4.0000000000e-01 8.8586679041e-04 0.0000000000e+00
2.0000000000e-02 1.6237767392e-03 0.0000000000e+00
2.2176504808e-02 1.6237767392e-03 0.0000000000e+00
2.4589868274e-02 1.6237767392e-03 0.0000000000e+00
2.7265866600e-02 1.6237767392e-03 0.0000000000e+00
3.0233081086e-02 1.6237767392e-03 0.0000000000e+00
3.3523203403e-02 1.6237767392e-03 0.0000000000e+00
3.7171374071e-02 1.6237767392e-03 0.0000000000e+00
4.1216557790e-02 1.6237767392e-03 0.0000000000e+00
4.5701959599e-02 1.6237767392e-03 0.0000000000e+00
5.0675486338e-02 1.6237767392e-03 0.0000000000e+00
5.6190258320e-02 1.6237767392e-03 0.0000000000e+00
6.2305176688e-02 1.6237767392e-03 0.0000000000e+00
6.9085552518e-02 1.6237767392e-03 0.0000000000e+00
7.6603804377e-02 1.6237767392e-03 0.0000000000e+00
8.4940231802e-02 1.6237767392e-03 0.0000000000e+00
9.4183872945e-02 1.6237767392e-03 0.0000000000e+00
1.0443345556e-01 1.6237767392e-03 0.0000000000e+00
1.1579845146e-01 1.6237767392e-03 0.0000000000e+00
1.2840024578e-01 1.6237767392e-03 0.0000000000e+00
1.4237343339e-01 1.6237767392e-03 0.0000000000e+00
1.5786725650e-01 1.6237767392e-03 0.0000000000e+00
1.7504719864e-01 1.6237767392e-03 0.0000000000e+00
1.9409675211e-01 1.6237767392e-03 0.0000000000e+00
2.1521937781e-01 1.6237767392e-03 0.0000000000e+00
2.3864067833e-01 1.6237767392e-03 0.0000000000e+00
2.6461080752e-01 1.6237767392e-03 0.0000000000e+00
2.9340714225e-01 1.6237767392e-03 0.0000000000e+00
3.2533724503e-01 1.6237767392e-03 0.0000000000e+00
3.6074214893e-01 1.6237767392e-03 0.0000000000e+00
4.0000000000e-01 1.6237767392e-03 0.0000000000e+00
2.0000000000e-02 2.9763514416e-03 0.0000000000e+00
2.2176504808e-02 2.9763514416e-03 0.0000000000e+00
2.4589868274e-02 2.9763514416e-03 0.0000000000e+00
2.7265866600e-02 2.9763514416e-03 0.0000000000e+00
3.0233081086e-02 2.9763514416e-03 0.0000000000e+00
3.3523203403e-02 2.9763514416e-03 0.0000000000e+00
3.7171374071e-02 2.9763514416e-03 0.0000000000e+00
4.1216557790e-02 2.9763514416e-03 0.0000000000e+00
4.5701959599e-02 2.9763514416e-03 0.0000000000e+00
5.0675486338e-02 2.9763514416e-03 0.0000000000e+00
5.6190258320e-02 2.9763514416e-03 0.0000000000e+00
6.2305176688e-02 2.9763514416e-03 0.0000000000e+00
6.9085552518e-02 2.9763514416e-03 0.0000000000e+00
7.6603804377e-02 2.9763514416e-03 0.0000000000e+00
8.4940231802e-02 2.9763514416e-03 0.0000000000e+00
9.4183872945e-02 2.9763514416e-03 0.0000000000e+00
1.0443345556e-01 2.9763514416e-03 0.0000000000e+00
1.1579845146e-01 2.9763514416e-03 0.0000000000e+00
1.2840024578e-01 2.9763514416e-03 0.0000000000e+00
1.4237343339e-01 2.9763514416e-03 0.0000000000e+00
1.5786725650e-01 2.9763514416e-03 0.0000000000e+00
1.7504719864e-01 2.9763514416e-03 0.0000000000e+00
1.9409675211e-01 2.9763514416e-03 0.0000000000e+00
2.1521937781e-01 2.9763514416e-03 0.0000000000e+00
2.3864067833e-01 2.9763514416e-03 0.0000000000e+00
2.6461080752e-01 2.9763514416e-03 0.0000000000e+00
2.9340714225e-01 2.9763514416e-03 0.0000000000e+00
3.2533724503e-01 2.9763514416e-03 0.0000000000e+00
3.6074214893e-01 2.9763514416e-03 0.0000000000e+00
4.0000000000e-01 2.9763514416e-03 0.0000000000e+00
2.0000000000e-02 5.4555947812e-03 0.0000000000e+00
2.2176504808e-02 5.4555947812e-03 0.0000000000e+00
2.4589868274e-02 5.4555947812e-03 0.0000000000e+00
2.7265866600e-02 5.4555947812e-03 0.0000000000e+00
3.0233081086e-02 5.4555947812e-03 0.0000000000e+00
3.3523203403e-02 5.4555947812e-03 0.0000000000e+00
3.7171374071e-02 5.4555947812e-03 0.0000000000e+00
4.1216557790e-02 5.4555947812e-03 0.0000000000e+00
4.5701959599e-02 5.4555947812e-03 0.0000000000e+00
5.0675486338e-02 5.4555947812e-03 0.0000000000e+00
5.6190258320e-02 5.4555947812e-03 0.0000000000e+00
6.2305176688e-02 5.4555947812e-03 0.0000000000e+00
6.9085552518e-02 5.4555947812e-03 0.0000000000e+00
7.6603804377e-02 5.4555947812e-03 0.0000000000e+00
8.4940231802e-02 5.4555947812e-03 0.0000000000e+00
9.4183872945e-02 5.4555947812e-03 0.0000000000e+00
1.0443345556e-01 5.4555947812e-03 0.0000000000e+00
1.1579845146e-01 5.4555947812e-03 0.0000000000e+00
1.2840024578e-01 5.4555947812e-03 0.0000000000e+00
1.4237343339e-01 5.4555947812e-03 0.0000000000e+00
1.5786725650e-01 5.4555947812e-03 0.0000000000e+00
1.7504719864e-01 5.4555947812e-03 0.0000000000e+00
1.9409675211e-01 5.4555947812e-03 0.0000000000e+00
2.1521937781e-01 5.4555947812e-03 0.0000000000e+00
2.3864067833e-01 5.4555947812e-03 0.0000000000e+00
2.6461080752e-01 5.4555947812e-03 0.0000000000e+00
2.9340714225e-01 5.4555947812e-03 0.0000000000e+00
3.2533724503e-01 5.4555947812e-03 0.0000000000e+00
3.6074214893e-01 5.4555947812e-03 0.0000000000e+00
4.0000000000e-01 5.4555947812e-03 0.0000000000e+00
2.0000000000e-02 1.0000000000e-02 0.0000000000e+00
2.2176504808e-02 1.0000000000e-02 0.0000000000e+00
2.4589868274e-02 1.0000000000e-02 0.0000000000e+00
2.7265866600e-02 1.0000000000e-02 0.0000000000e+00
3.0233081086e-02 1.0000000000e-02 0.0000000000e+00
3.3523203403e-02 1.0000000000e-02 0.0000000000e+00
3.7171374071e-02 1.0000000000e-02 0.0000000000e+00
4.1216557790e-02 1.0000000000e-02 0.0000000000e+00
4.5701959599e-02 1.0000000000e-02 0.0000000000e+00
5.0675486338e-02 1.0000000000e-02 0.0000000000e+00
5.6190258320e-02 1.0000000000e-02 0.0000000000e+00
6.2305176688e-02 1.0000000000e-02 0.0000000000e+00
6.9085552518e-02 1.0000000000e-02 0.0000000000e+00
7.6603804377e-02 1.0000000000e-02 0.0000000000e+00
8.4940231802e-02 1.0000000000e-02 0.0000000000e+00
9.4183872945e-02 1.0000000000e-02 0.0000000000e+00
1.0443345556e-01 1.0000000000e-02 0.0000000000e+00
1.1579845146e-01 1.0000000000e-02 0.0000000000e+00
1.2840024578e-01 1.0000000000e-02 0.0000000000e+00
1.4237343339e-01 1.0000000000e-02 0.0000000000e+00
1.5786725650e-01 1.0000000000e-02 0.0000000000e+00
1.7504719864e-01 1.0000000000e-02 0.0000000000e+00
1.9409675211e-01 1.0000000000e-02 0.0000000000e+00
2.1521937781e-01 1.0000000000e-02 0.0000000000e+00
2.3864067833e-01 1.0000000000e-02 0.0000000000e+00
2.6461080752e-01 1.0000000000e-02 0.0000000000e+00
2.9340714225e-01 1.0000000000e-02 0.0000000000e+00
3.2533724503e-01 1.0000000000e-02 0.0000000000e+00
3.6074214893e-01 1.0000000000e-02 0.0000000000e+00
4.0000000000e-01 1.0000000000e-02 0.0000000000e+00
