2.0000000000e-02 1.0000000000e-07 4.2379012358e-24
2.2176504808e-02 1.0000000000e-07 1.2577408690e-24
2.4589868274e-02 1.0000000000e-07 2.3269162388e-24
2.7265866600e-02 1.0000000000e-07 4.2996251963e-24
3.0233081086e-02 1.0000000000e-07 7.9184666299e-24
3.3523203403e-02 1.0000000000e-07 1.4504452995e-23
3.7171374071e-02 1.0000000000e-07 2.6400767118e-23
4.1216557790e-02 1.0000000000e-07 4.7575262168e-23
4.5701959599e-02 1.0000000000e-07 8.4492308520e-23
5.0675486338e-02 1.0000000000e-07 1.4694885504e-22
5.6190258320e-02 1.0000000000e-07 2.4855192551e-22
6.2305176688e-02 1.0000000000e-07 4.0488694120e-22
6.9085552518e-02 1.0000000000e-07 6.2839261632e-22
7.6603804377e-02 1.0000000000e-07 9.2258458569e-22
8.4940231802e-02 1.0000000000e-07 1.2714486981e-21
9.4183872945e-02 1.0000000000e-07 1.6341745039e-21
1.0443345556e-01 1.0000000000e-07 1.9411038092e-21
1.1579845146e-01 1.0000000000e-07 2.1040613332e-21
1.2840024578e-01 1.0000000000e-07 2.0472620480e-21
1.4237343339e-01 1.0000000000e-07 1.7479958464e-21
1.5786725650e-01 1.0000000000e-07 1.2632569204e-21
1.7504719864e-01 1.0000000000e-07 7.2865075078e-22
1.9409675211e-01 1.0000000000e-07 3.0693455323e-22
2.1521937781e-01 1.0000000000e-07 8.2137620608e-23
2.3864067833e-01 1.0000000000e-07 1.1861015161e-23
2.6461080752e-01 1.0000000000e-07 7.0268310651e-25
2.9340714225e-01 1.0000000000e-07 1.0947000330e-26
3.2533724503e-01 1.0000000000e-07 2.2669356232e-29
3.6074214893e-01 1.0000000000e-07 2.2399040626e-33
4.0000000000e-01 1.0000000000e-07 1.7801781661e-38
2.0000000000e-02 1.8329807108e-07 1.4238578068e-23
2.2176504808e-02 1.8329807108e-07 4.2257807712e-24
2.4589868274e-02 1.8329807108e-07 7.8180157298e-24
2.7265866600e-02 1.8329807108e-07 1.4445959359e-23
3.0233081086e-02 1.8329807108e-07 2.6604608982e-23
3.3523203403e-02 1.8329807108e-07 4.8732326407e-23
3.7171374071e-02 1.8329807108e-07 8.8701780134e-23
4.1216557790e-02 1.8329807108e-07 1.5984423581e-22
4.5701959599e-02 1.8329807108e-07 2.8387880321e-22
5.0675486338e-02 1.8329807108e-07 4.9372145030e-22
5.6190258320e-02 1.8329807108e-07 8.3508930442e-22
6.2305176688e-02 1.8329807108e-07 1.3603465489e-21
6.9085552518e-02 1.8329807108e-07 2.1112850033e-21
7.6603804377e-02 1.8329807108e-07 3.0997165616e-21
8.4940231802e-02 1.8329807108e-07 4.2718365859e-21
9.4183872945e-02 1.8329807108e-07 5.4905293813e-21
1.0443345556e-01 1.8329807108e-07 6.5217560737e-21
1.1579845146e-01 1.8329807108e-07 7.0692637427e-21
1.2840024578e-01 1.8329807108e-07 6.8784284658e-21
1.4237343339e-01 1.8329807108e-07 5.8729484092e-21
1.5786725650e-01 1.8329807108e-07 4.2443137013e-21
1.7504719864e-01 1.8329807108e-07 2.4481341168e-21
1.9409675211e-01 1.8329807108e-07 1.0312443246e-21
2.1521937781e-01 1.8329807108e-07 2.7596747971e-22
2.3864067833e-01 1.8329807108e-07 3.9850855632e-23
2.6461080752e-01 1.8329807108e-07 2.3608875507e-24
2.9340714225e-01 1.8329807108e-07 3.6779931889e-26
3.2533724503e-01 1.8329807108e-07 7.6164917606e-29
3.6074214893e-01 1.8329807108e-07 7.5256706290e-33
4.0000000000e-01 1.8329807108e-07 5.9810751554e-38
2.0000000000e-02 3.3598182863e-07 4.7839034962e-23
2.2176504808e-02 3.3598182863e-07 1.4197855509e-23
2.4589868274e-02 3.3598182863e-07 2.6267112211e-23
2.7265866600e-02 3.3598182863e-07 4.8535798416e-23
3.0233081086e-02 3.3598182863e-07 8.9386651758e-23
3.3523203403e-02 3.3598182863e-07 1.6373176139e-22
3.7171374071e-02 3.3598182863e-07 2.9802186292e-22
4.1216557790e-02 3.3598182863e-07 5.3704758642e-22
4.5701959599e-02 3.3598182863e-07 9.5378119413e-22
5.0675486338e-02 3.3598182863e-07 1.6588143570e-21
5.6190258320e-02 3.3598182863e-07 2.8057483157e-21
6.2305176688e-02 3.3598182863e-07 4.5705172107e-21
6.9085552518e-02 3.3598182863e-07 7.0935339616e-21
7.6603804377e-02 3.3598182863e-07 1.0414484386e-20
8.4940231802e-02 3.3598182863e-07 1.4352594677e-20
9.4183872945e-02 3.3598182863e-07 1.8447181017e-20
1.0443345556e-01 3.3598182863e-07 2.1911915315e-20
1.1579845146e-01 3.3598182863e-07 2.3751441593e-20
1.2840024578e-01 3.3598182863e-07 2.3110269740e-20
1.4237343339e-01 3.3598182863e-07 1.9732039460e-20
1.5786725650e-01 3.3598182863e-07 1.4260122786e-20
1.7504719864e-01 3.3598182863e-07 8.2252857728e-21
1.9409675211e-01 3.3598182863e-07 3.4647935395e-21
2.1521937781e-01 3.3598182863e-07 9.2720058475e-22
2.3864067833e-01 3.3598182863e-07 1.3389163348e-22
2.6461080752e-01 3.3598182863e-07 7.9321531647e-24
2.9340714225e-01 3.3598182863e-07 1.2357388773e-25
3.2533724503e-01 3.3598182863e-07 2.5590028295e-28
3.6074214893e-01 3.3598182863e-07 2.5284885796e-32
4.0000000000e-01 3.3598182863e-07 2.0095325679e-37
2.0000000000e-02 6.1584821107e-07 2.5757681307e-23
2.2176504808e-02 6.1584821107e-07 4.7702214565e-23
2.4589868274e-02 6.1584821107e-07 8.8252723936e-23
2.7265866600e-02 6.1584821107e-07 1.6307146306e-22
3.0233081086e-02 6.1584821107e-07 3.0032290713e-22
3.3523203403e-02 6.1584821107e-07 5.5010896598e-22
3.7171374071e-02 6.1584821107e-07 1.0012993048e-21
4.1216557790e-02 6.1584821107e-07 1.8043823015e-21
4.5701959599e-02 6.1584821107e-07 3.2045314971e-21
5.0675486338e-02 6.1584821107e-07 5.5733148103e-21
5.6190258320e-02 6.1584821107e-07 9.4268044977e-21
6.2305176688e-02 6.1584821107e-07 1.5356107302e-20
6.9085552518e-02 6.1584821107e-07 2.3832985119e-20
7.6603804377e-02 6.1584821107e-07 3.4990775083e-20
8.4940231802e-02 6.1584821107e-07 4.8222110053e-20
9.4183872945e-02 6.1584821107e-07 6.1979176111e-20
1.0443345556e-01 6.1584821107e-07 7.3620053764e-20
1.1579845146e-01 6.1584821107e-07 7.9800527791e-20
1.2840024578e-01 6.1584821107e-07 7.7646306874e-20
1.4237343339e-01 6.1584821107e-07 6.6296067002e-20
1.5786725650e-01 6.1584821107e-07 4.7911421302e-20
1.7504719864e-01 6.1584821107e-07 2.7635465549e-20
1.9409675211e-01 6.1584821107e-07 1.1641076692e-20
2.1521937781e-01 6.1584821107e-07 3.1152254797e-21
2.3864067833e-01 6.1584821107e-07 4.4985155854e-22
2.6461080752e-01 6.1584821107e-07 2.6650593252e-23
2.9340714225e-01 6.1584821107e-07 4.1518580770e-25
3.2533724503e-01 6.1584821107e-07 8.5977845011e-28
3.6074214893e-01 6.1584821107e-07 8.4952621664e-32
4.0000000000e-01 6.1584821107e-07 8.0330611977e-38
2.0000000000e-02 1.1288378917e-06 8.6541128667e-23
2.2176504808e-02 1.1288378917e-06 1.6027077279e-22
2.4589868274e-02 1.1288378917e-06 2.9651311569e-22
2.7265866600e-02 1.1288378917e-06 5.4789048355e-22
3.0233081086e-02 1.1288378917e-06 1.0090303952e-21
3.3523203403e-02 1.1288378917e-06 1.8482661633e-21
3.7171374071e-02 1.1288378917e-06 3.3641837142e-21
4.1216557790e-02 1.1288378917e-06 6.0623966519e-21
4.5701959599e-02 1.1288378917e-06 1.0766643523e-20
5.0675486338e-02 1.1288378917e-06 1.8725325015e-20
5.6190258320e-02 1.1288378917e-06 3.1672350133e-20
6.2305176688e-02 1.1288378917e-06 5.1593730120e-20
6.9085552518e-02 1.1288378917e-06 8.0074499218e-20
7.6603804377e-02 1.1288378917e-06 1.1756264597e-19
8.4940231802e-02 1.1288378917e-06 1.6201752716e-19
9.4183872945e-02 1.1288378917e-06 2.0823876927e-19
1.0443345556e-01 1.1288378917e-06 2.4735000287e-19
1.1579845146e-01 1.1288378917e-06 2.6811527253e-19
1.2840024578e-01 1.1288378917e-06 2.6087748170e-19
1.4237343339e-01 1.1288378917e-06 2.2274273822e-19
1.5786725650e-01 1.1288378917e-06 1.6097366941e-19
1.7504719864e-01 1.1288378917e-06 9.2850142503e-20
1.9409675211e-01 1.1288378917e-06 3.9111902342e-20
2.1521937781e-01 1.1288378917e-06 1.0466591533e-20
2.3864067833e-01 1.1288378917e-06 1.5114194925e-21
2.6461080752e-01 1.1288378917e-06 8.9541150550e-23
2.9340714225e-01 1.1288378917e-06 1.3949488689e-24
3.2533724503e-01 1.1288378917e-06 2.8886993588e-27
3.6074214893e-01 1.1288378917e-06 2.8542537173e-31
4.0000000000e-01 1.1288378917e-06 2.6989625907e-37
2.0000000000e-02 2.0691380811e-06 2.9076246661e-22
2.2176504808e-02 2.0691380811e-06 5.3848067318e-22
2.4589868274e-02 2.0691380811e-06 9.9623018823e-22
2.7265866600e-02 2.0691380811e-06 1.8408124655e-21
3.0233081086e-02 2.0691380811e-06 3.3901587731e-21
3.3523203403e-02 2.0691380811e-06 3.8893548438e-20
3.7171374071e-02 2.0691380811e-06 1.1303045961e-20
4.1216557790e-02 2.0691380811e-06 2.0368551130e-20
4.5701959599e-02 2.0691380811e-06 3.6173965791e-20
5.0675486338e-02 2.0691380811e-06 6.2913689402e-20
5.6190258320e-02 2.0691380811e-06 1.0641334115e-19
6.2305176688e-02 2.0691380811e-06 1.7334555792e-19
6.9085552518e-02 2.0691380811e-06 2.6903576674e-19
7.6603804377e-02 2.0691380811e-06 3.9498912773e-19
8.4940231802e-02 2.0691380811e-06 5.4434945044e-19
9.4183872945e-02 2.0691380811e-06 6.9964442489e-19
1.0443345556e-01 2.0691380811e-06 8.3105106276e-19
1.1579845146e-01 2.0691380811e-06 9.0081859547e-19
1.2840024578e-01 2.0691380811e-06 8.7650093349e-19
1.4237343339e-01 2.0691380811e-06 7.4837512502e-19
1.5786725650e-01 2.0691380811e-06 5.4084227810e-19
1.7504719864e-01 2.0691380811e-06 3.1195960667e-19
1.9409675211e-01 2.0691380811e-06 1.3140888470e-19
2.1521937781e-01 2.0691380811e-06 3.5165845626e-20
2.3864067833e-01 2.0691380811e-06 5.0780948491e-21
2.6461080752e-01 2.0691380811e-06 3.0084199499e-22
2.9340714225e-01 2.0691380811e-06 4.6867747182e-24
3.2533724503e-01 2.0691380811e-06 9.7055049294e-27
3.6074214893e-01 2.0691380811e-06 9.5897738332e-31
4.0000000000e-01 2.0691380811e-06 9.0680238661e-37
2.0000000000e-02 3.7926901907e-06 9.7690905228e-22
2.2176504808e-02 3.7926901907e-06 1.8091972126e-21
2.4589868274e-02 3.7926901907e-06 3.3471524038e-21
2.7265866600e-02 3.7926901907e-06 6.1847953832e-21
3.0233081086e-02 3.7926901907e-06 1.1390317439e-20
3.3523203403e-02 3.7926901907e-06 2.0863928791e-20
3.7171374071e-02 3.7926901907e-06 3.7976180511e-20
4.1216557790e-02 3.7926901907e-06 6.8434630551e-20
4.5701959599e-02 3.7926901907e-06 1.2153795175e-19
5.0675486338e-02 3.7926901907e-06 2.1137856411e-19
5.6190258320e-02 3.7926901907e-06 3.5752948949e-19
6.2305176688e-02 3.7926901907e-06 5.8240957533e-19
6.9085552518e-02 3.7926901907e-06 9.0391128875e-19
7.6603804377e-02 3.7926901907e-06 1.3270916942e-18
8.4940231802e-02 3.7926901907e-06 1.8289152377e-18
9.4183872945e-02 3.7926901907e-06 2.3506781326e-18
1.0443345556e-01 3.7926901907e-06 2.7921805575e-18
1.1579845146e-01 3.7926901907e-06 3.0265867897e-18
1.2840024578e-01 3.7926901907e-06 2.9448838643e-18
1.4237343339e-01 3.7926901907e-06 2.5144044300e-18
1.5786725650e-01 3.7926901907e-06 1.8171317760e-18
1.7504719864e-01 3.7926901907e-06 1.0481275911e-18
1.9409675211e-01 3.7926901907e-06 4.4150997380e-19
2.1521937781e-01 3.7926901907e-06 1.1815085119e-19
2.3864067833e-01 3.7926901907e-06 1.7061475934e-20
2.6461080752e-01 3.7926901907e-06 1.0107744361e-21
2.9340714225e-01 3.7926901907e-06 1.5746711402e-23
3.2533724503e-01 3.7926901907e-06 3.2608732939e-26
3.6074214893e-01 3.7926901907e-06 3.2219897486e-30
4.0000000000e-01 3.7926901907e-06 3.0466912406e-36
2.0000000000e-02 6.9519279618e-06 3.2822368979e-21
2.2176504808e-02 6.9519279618e-06 6.0785738782e-21
2.4589868274e-02 6.9519279618e-06 1.1245823853e-20
2.7265866600e-02 6.9519279618e-06 2.0779788625e-20
3.0233081086e-02 6.9519279618e-06 3.8269396819e-20
3.3523203403e-02 6.9519279618e-06 7.0099009476e-20
3.7171374071e-02 6.9519279618e-06 1.2759306572e-19
4.1216557790e-02 6.9519279618e-06 2.2992792314e-19
4.5701959599e-02 6.9519279618e-06 4.0834543277e-19
5.0675486338e-02 6.9519279618e-06 7.1019356502e-19
5.6190258320e-02 6.9519279618e-06 1.2012341167e-18
6.2305176688e-02 6.9519279618e-06 1.9567903413e-18
6.9085552518e-02 6.9519279618e-06 3.0369776771e-18
7.6603804377e-02 6.9519279618e-06 4.4587869418e-18
8.4940231802e-02 6.9519279618e-06 6.1448228598e-18
9.4183872945e-02 6.9519279618e-06 7.8978513752e-18
1.0443345556e-01 6.9519279618e-06 9.3812192957e-18
1.1579845146e-01 6.9519279618e-06 1.0168781641e-17
1.2840024578e-01 6.9519279618e-06 9.8942746582e-18
1.4237343339e-01 6.9519279618e-06 8.4479419832e-18
1.5786725650e-01 6.9519279618e-06 6.1052325695e-18
1.7504719864e-01 6.9519279618e-06 3.5215182468e-18
1.9409675211e-01 6.9519279618e-06 1.4833932836e-18
2.1521937781e-01 6.9519279618e-06 3.9696539036e-19
2.3864067833e-01 6.9519279618e-06 5.7323458833e-20
2.6461080752e-01 6.9519279618e-06 3.3960184336e-21
2.9340714225e-01 6.9519279618e-06 5.2906088917e-23
3.2533724503e-01 6.9519279618e-06 1.0955941722e-25
3.6074214893e-01 6.9519279618e-06 1.0825300076e-29
4.0000000000e-01 6.9519279618e-06 1.0236328943e-35
2.0000000000e-02 1.2742749857e-05 1.1027719549e-20
2.2176504808e-02 1.2742749857e-05 2.0422903671e-20
2.4589868274e-02 1.2742749857e-05 3.7783924626e-20
2.7265866600e-02 1.2742749857e-05 6.9816313809e-20
3.0233081086e-02 1.2742749857e-05 1.2857821924e-19
3.3523203403e-02 1.2742749857e-05 2.3551993389e-19
3.7171374071e-02 1.2742749857e-05 4.2868951543e-19
4.1216557790e-02 1.2742749857e-05 7.7251604069e-19
4.5701959599e-02 1.2742749857e-05 1.3719664521e-18
5.0675486338e-02 1.2742749857e-05 2.3861213266e-18
5.6190258320e-02 1.2742749857e-05 4.0359283513e-18
6.2305176688e-02 1.2742749857e-05 6.5744599712e-18
6.9085552518e-02 1.2742749857e-05 1.0203693135e-17
7.6603804377e-02 1.2742749857e-05 1.4980713902e-17
8.4940231802e-02 1.2742749857e-05 2.0645488210e-17
9.4183872945e-02 1.2742749857e-05 2.6535345473e-17
1.0443345556e-01 1.2742749857e-05 3.1519192137e-17
1.1579845146e-01 1.2742749857e-05 3.4165258507e-17
1.2840024578e-01 1.2742749857e-05 3.3242964926e-17
1.4237343339e-01 1.2742749857e-05 2.8383549957e-17
1.5786725650e-01 1.2742749857e-05 2.0512472029e-17
1.7504719864e-01 1.2742749857e-05 1.1831661401e-17
1.9409675211e-01 1.2742749857e-05 4.9839318798e-18
2.1521937781e-01 1.2742749857e-05 1.3337315776e-18
2.3864067833e-01 1.2742749857e-05 1.9259640522e-19
2.6461080752e-01 1.2742749857e-05 1.1410004834e-20
2.9340714225e-01 1.2742749857e-05 1.7775484500e-22
3.2533724503e-01 1.2742749857e-05 3.6809973342e-25
3.6074214893e-01 1.2742749857e-05 3.6371041149e-29
4.0000000000e-01 1.2742749857e-05 3.4392205166e-35
2.0000000000e-02 2.3357214691e-05 3.7051133798e-20
2.2176504808e-02 2.3357214691e-05 6.8617245211e-20
2.4589868274e-02 2.3357214691e-05 1.2694712089e-19
2.7265866600e-02 2.3357214691e-05 2.3457012782e-19
3.0233081086e-02 2.3357214691e-05 4.3199945221e-19
3.3523203403e-02 2.3357214691e-05 7.9130418066e-19
3.7171374071e-02 2.3357214691e-05 1.4403188731e-18
4.1216557790e-02 2.3357214691e-05 2.5955135200e-18
4.5701959599e-02 2.3357214691e-05 4.6095579741e-18
5.0675486338e-02 2.3357214691e-05 8.0169340663e-18
5.6190258320e-02 2.3357214691e-05 1.3559985877e-17
6.2305176688e-02 2.3357214691e-05 2.2088990834e-17
6.9085552518e-02 2.3357214691e-05 3.4282554781e-17
7.6603804377e-02 2.3357214691e-05 5.0332476509e-17
8.4940231802e-02 2.3357214691e-05 6.9365088818e-17
9.4183872945e-02 2.3357214691e-05 8.9153938953e-17
1.0443345556e-01 2.3357214691e-05 1.0589875811e-16
1.1579845146e-01 2.3357214691e-05 1.1478906029e-16
1.2840024578e-01 2.3357214691e-05 1.1169032145e-16
1.4237343339e-01 2.3357214691e-05 9.5363570174e-17
1.5786725650e-01 2.3357214691e-05 6.8918178620e-17
1.7504719864e-01 2.3357214691e-05 3.9752232332e-17
1.9409675211e-01 2.3357214691e-05 1.6745105467e-17
2.1521937781e-01 2.3357214691e-05 4.4810957433e-18
2.3864067833e-01 2.3357214691e-05 6.4708892413e-19
2.6461080752e-01 2.3357214691e-05 3.8335542887e-20
2.9340714225e-01 2.3357214691e-05 5.9722397870e-22
3.2533724503e-01 2.3357214691e-05 1.2367482155e-24
3.6074214893e-01 2.3357214691e-05 1.2220008914e-28
4.0000000000e-01 2.3357214691e-05 1.1555155982e-34
2.0000000000e-02 4.2813323987e-05 1.2448507686e-19
2.2176504808e-02 4.2813323987e-05 2.3054147522e-19
2.4589868274e-02 4.2813323987e-05 4.2651925815e-19
2.7265866600e-02 4.2813323987e-05 7.8811300485e-19
3.0233081086e-02 4.2813323987e-05 1.4514396592e-18
3.3523203403e-02 4.2813323987e-05 2.6586382562e-18
3.7171374071e-02 4.2813323987e-05 4.8392096878e-18
4.1216557790e-02 4.2813323987e-05 8.7204537866e-18
4.5701959599e-02 4.2813323987e-05 1.5487277173e-17
5.0675486338e-02 4.2813323987e-05 2.6935441676e-17
5.6190258320e-02 4.2813323987e-05 4.5559088510e-17
6.2305176688e-02 4.2813323987e-05 7.4214995328e-17
6.9085552518e-02 4.2813323987e-05 1.1518315446e-16
7.6603804377e-02 4.2813323987e-05 1.6910797497e-16
8.4940231802e-02 4.2813323987e-05 2.3305409384e-16
9.4183872945e-02 4.2813323987e-05 2.9954103439e-16
1.0443345556e-01 4.2813323987e-05 3.5580058400e-16
1.1579845146e-01 4.2813323987e-05 3.8567038381e-16
1.2840024578e-01 4.2813323987e-05 3.7525918440e-16
1.4237343339e-01 4.2813323987e-05 3.2040426691e-16
1.5786725650e-01 4.2813323987e-05 2.3155255678e-16
1.7504719864e-01 4.2813323987e-05 1.3356027711e-16
1.9409675211e-01 4.2813323987e-05 5.6260511555e-17
2.1521937781e-01 4.2813323987e-05 1.5055667421e-17
2.3864067833e-01 4.2813323987e-05 2.1741012001e-18
2.6461080752e-01 4.2813323987e-05 1.2880045801e-19
2.9340714225e-01 4.2813323987e-05 2.0065640447e-21
3.2533724503e-01 4.2813323987e-05 4.1552492700e-24
3.6074214893e-01 4.2813323987e-05 4.1057009409e-28
4.0000000000e-01 4.2813323987e-05 3.8823224370e-34
2.0000000000e-02 7.8475997035e-05 4.1824723761e-19
2.2176504808e-02 7.8475997035e-05 7.7457746418e-19
2.4589868274e-02 7.8475997035e-05 1.4330272030e-18
2.7265866600e-02 7.8475997035e-05 2.6479164854e-18
3.0233081086e-02 7.8475997035e-05 4.8765735084e-18
3.3523203403e-02 7.8475997035e-05 8.9325414298e-18
3.7171374071e-02 7.8475997035e-05 1.6258865200e-17
4.1216557790e-02 7.8475997035e-05 2.9299140097e-17
4.5701959599e-02 7.8475997035e-05 5.2034437051e-17
5.0675486338e-02 7.8475997035e-05 9.0498189492e-17
5.6190258320e-02 7.8475997035e-05 1.5307025868e-16
6.2305176688e-02 7.8475997035e-05 2.4934889842e-16
6.9085552518e-02 7.8475997035e-05 3.8699446861e-16
7.6603804377e-02 7.8475997035e-05 5.6817206665e-16
8.4940231802e-02 7.8475997035e-05 7.8301940618e-16
9.4183872945e-02 7.8475997035e-05 1.0064034448e-15
1.0443345556e-01 7.8475997035e-05 1.1954253084e-15
1.1579845146e-01 7.8475997035e-05 1.2957824080e-15
1.2840024578e-01 7.8475997035e-05 1.2608026699e-15
1.4237343339e-01 7.8475997035e-05 1.0765001150e-15
1.5786725650e-01 7.8475997035e-05 7.7797451452e-16
1.7504719864e-01 7.8475997035e-05 4.4873826136e-16
1.9409675211e-01 7.8475997035e-05 1.8902509552e-16
2.1521937781e-01 7.8475997035e-05 5.0584306713e-17
2.3864067833e-01 7.8475997035e-05 7.3045849684e-18
2.6461080752e-01 7.8475997035e-05 4.3274613409e-19
2.9340714225e-01 7.8475997035e-05 6.7416905698e-21
3.2533724503e-01 7.8475997035e-05 1.3960882481e-23
3.6074214893e-01 7.8475997035e-05 1.3794409099e-27
4.0000000000e-01 7.8475997035e-05 1.3043897917e-33
2.0000000000e-02 1.4384498883e-04 1.4052347171e-18
2.2176504808e-02 1.4384498883e-04 2.6024395283e-18
2.4589868274e-02 1.4384498883e-04 4.8147110013e-18
2.7265866600e-02 1.4384498883e-04 8.8965182281e-18
3.0233081086e-02 1.4384498883e-04 1.6384400848e-17
3.3523203403e-02 1.4384498883e-04 3.0011716039e-17
3.7171374071e-02 1.4384498883e-04 5.4626832614e-17
4.1216557790e-02 1.4384498883e-04 9.8439786670e-17
4.5701959599e-02 1.4384498883e-04 1.7482625312e-16
5.0675486338e-02 1.4384498883e-04 3.0405747193e-16
5.6190258320e-02 1.4384498883e-04 5.1428825421e-16
6.2305176688e-02 1.4384498883e-04 8.3776698858e-16
6.9085552518e-02 1.4384498883e-04 1.3002310923e-15
7.6603804377e-02 1.4384498883e-04 1.9089548993e-15
8.4940231802e-02 1.4384498883e-04 2.6308029194e-15
9.4183872945e-02 1.4384498883e-04 3.3813326973e-15
1.0443345556e-01 1.4384498883e-04 4.0164118110e-15
1.1579845146e-01 1.4384498883e-04 4.3535934295e-15
1.2840024578e-01 1.4384498883e-04 4.2360678656e-15
1.4237343339e-01 1.4384498883e-04 3.6168447715e-15
1.5786725650e-01 1.4384498883e-04 2.6138530001e-15
1.7504719864e-01 1.4384498883e-04 1.5076790163e-15
1.9409675211e-01 1.4384498883e-04 6.3508997249e-16
2.1521937781e-01 1.4384498883e-04 1.6995407869e-16
2.3864067833e-01 1.4384498883e-04 2.4542078151e-17
2.6461080752e-01 1.4384498883e-04 1.4539483746e-18
2.9340714225e-01 1.4384498883e-04 2.2650855257e-20
3.2533724503e-01 1.4384498883e-04 7.0130881615e-25
3.6074214893e-01 1.4384498883e-04 4.6346707940e-27
4.0000000000e-01 1.4384498883e-04 4.3825126747e-33
2.0000000000e-02 2.6366508987e-04 4.7213332991e-18
2.2176504808e-02 2.6366508987e-04 8.7437239161e-18
2.4589868274e-02 2.6366508987e-04 1.6176554065e-17
2.7265866600e-02 2.6366508987e-04 2.9890684627e-17
3.0233081086e-02 2.6366508987e-04 5.5048609579e-17
3.3523203403e-02 2.6366508987e-04 1.0083391235e-16
3.7171374071e-02 2.6366508987e-04 1.8353623114e-16
4.1216557790e-02 2.6366508987e-04 3.3073979535e-16
4.5701959599e-02 2.6366508987e-04 5.8738444215e-16
5.0675486338e-02 2.6366508987e-04 1.0215778543e-15
5.6190258320e-02 2.6366508987e-04 1.7279150809e-15
6.2305176688e-02 2.6366508987e-04 2.8147448479e-15
6.9085552518e-02 2.6366508987e-04 4.3685402004e-15
7.6603804377e-02 2.6366508987e-04 6.4137415783e-15
8.4940231802e-02 2.6366508987e-04 8.8390197562e-15
9.4183872945e-02 2.6366508987e-04 1.1360663428e-14
1.0443345556e-01 2.6366508987e-04 1.3494413848e-14
1.1579845146e-01 2.6366508987e-04 1.4627282815e-14
1.2840024578e-01 2.6366508987e-04 1.4232418277e-14
1.4237343339e-01 2.6366508987e-04 1.2151941202e-14
1.5786725650e-01 2.6366508987e-04 8.7820711075e-15
1.7504719864e-01 2.6366508987e-04 5.0655275287e-15
1.9409675211e-01 2.6366508987e-04 2.1337869030e-15
2.1521937781e-01 2.6366508987e-04 5.7101482142e-16
2.3864067833e-01 2.6366508987e-04 8.2456922954e-17
2.6461080752e-01 2.6366508987e-04 4.8850023364e-18
2.9340714225e-01 2.6366508987e-04 7.6102757692e-20
3.2533724503e-01 2.6366508987e-04 1.5759573146e-22
3.6074214893e-01 2.6366508987e-04 1.5571651684e-26
4.0000000000e-01 2.6366508987e-04 1.4724446224e-32
2.0000000000e-02 4.8329302386e-04 1.5862821954e-17
2.2176504808e-02 4.8329302386e-04 2.9377323503e-17
2.4589868274e-02 4.8329302386e-04 5.4350282158e-17
2.7265866600e-02 4.8329302386e-04 1.0042726880e-16
3.0233081086e-02 4.8329302386e-04 1.8495332510e-16
3.3523203403e-02 4.8329302386e-04 3.3878362259e-16
3.7171374071e-02 4.8329302386e-04 6.1664838557e-16
4.1216557790e-02 4.8329302386e-04 1.1112256124e-15
4.5701959599e-02 4.8329302386e-04 1.9735049898e-15
5.0675486338e-02 4.8329302386e-04 3.4323159556e-15
5.6190258320e-02 4.8329302386e-04 5.8054806860e-15
6.2305176688e-02 4.8329302386e-04 9.4570312111e-15
6.9085552518e-02 4.8329302386e-04 1.4677501250e-14
7.6603804377e-02 4.8329302386e-04 2.1549006238e-14
8.4940231802e-02 4.8329302386e-04 2.9697500210e-14
9.4183872945e-02 4.8329302386e-04 3.8169764731e-14
1.0443345556e-01 4.8329302386e-04 4.5338778409e-14
1.1579845146e-01 4.8329302386e-04 4.9145012282e-14
1.2840024578e-01 4.8329302386e-04 4.7818339184e-14
1.4237343339e-01 4.8329302386e-04 4.0828314264e-14
1.5786725650e-01 4.8329302386e-04 2.9506163099e-14
1.7504719864e-01 4.8329302386e-04 1.7019252021e-14
1.9409675211e-01 4.8329302386e-04 7.1691362558e-15
2.1521937781e-01 4.8329302386e-04 1.9185060387e-15
2.3864067833e-01 4.8329302386e-04 2.7704027757e-16
2.6461080752e-01 4.8329302386e-04 1.6412720178e-17
2.9340714225e-01 4.8329302386e-04 2.5569143693e-19
3.2533724503e-01 4.8329302386e-04 5.2949302041e-22
3.6074214893e-01 4.8329302386e-04 5.2317920077e-26
4.0000000000e-01 4.8329302386e-04 4.9471463680e-32
2.0000000000e-02 8.8586679041e-04 5.3296199273e-17
2.2176504808e-02 8.8586679041e-04 9.8702468709e-17
2.4589868274e-02 8.8586679041e-04 1.8260707186e-16
2.7265866600e-02 8.8586679041e-04 3.3741737415e-16
3.0233081086e-02 8.8586679041e-04 6.2140956377e-16
3.3523203403e-02 8.8586679041e-04 1.1382514103e-15
3.7171374071e-02 8.8586679041e-04 2.0718265221e-15
4.1216557790e-02 8.8586679041e-04 3.7335161328e-15
4.5701959599e-02 8.8586679041e-04 6.6306181529e-15
5.0675486338e-02 8.8586679041e-04 1.1531957912e-14
5.6190258320e-02 8.8586679041e-04 1.9505360170e-14
6.2305176688e-02 8.8586679041e-04 3.1773906397e-14
6.9085552518e-02 8.8586679041e-04 4.9313737096e-14
7.6603804377e-02 8.8586679041e-04 7.2400745211e-14
8.4940231802e-02 8.8586679041e-04 9.9778204262e-14
9.4183872945e-02 8.8586679041e-04 1.2824347353e-13
1.0443345556e-01 8.8586679041e-04 1.5233005678e-13
1.1579845146e-01 8.8586679041e-04 1.6511831094e-13
1.2840024578e-01 8.8586679041e-04 1.6066093041e-13
1.4237343339e-01 8.8586679041e-04 1.3717571686e-13
1.5786725650e-01 8.8586679041e-04 9.9135346337e-14
1.7504719864e-01 8.8586679041e-04 5.7181594158e-14
1.9409675211e-01 8.8586679041e-04 2.4086995089e-14
2.1521937781e-01 8.8586679041e-04 6.4458316713e-15
2.3864067833e-01 8.8586679041e-04 9.3080499062e-16
2.6461080752e-01 8.8586679041e-04 5.5143757383e-17
2.9340714225e-01 8.8586679041e-04 8.5907676545e-19
3.2533724503e-01 8.8586679041e-04 1.7790003324e-21
3.6074214893e-01 8.8586679041e-04 1.7577870458e-25
4.0000000000e-01 8.8586679041e-04 1.6621512832e-31
2.0000000000e-02 1.6237767392e-03 1.7906554491e-16
2.2176504808e-02 1.6237767392e-03 3.3162235927e-16
2.4589868274e-02 1.6237767392e-03 6.1352657923e-16
2.7265866600e-02 1.6237767392e-03 1.1336610638e-15
3.0233081086e-02 1.6237767392e-03 2.0878232156e-15
3.3523203403e-02 1.6237767392e-03 3.8243179026e-15
3.7171374071e-02 1.6237767392e-03 6.9609606348e-15
4.1216557790e-02 1.6237767392e-03 1.2543935775e-14
4.5701959599e-02 1.6237767392e-03 2.2277672119e-14
5.0675486338e-02 1.6237767392e-03 3.8745283070e-14
5.6190258320e-02 1.6237767392e-03 6.5534465778e-14
6.2305176688e-02 1.6237767392e-03 1.0675455174e-13
6.9085552518e-02 1.6237767392e-03 1.6568519566e-13
7.6603804377e-02 1.6237767392e-03 2.4325334770e-13
8.4940231802e-02 1.6237767392e-03 3.3523663525e-13
9.4183872945e-02 1.6237767392e-03 4.3087476745e-13
1.0443345556e-01 1.6237767392e-03 5.1180131031e-13
1.1579845146e-01 1.6237767392e-03 5.5476752051e-13
1.2840024578e-01 1.6237767392e-03 5.3979153189e-13
1.4237343339e-01 1.6237767392e-03 4.6088548195e-13
1.5786725650e-01 1.6237767392e-03 3.3307674944e-13
1.7504719864e-01 1.6237767392e-03 1.9211976569e-13
1.9409675211e-01 1.6237767392e-03 8.0927926562e-14
2.1521937781e-01 1.6237767392e-03 2.1656823120e-14
2.3864067833e-01 1.6237767392e-03 3.1273356285e-15
2.6461080752e-01 1.6237767392e-03 1.8527300443e-16
2.9340714225e-01 1.6237767392e-03 2.8863418259e-18
3.2533724503e-01 1.6237767392e-03 5.9771178482e-21
3.6074214893e-01 1.6237767392e-03 5.9058450597e-25
4.0000000000e-01 1.6237767392e-03 5.5845262759e-31
2.0000000000e-02 2.9763514416e-03 6.0162769222e-16
2.2176504808e-02 2.9763514416e-03 1.1141908668e-15
2.4589868274e-02 2.9763514416e-03 2.0613378200e-15
2.7265866600e-02 2.9763514416e-03 3.8088951726e-15
3.0233081086e-02 2.9763514416e-03 7.0147066184e-15
3.3523203403e-02 2.9763514416e-03 1.2849013222e-14
3.7171374071e-02 2.9763514416e-03 2.3387562831e-14
4.1216557790e-02 2.9763514416e-03 4.2145344800e-14
4.5701959599e-02 2.9763514416e-03 7.4848930163e-14
5.0675486338e-02 2.9763514416e-03 1.3017711056e-13
5.6190258320e-02 2.9763514416e-03 2.2018389650e-13
6.2305176688e-02 2.9763514416e-03 3.5867589508e-13
6.9085552518e-02 2.9763514416e-03 5.5667215014e-13
7.6603804377e-02 2.9763514416e-03 8.1728704580e-13
8.4940231802e-02 2.9763514416e-03 1.1263341773e-12
9.4183872945e-02 2.9763514416e-03 1.4476609228e-12
1.0443345556e-01 2.9763514416e-03 1.7195594013e-12
1.1579845146e-01 2.9763514416e-03 1.8639180601e-12
1.2840024578e-01 2.9763514416e-03 1.8136014596e-12
1.4237343339e-01 2.9763514416e-03 1.5484914701e-12
1.5786725650e-01 2.9763514416e-03 1.1190773535e-12
1.7504719864e-01 2.9763514416e-03 6.4548750192e-13
1.9409675211e-01 2.9763514416e-03 2.7190312753e-13
2.1521937781e-01 2.9763514416e-03 7.2762990340e-14
2.3864067833e-01 2.9763514416e-03 1.0507279432e-14
2.6461080752e-01 2.9763514416e-03 6.2248362824e-16
2.9340714225e-01 2.9763514416e-03 9.6975840470e-18
3.2533724503e-01 2.9763514416e-03 2.0082029846e-20
3.6074214893e-01 2.9763514416e-03 1.9842566228e-24
4.0000000000e-01 2.9763514416e-03 1.8762993502e-30
2.0000000000e-02 5.4555947812e-03 2.0213597219e-15
2.2176504808e-02 5.4555947812e-03 3.7434788487e-15
2.4589868274e-02 5.4555947812e-03 6.9257205019e-15
2.7265866600e-02 5.4555947812e-03 1.2797195651e-14
3.0233081086e-02 5.4555947812e-03 2.3568139569e-14
3.3523203403e-02 5.4555947812e-03 4.3170349583e-14
3.7171374071e-02 5.4555947812e-03 7.8577961271e-14
4.1216557790e-02 5.4555947812e-03 1.4160070014e-13
4.5701959599e-02 5.4555947812e-03 2.5147880427e-13
5.0675486338e-02 5.4555947812e-03 4.3737143653e-13
5.6190258320e-02 5.4555947812e-03 7.3977788182e-13
6.2305176688e-02 5.4555947812e-03 1.2050858311e-12
6.9085552518e-02 5.4555947812e-03 1.8703172695e-12
7.6603804377e-02 5.4555947812e-03 2.7459359616e-12
8.4940231802e-02 5.4555947812e-03 3.7842781655e-12
9.4183872945e-02 5.4555947812e-03 4.8638776407e-12
1.0443345556e-01 5.4555947812e-03 5.7774071209e-12
1.1579845146e-01 5.4555947812e-03 6.2624259823e-12
1.2840024578e-01 5.4555947812e-03 6.0933713480e-12
1.4237343339e-01 5.4555947812e-03 5.2026499575e-12
1.5786725650e-01 5.4555947812e-03 3.7598965561e-12
1.7504719864e-01 5.4555947812e-03 2.1687207125e-12
1.9409675211e-01 5.4555947812e-03 9.1354509998e-13
2.1521937781e-01 5.4555947812e-03 2.4447042551e-13
2.3864067833e-01 5.4555947812e-03 3.5302549574e-14
2.6461080752e-01 5.4555947812e-03 2.0914318771e-15
2.9340714225e-01 5.4555947812e-03 3.2582120214e-17
3.2533724503e-01 5.4555947812e-03 6.7471971102e-20
3.6074214893e-01 5.4555947812e-03 6.6667416858e-24
4.0000000000e-01 5.4555947812e-03 6.3040248673e-30
2.0000000000e-02 1.0000000000e-02 4.2379012358e-14
2.2176504808e-02 1.0000000000e-02 1.2577408690e-14
2.4589868274e-02 1.0000000000e-02 2.3269162388e-14
2.7265866600e-02 1.0000000000e-02 4.2996251963e-14
3.0233081086e-02 1.0000000000e-02 7.9184666299e-14
3.3523203403e-02 1.0000000000e-02 1.4504452995e-13
3.7171374071e-02 1.0000000000e-02 2.6400767118e-13
4.1216557790e-02 1.0000000000e-02 4.7575262168e-13
4.5701959599e-02 1.0000000000e-02 8.4492308520e-13
5.0675486338e-02 1.0000000000e-02 1.4694885504e-12
5.6190258320e-02 1.0000000000e-02 2.4855192551e-12
6.2305176688e-02 1.0000000000e-02 4.0488694120e-12
6.9085552518e-02 1.0000000000e-02 6.2839261632e-12
7.6603804377e-02 1.0000000000e-02 9.2258458569e-12
8.4940231802e-02 1.0000000000e-02 1.2714486981e-11
9.4183872945e-02 1.0000000000e-02 1.6341745039e-11
1.0443345556e-01 1.0000000000e-02 1.9411038092e-11
1.1579845146e-01 1.0000000000e-02 2.1040613332e-11
1.2840024578e-01 1.0000000000e-02 2.0472620480e-11
1.4237343339e-01 1.0000000000e-02 1.7479958464e-11
1.5786725650e-01 1.0000000000e-02 1.2632569204e-11
1.7504719864e-01 1.0000000000e-02 7.2865075078e-12
1.9409675211e-01 1.0000000000e-02 3.0693455323e-12
2.1521937781e-01 1.0000000000e-02 8.2137620608e-13
2.3864067833e-01 1.0000000000e-02 1.1861015161e-13
2.6461080752e-01 1.0000000000e-02 7.0268310651e-15
2.9340714225e-01 1.0000000000e-02 1.0947000330e-16
3.2533724503e-01 1.0000000000e-02 2.2669356232e-19
3.6074214893e-01 1.0000000000e-02 2.2399040626e-23
4.0000000000e-01 1.0000000000e-02 1.7801781661e-28
