2.0000000000e-02 1.0000000000e-07 3.5160164570e-24
2.2176504808e-02 1.0000000000e-07 9.1529300582e-25
2.4589868274e-02 1.0000000000e-07 1.5288212343e-24
2.7265866600e-02 1.0000000000e-07 2.5094563887e-24
3.0233081086e-02 1.0000000000e-07 4.0475409903e-24
3.3523203403e-02 1.0000000000e-07 6.4010920567e-24
3.7171374071e-02 1.0000000000e-07 9.8964865025e-24
4.1216557790e-02 1.0000000000e-07 1.4918847012e-23
4.5701959599e-02 1.0000000000e-07 2.1887295396e-23
5.0675486338e-02 1.0000000000e-07 3.1194673991e-23
5.6190258320e-02 1.0000000000e-07 4.3086315779e-23
6.2305176688e-02 1.0000000000e-07 5.7450564866e-23
6.9085552518e-02 1.0000000000e-07 7.3558301244e-23
7.6603804377e-02 1.0000000000e-07 8.9622035503e-23
8.4940231802e-02 1.0000000000e-07 1.0251974587e-22
9.4183872945e-02 1.0000000000e-07 1.0793751191e-22
1.0443345556e-01 1.0000000000e-07 1.0133470614e-22
1.1579845146e-01 1.0000000000e-07 8.0697668382e-23
1.2840024578e-01 1.0000000000e-07 5.0499901935e-23
1.4237343339e-01 1.0000000000e-07 2.2124377463e-23
1.5786725650e-01 1.0000000000e-07 5.7434391876e-24
1.7504719864e-01 1.0000000000e-07 6.7905936649e-25
1.9409675211e-01 1.0000000000e-07 2.5130672002e-26
2.1521937781e-01 1.0000000000e-07 1.6317952405e-28
2.3864067833e-01 1.0000000000e-07 8.5322274583e-32
2.6461080752e-01 1.0000000000e-07 1.0249951071e-36
2.9340714225e-01 1.0000000000e-07 4.1854711170e-44
3.2533724503e-01 1.0000000000e-07 3.0942952603e-55
3.6074214893e-01 1.0000000000e-07 5.5577565646e-72
4.0000000000e-01 1.0000000000e-07 2.6535019784e-96
2.0000000000e-02 1.8329807108e-07 1.1813176387e-23
2.2176504808e-02 1.8329807108e-07 3.0752181782e-24
2.4589868274e-02 1.8329807108e-07 5.1365615396e-24
2.7265866600e-02 1.8329807108e-07 8.4313174633e-24
3.0233081086e-02 1.8329807108e-07 1.3599002234e-23
3.3523203403e-02 1.8329807108e-07 2.1506506144e-23
3.7171374071e-02 1.8329807108e-07 3.3250396321e-23
4.1216557790e-02 1.8329807108e-07 5.0124615000e-23
4.5701959599e-02 1.8329807108e-07 7.3537335310e-23
5.0675486338e-02 1.8329807108e-07 1.0480843611e-22
5.6190258320e-02 1.8329807108e-07 1.4476219164e-22
6.2305176688e-02 1.8329807108e-07 1.9302345839e-22
6.9085552518e-02 1.8329807108e-07 2.4714252563e-22
7.6603804377e-02 1.8329807108e-07 3.0111375374e-22
8.4940231802e-02 1.8329807108e-07 3.4444771687e-22
9.4183872945e-02 1.8329807108e-07 3.6265042631e-22
1.0443345556e-01 1.8329807108e-07 3.4046619873e-22
1.1579845146e-01 1.8329807108e-07 2.7112950189e-22
1.2840024578e-01 1.8329807108e-07 1.6967049398e-22
1.4237343339e-01 1.8329807108e-07 7.4333887975e-23
1.5786725650e-01 1.8329807108e-07 1.9296912009e-23
1.7504719864e-01 1.8329807108e-07 2.2815160770e-24
1.9409675211e-01 1.8329807108e-07 8.4434491339e-26
2.1521937781e-01 1.8329807108e-07 5.4825354886e-28
2.3864067833e-01 1.8329807108e-07 2.8666733837e-31
2.6461080752e-01 1.8329807108e-07 3.4437973041e-36
2.9340714225e-01 1.8329807108e-07 1.4062422395e-43
3.2533724503e-01 1.8329807108e-07 1.0396269799e-54
3.6074214893e-01 1.8329807108e-07 1.8673052136e-71
4.0000000000e-01 1.8329807108e-07 8.9152844698e-96
2.0000000000e-02 3.3598182863e-07 3.9690126045e-23
2.2176504808e-02 3.3598182863e-07 1.0332174270e-23
2.4589868274e-02 3.3598182863e-07 1.7257913389e-23
2.7265866600e-02 3.3598182863e-07 2.8327694591e-23
3.0233081086e-02 3.3598182863e-07 4.5690176380e-23
3.3523203403e-02 3.3598182863e-07 7.2257952618e-23
3.7171374071e-02 3.3598182863e-07 1.1171528959e-22
4.1216557790e-02 3.3598182863e-07 1.6840959807e-22
4.5701959599e-02 3.3598182863e-07 2.4707208390e-22
5.0675486338e-02 3.3598182863e-07 3.5213730020e-22
5.6190258320e-02 3.3598182863e-07 4.8637465865e-22
6.2305176688e-02 3.3598182863e-07 6.4852374520e-22
6.9085552518e-02 3.3598182863e-07 8.3035397692e-22
7.6603804377e-02 3.3598182863e-07 1.0116874961e-21
8.4940231802e-02 3.3598182863e-07 1.1572817378e-21
9.4183872945e-02 3.3598182863e-07 1.2184395338e-21
1.0443345556e-01 3.3598182863e-07 1.1439045604e-21
1.1579845146e-01 3.3598182863e-07 9.1094585840e-22
1.2840024578e-01 3.3598182863e-07 5.7006202830e-22
1.4237343339e-01 3.3598182863e-07 2.4974835611e-22
1.5786725650e-01 3.3598182863e-07 6.4834117835e-23
1.7504719864e-01 3.3598182863e-07 7.6654794359e-24
1.9409675211e-01 3.3598182863e-07 2.8368454800e-25
2.1521937781e-01 3.3598182863e-07 1.8420322990e-27
2.3864067833e-01 3.3598182863e-07 9.6315016554e-31
2.6461080752e-01 3.3598182863e-07 1.1570533157e-35
2.9340714225e-01 3.3598182863e-07 4.7247183914e-43
3.2533724503e-01 3.3598182863e-07 3.4929577379e-54
3.6074214893e-01 3.3598182863e-07 6.2738062028e-71
4.0000000000e-01 3.3598182863e-07 2.9953735789e-95
2.0000000000e-02 6.1584821107e-07 2.0402166102e-23
2.2176504808e-02 6.1584821107e-07 3.4714228048e-23
2.4589868274e-02 6.1584821107e-07 5.7983452989e-23
2.7265866600e-02 6.1584821107e-07 9.5175906294e-23
3.0233081086e-02 6.1584821107e-07 1.5351069011e-22
3.3523203403e-02 6.1584821107e-07 2.4277359054e-22
3.7171374071e-02 6.1584821107e-07 3.7534307281e-22
4.1216557790e-02 6.1584821107e-07 5.6582564718e-22
4.5701959599e-02 6.1584821107e-07 8.3011730551e-22
5.0675486338e-02 6.1584821107e-07 1.1831173405e-21
5.6190258320e-02 6.1584821107e-07 1.6341304721e-21
6.2305176688e-02 6.1584821107e-07 2.1789219382e-21
6.9085552518e-02 6.1584821107e-07 2.7898384757e-21
7.6603804377e-02 6.1584821107e-07 3.3990861493e-21
8.4940231802e-02 6.1584821107e-07 3.8882563450e-21
9.4183872945e-02 6.1584821107e-07 4.0937354265e-21
1.0443345556e-01 6.1584821107e-07 3.8433114597e-21
1.1579845146e-01 6.1584821107e-07 3.0606125529e-21
1.2840024578e-01 6.1584821107e-07 1.9153048270e-21
1.4237343339e-01 6.1584821107e-07 8.3910909382e-22
1.5786725650e-01 6.1584821107e-07 2.1783085468e-22
1.7504719864e-01 6.1584821107e-07 2.5754617982e-23
1.9409675211e-01 6.1584821107e-07 9.5312853189e-25
2.1521937781e-01 6.1584821107e-07 6.1888938020e-27
2.3864067833e-01 6.1584821107e-07 3.2360095386e-30
2.6461080752e-01 6.1584821107e-07 3.8874888882e-35
2.9340714225e-01 6.1584821107e-07 1.5874195249e-42
3.2533724503e-01 6.1584821107e-07 1.1735703281e-53
3.6074214893e-01 6.1584821107e-07 2.1078848805e-70
4.0000000000e-01 6.1584821107e-07 1.0906074787e-95
2.0000000000e-02 1.1288378917e-06 6.8547570751e-23
2.2176504808e-02 1.1288378917e-06 1.1663349819e-22
2.4589868274e-02 1.1288378917e-06 1.9481386565e-22
2.7265866600e-02 1.1288378917e-06 3.1977375038e-22
3.0233081086e-02 1.1288378917e-06 5.1576802376e-22
3.3523203403e-02 1.1288378917e-06 8.1567514891e-22
3.7171374071e-02 1.1288378917e-06 1.2610845196e-21
4.1216557790e-02 1.1288378917e-06 1.9010713563e-21
4.5701959599e-02 1.1288378917e-06 2.7890433028e-21
5.0675486338e-02 1.1288378917e-06 3.9750592754e-21
5.6190258320e-02 1.1288378917e-06 5.4903814424e-21
6.2305176688e-02 1.1288378917e-06 7.3207817724e-21
6.9085552518e-02 1.1288378917e-06 9.3733503266e-21
7.6603804377e-02 1.1288378917e-06 1.1420311801e-20
8.4940231802e-02 1.1288378917e-06 1.3063834770e-20
9.4183872945e-02 1.1288378917e-06 1.3754207145e-20
1.0443345556e-01 1.1288378917e-06 1.2912828122e-20
1.1579845146e-01 1.1288378917e-06 1.0283102022e-20
1.2840024578e-01 1.1288378917e-06 6.4350761816e-21
1.4237343339e-01 1.1288378917e-06 2.8192540776e-21
1.5786725650e-01 1.1288378917e-06 7.3187208887e-22
1.7504719864e-01 1.1288378917e-06 8.6530836452e-23
1.9409675211e-01 1.1288378917e-06 3.2023386706e-24
2.1521937781e-01 1.1288378917e-06 2.0793558568e-26
2.3864067833e-01 1.1288378917e-06 1.0872404022e-29
2.6461080752e-01 1.1288378917e-06 1.3061256254e-34
2.9340714225e-01 1.1288378917e-06 5.3334411477e-42
3.2533724503e-01 1.1288378917e-06 3.9429830486e-53
3.6074214893e-01 1.1288378917e-06 7.0821101668e-70
4.0000000000e-01 1.1288378917e-06 3.6642429500e-95
2.0000000000e-02 2.0691380811e-06 2.3030738169e-22
2.2176504808e-02 2.0691380811e-06 3.9186736001e-22
2.4589868274e-02 2.0691380811e-06 6.5453918824e-22
2.7265866600e-02 2.0691380811e-06 1.0743816940e-21
3.0233081086e-02 2.0691380811e-06 1.7328868377e-21
3.3523203403e-02 2.0691380811e-06 2.0244104437e-20
3.7171374071e-02 2.0691380811e-06 4.2370148296e-21
4.1216557790e-02 2.0691380811e-06 6.3872543063e-21
4.5701959599e-02 2.0691380811e-06 9.3706786900e-21
5.0675486338e-02 2.0691380811e-06 1.3355476842e-20
5.6190258320e-02 2.0691380811e-06 1.8446683969e-20
6.2305176688e-02 2.0691380811e-06 2.4596496469e-20
6.9085552518e-02 2.0691380811e-06 3.1492753831e-20
7.6603804377e-02 2.0691380811e-06 3.8370172424e-20
8.4940231802e-02 2.0691380811e-06 4.3892110948e-20
9.4183872945e-02 2.0691380811e-06 4.6211636680e-20
1.0443345556e-01 2.0691380811e-06 4.3384756053e-20
1.1579845146e-01 2.0691380811e-06 3.4549354214e-20
1.2840024578e-01 2.0691380811e-06 2.1620686629e-20
1.4237343339e-01 2.0691380811e-06 9.4721814036e-21
1.5786725650e-01 2.0691380811e-06 2.4589572274e-21
1.7504719864e-01 2.0691380811e-06 2.9072788664e-22
1.9409675211e-01 2.0691380811e-06 1.0759276024e-23
2.1521937781e-01 2.0691380811e-06 6.9862578313e-26
2.3864067833e-01 2.0691380811e-06 3.6529301851e-29
2.6461080752e-01 2.0691380811e-06 4.3883447605e-34
2.9340714225e-01 2.0691380811e-06 1.7919393097e-41
3.2533724503e-01 2.0691380811e-06 1.3247706549e-52
3.6074214893e-01 2.0691380811e-06 2.3794603244e-69
4.0000000000e-01 2.0691380811e-06 1.2311190469e-94
2.0000000000e-02 3.7926901907e-06 7.7379095246e-22
2.2176504808e-02 3.7926901907e-06 1.3166031220e-21
2.4589868274e-02 3.7926901907e-06 2.1991327337e-21
2.7265866600e-02 3.7926901907e-06 3.6097272620e-21
3.0233081086e-02 3.7926901907e-06 5.8221848854e-21
3.3523203403e-02 3.7926901907e-06 9.2076501539e-21
3.7171374071e-02 3.7926901907e-06 1.4235599904e-20
4.1216557790e-02 3.7926901907e-06 2.1460013817e-20
4.5701959599e-02 3.7926901907e-06 3.1483777618e-20
5.0675486338e-02 3.7926901907e-06 4.4871975317e-20
5.6190258320e-02 3.7926901907e-06 6.1977506119e-20
6.2305176688e-02 3.7926901907e-06 8.2639758614e-20
6.9085552518e-02 3.7926901907e-06 1.0580993021e-19
7.6603804377e-02 3.7926901907e-06 1.2891680696e-19
8.4940231802e-02 3.7926901907e-06 1.4746951699e-19
9.4183872945e-02 3.7926901907e-06 1.5526270196e-19
1.0443345556e-01 3.7926901907e-06 1.4576489673e-19
1.1579845146e-01 3.7926901907e-06 1.1607955207e-19
1.2840024578e-01 3.7926901907e-06 7.2641578297e-20
1.4237343339e-01 3.7926901907e-06 3.1824808291e-20
1.5786725650e-01 3.7926901907e-06 8.2616494578e-21
1.7504719864e-01 3.7926901907e-06 9.7679286986e-22
1.9409675211e-01 3.7926901907e-06 3.6149212334e-23
2.1521937781e-01 3.7926901907e-06 2.3472556814e-25
2.3864067833e-01 3.7926901907e-06 1.2273181634e-28
2.6461080752e-01 3.7926901907e-06 1.4744040973e-33
2.9340714225e-01 3.7926901907e-06 6.0205904606e-41
3.2533724503e-01 3.7926901907e-06 4.4509886715e-52
3.6074214893e-01 3.7926901907e-06 7.9945543094e-69
4.0000000000e-01 3.7926901907e-06 4.1363362863e-94
2.0000000000e-02 6.9519279618e-06 2.5997969918e-21
2.2176504808e-02 6.9519279618e-06 4.4235472450e-21
2.4589868274e-02 6.9519279618e-06 7.3886863728e-21
2.7265866600e-02 6.9519279618e-06 1.2128027663e-20
3.0233081086e-02 6.9519279618e-06 1.9561483244e-20
3.3523203403e-02 6.9519279618e-06 3.0936031361e-20
3.7171374071e-02 6.9519279618e-06 4.7829028873e-20
4.1216557790e-02 6.9519279618e-06 7.2101746848e-20
4.5701959599e-02 6.9519279618e-06 1.0577977176e-19
5.0675486338e-02 6.9519279618e-06 1.5076168321e-19
5.6190258320e-02 6.9519279618e-06 2.0823315840e-19
6.2305176688e-02 6.9519279618e-06 2.7765457217e-19
6.9085552518e-02 6.9519279618e-06 3.5550213838e-19
7.6603804377e-02 6.9519279618e-06 4.3313704542e-19
8.4940231802e-02 6.9519279618e-06 4.9547077985e-19
9.4183872945e-02 6.9519279618e-06 5.2165446521e-19
1.0443345556e-01 6.9519279618e-06 4.8974356554e-19
1.1579845146e-01 6.9519279618e-06 3.9000620170e-19
1.2840024578e-01 6.9519279618e-06 2.4406250311e-19
1.4237343339e-01 6.9519279618e-06 1.0692557285e-19
1.5786725650e-01 6.9519279618e-06 2.7757640923e-20
1.7504719864e-01 6.9519279618e-06 3.2818465461e-21
1.9409675211e-01 6.9519279618e-06 1.2145478463e-22
2.1521937781e-01 6.9519279618e-06 7.8863525610e-25
2.3864067833e-01 6.9519279618e-06 4.1235660086e-28
2.6461080752e-01 6.9519279618e-06 4.9537298474e-33
2.9340714225e-01 6.9519279618e-06 2.0228089924e-40
3.2533724503e-01 6.9519279618e-06 1.4954513130e-51
3.6074214893e-01 6.9519279618e-06 2.6860249759e-68
4.0000000000e-01 6.9519279618e-06 1.3897338293e-93
2.0000000000e-02 1.2742749857e-05 8.7348454738e-21
2.2176504808e-02 1.2742749857e-05 1.4862314924e-20
2.4589868274e-02 1.2742749857e-05 2.4824643587e-20
2.7265866600e-02 1.2742749857e-05 4.0747969120e-20
3.0233081086e-02 1.2742749857e-05 6.5723029110e-20
3.3523203403e-02 1.2742749857e-05 1.0393944387e-19
3.7171374071e-02 1.2742749857e-05 1.6069684582e-19
4.1216557790e-02 1.2742749857e-05 2.4224876753e-19
4.5701959599e-02 1.2742749857e-05 3.5540081148e-19
5.0675486338e-02 1.2742749857e-05 5.0653186013e-19
5.6190258320e-02 1.2742749857e-05 6.9962557340e-19
6.2305176688e-02 1.2742749857e-05 9.3286890883e-19
6.9085552518e-02 1.2742749857e-05 1.1944225853e-18
7.6603804377e-02 1.2742749857e-05 1.4552617657e-18
8.4940231802e-02 1.2742749857e-05 1.6646917864e-18
9.4183872945e-02 1.2742749857e-05 1.7526642113e-18
1.0443345556e-01 1.2742749857e-05 1.6454493871e-18
1.1579845146e-01 1.2742749857e-05 1.3103499683e-18
1.2840024578e-01 1.2742749857e-05 8.2000566093e-19
1.4237343339e-01 1.2742749857e-05 3.5925049494e-19
1.5786725650e-01 1.2742749857e-05 9.3260629558e-20
1.7504719864e-01 1.2742749857e-05 1.1026408038e-20
1.9409675211e-01 1.2742749857e-05 4.0806600637e-22
2.1521937781e-01 1.2742749857e-05 2.6496711547e-24
2.3864067833e-01 1.2742749857e-05 1.3854432480e-27
2.6461080752e-01 1.2742749857e-05 1.6643632127e-32
2.9340714225e-01 1.2742749857e-05 6.7962706423e-40
3.2533724503e-01 1.2742749857e-05 5.0244446678e-51
3.6074214893e-01 1.2742749857e-05 9.0245558316e-68
4.0000000000e-01 1.2742749857e-05 4.6692531328e-93
2.0000000000e-02 2.3357214691e-05 2.9347493551e-20
2.2176504808e-02 2.3357214691e-05 4.9934677458e-20
2.4589868274e-02 2.3357214691e-05 8.3406291474e-20
2.7265866600e-02 2.3357214691e-05 1.3690577178e-19
3.0233081086e-02 2.3357214691e-05 2.2081743503e-19
3.3523203403e-02 2.3357214691e-05 3.4921764418e-19
3.7171374071e-02 2.3357214691e-05 5.3991220115e-19
4.1216557790e-02 2.3357214691e-05 8.1391183898e-19
4.5701959599e-02 2.3357214691e-05 1.1940821454e-18
5.0675486338e-02 2.3357214691e-05 1.7018550063e-18
5.6190258320e-02 2.3357214691e-05 2.3506147950e-18
6.2305176688e-02 2.3357214691e-05 3.1342700186e-18
6.9085552518e-02 2.3357214691e-05 4.0130428438e-18
7.6603804377e-02 2.3357214691e-05 4.8894150917e-18
8.4940231802e-02 2.3357214691e-05 5.5930619051e-18
9.4183872945e-02 2.3357214691e-05 5.8886332669e-18
1.0443345556e-01 2.3357214691e-05 5.5284109399e-18
1.1579845146e-01 2.3357214691e-05 4.4025377848e-18
1.2840024578e-01 2.3357214691e-05 2.7550700145e-18
1.4237343339e-01 2.3357214691e-05 1.2070163823e-18
1.5786725650e-01 2.3357214691e-05 3.1333876858e-19
1.7504719864e-01 2.3357214691e-05 3.7046727359e-20
1.9409675211e-01 2.3357214691e-05 1.3710276302e-21
2.1521937781e-01 2.3357214691e-05 8.9024135981e-24
2.3864067833e-01 2.3357214691e-05 4.6548375593e-27
2.6461080752e-01 2.3357214691e-05 5.5919579569e-32
2.9340714225e-01 2.3357214691e-05 2.2834234382e-39
3.2533724503e-01 2.3357214691e-05 1.6881221073e-50
3.6074214893e-01 2.3357214691e-05 3.0320867709e-67
4.0000000000e-01 2.3357214691e-05 1.5687842059e-92
2.0000000000e-02 4.2813323987e-05 9.8602245489e-20
2.2176504808e-02 4.2813323987e-05 1.6777144244e-19
2.4589868274e-02 4.2813323987e-05 2.8022998329e-19
2.7265866600e-02 4.2813323987e-05 4.5997851551e-19
3.0233081086e-02 4.2813323987e-05 7.4190645616e-19
3.3523203403e-02 4.2813323987e-05 1.1733078268e-18
3.7171374071e-02 4.2813323987e-05 1.8140068864e-18
4.1216557790e-02 4.2813323987e-05 2.7345958800e-18
4.5701959599e-02 4.2813323987e-05 4.0118990274e-18
5.0675486338e-02 4.2813323987e-05 5.7179235706e-18
5.6190258320e-02 4.2813323987e-05 7.8976385724e-18
6.2305176688e-02 4.2813323987e-05 1.0530577723e-17
6.9085552518e-02 4.2813323987e-05 1.3483094730e-17
7.6603804377e-02 4.2813323987e-05 1.6427546234e-17
8.4940231802e-02 4.2813323987e-05 1.8791671665e-17
9.4183872945e-02 4.2813323987e-05 1.9784737731e-17
1.0443345556e-01 4.2813323987e-05 1.8574456170e-17
1.1579845146e-01 4.2813323987e-05 1.4791726955e-17
1.2840024578e-01 4.2813323987e-05 9.2565346146e-18
1.4237343339e-01 4.2813323987e-05 4.0553557130e-18
1.5786725650e-01 4.2813323987e-05 1.0527613245e-18
1.7504719864e-01 4.2813323987e-05 1.2447027203e-19
1.9409675211e-01 4.2813323987e-05 4.6064037030e-21
2.1521937781e-01 4.2813323987e-05 2.9910491999e-23
2.3864067833e-01 4.2813323987e-05 1.5639408352e-26
2.6461080752e-01 4.2813323987e-05 1.8787962600e-31
2.9340714225e-01 4.2813323987e-05 7.6718878231e-39
3.2533724503e-01 4.2813323987e-05 5.6717835257e-50
3.6074214893e-01 4.2813323987e-05 1.0187260578e-66
4.0000000000e-01 4.2813323987e-05 5.2708298621e-92
2.0000000000e-02 7.8475997035e-05 3.3128562746e-19
2.2176504808e-02 7.8475997035e-05 5.6368156023e-19
2.4589868274e-02 7.8475997035e-05 9.4152182221e-19
2.7265866600e-02 7.8475997035e-05 1.5454442277e-18
3.0233081086e-02 7.8475997035e-05 2.4926708781e-18
3.3523203403e-02 7.8475997035e-05 3.9421010920e-18
3.7171374071e-02 7.8475997035e-05 6.0947335084e-18
4.1216557790e-02 7.8475997035e-05 9.1877452433e-18
4.5701959599e-02 7.8475997035e-05 1.3479251715e-17
5.0675486338e-02 7.8475997035e-05 1.9211184172e-17
5.6190258320e-02 7.8475997035e-05 2.6534630494e-17
6.2305176688e-02 7.8475997035e-05 3.5380827598e-17
6.9085552518e-02 7.8475997035e-05 4.5300748230e-17
7.6603804377e-02 7.8475997035e-05 5.5193570237e-17
8.4940231802e-02 7.8475997035e-05 6.3136602090e-17
9.4183872945e-02 7.8475997035e-05 6.6473123619e-17
1.0443345556e-01 7.8475997035e-05 6.2406797497e-17
1.1579845146e-01 7.8475997035e-05 4.9697514710e-17
1.2840024578e-01 7.8475997035e-05 3.1100274266e-17
1.4237343339e-01 7.8475997035e-05 1.3625258282e-17
1.5786725650e-01 7.8475997035e-05 3.5370867490e-18
1.7504719864e-01 7.8475997035e-05 4.1819749606e-19
1.9409675211e-01 7.8475997035e-05 1.5476679395e-20
2.1521937781e-01 7.8475997035e-05 1.0049381797e-22
2.3864067833e-01 7.8475997035e-05 5.2545570166e-26
2.6461080752e-01 7.8475997035e-05 6.3124140305e-31
2.9340714225e-01 7.8475997035e-05 2.5776148998e-38
3.2533724503e-01 7.8475997035e-05 1.9056162006e-49
3.6074214893e-01 7.8475997035e-05 3.4227344378e-66
4.0000000000e-01 7.8475997035e-05 1.7709030555e-91
2.0000000000e-02 1.4384498883e-04 1.1130595091e-18
2.2176504808e-02 1.4384498883e-04 1.8938676137e-18
2.4589868274e-02 1.4384498883e-04 3.1633422352e-18
2.7265866600e-02 1.4384498883e-04 5.1924117767e-18
3.0233081086e-02 1.4384498883e-04 8.3749211980e-18
3.3523203403e-02 1.4384498883e-04 1.3244743335e-17
3.7171374071e-02 1.4384498883e-04 2.0477197091e-17
4.1216557790e-02 1.4384498883e-04 3.0869154478e-17
4.5701959599e-02 1.4384498883e-04 4.5287836397e-17
5.0675486338e-02 1.4384498883e-04 6.4546087883e-17
5.6190258320e-02 1.4384498883e-04 8.9151536754e-17
6.2305176688e-02 1.4384498883e-04 1.1887315155e-16
6.9085552518e-02 1.4384498883e-04 1.5220228229e-16
7.6603804377e-02 1.4384498883e-04 1.8544036657e-16
8.4940231802e-02 1.4384498883e-04 2.1212751024e-16
9.4183872945e-02 1.4384498883e-04 2.2333761628e-16
1.0443345556e-01 1.4384498883e-04 2.0967549942e-16
1.1579845146e-01 1.4384498883e-04 1.6697461871e-16
1.2840024578e-01 1.4384498883e-04 1.0449127019e-16
1.4237343339e-01 1.4384498883e-04 4.5778391931e-17
1.5786725650e-01 1.4384498883e-04 1.1883968740e-17
1.7504719864e-01 1.4384498883e-04 1.4050675945e-18
1.9409675211e-01 1.4384498883e-04 5.1998830444e-20
2.1521937781e-01 1.4384498883e-04 3.3764096727e-22
2.3864067833e-01 1.4384498883e-04 1.7654356751e-25
2.6461080752e-01 1.4384498883e-04 2.1208564090e-30
2.9340714225e-01 1.4384498883e-04 8.6603176755e-38
3.2533724503e-01 1.4384498883e-04 1.0220744082e-50
3.6074214893e-01 1.4384498883e-04 1.1499765753e-65
4.0000000000e-01 1.4384498883e-04 5.9499124690e-91
2.0000000000e-02 2.6366508987e-04 3.7396776925e-18
2.2176504808e-02 2.6366508987e-04 6.3630510403e-18
2.4589868274e-02 2.6366508987e-04 1.0628255088e-17
2.7265866600e-02 2.6366508987e-04 1.7445560037e-17
3.0233081086e-02 2.6366508987e-04 2.8138213387e-17
3.3523203403e-02 2.6366508987e-04 4.4499930855e-17
3.7171374071e-02 2.6366508987e-04 6.8799661240e-17
4.1216557790e-02 2.6366508987e-04 1.0371474970e-16
4.5701959599e-02 2.6366508987e-04 1.5215890087e-16
5.0675486338e-02 2.6366508987e-04 2.1686312638e-16
5.6190258320e-02 2.6366508987e-04 2.9953296344e-16
6.2305176688e-02 2.6366508987e-04 3.9939218831e-16
6.9085552518e-02 2.6366508987e-04 5.1137201124e-16
7.6603804377e-02 2.6366508987e-04 6.2304593460e-16
8.4940231802e-02 2.6366508987e-04 7.1270988792e-16
9.4183872945e-02 2.6366508987e-04 7.5037380720e-16
1.0443345556e-01 2.6366508987e-04 7.0447157713e-16
1.1579845146e-01 2.6366508987e-04 5.6100437727e-16
1.2840024578e-01 2.6366508987e-04 3.5107168033e-16
1.4237343339e-01 2.6366508987e-04 1.5380707833e-16
1.5786725650e-01 2.6366508987e-04 3.9927975485e-17
1.7504719864e-01 2.6366508987e-04 4.7207717976e-18
1.9409675211e-01 2.6366508987e-04 1.7470662139e-19
2.1521937781e-01 2.6366508987e-04 1.1344122960e-21
2.3864067833e-01 2.6366508987e-04 5.9315430644e-25
2.6461080752e-01 2.6366508987e-04 7.1256921456e-30
2.9340714225e-01 2.6366508987e-04 2.9097093691e-37
3.2533724503e-01 2.6366508987e-04 2.1511317742e-48
3.6074214893e-01 2.6366508987e-04 3.8637123266e-65
4.0000000000e-01 2.6366508987e-04 1.9990624715e-90
2.0000000000e-02 4.8329302386e-04 1.2564637496e-17
2.2176504808e-02 4.8329302386e-04 2.1378695242e-17
2.4589868274e-02 4.8329302386e-04 3.5709005794e-17
2.7265866600e-02 4.8329302386e-04 5.8613911628e-17
3.0233081086e-02 4.8329302386e-04 9.4539283881e-17
3.3523203403e-02 4.8329302386e-04 1.4951168143e-16
3.7171374071e-02 4.8329302386e-04 2.3115435992e-16
4.1216557790e-02 4.8329302386e-04 3.4846271259e-16
4.5701959599e-02 4.8329302386e-04 5.1122625757e-16
5.0675486338e-02 4.8329302386e-04 7.2862069762e-16
5.6190258320e-02 4.8329302386e-04 1.0063763279e-15
6.2305176688e-02 4.8329302386e-04 1.3418851777e-15
6.9085552518e-02 4.8329302386e-04 1.7181170344e-15
7.6603804377e-02 4.8329302386e-04 2.0933211243e-15
8.4940231802e-02 4.8329302386e-04 2.3945757142e-15
9.4183872945e-02 4.8329302386e-04 2.5211196390e-15
1.0443345556e-01 4.8329302386e-04 2.3668964870e-15
1.1579845146e-01 4.8329302386e-04 1.8848727654e-15
1.2840024578e-01 4.8329302386e-04 1.1795370514e-15
1.4237343339e-01 4.8329302386e-04 5.1676383432e-16
1.5786725650e-01 4.8329302386e-04 1.3415074217e-16
1.7504719864e-01 4.8329302386e-04 1.5860935411e-17
1.9409675211e-01 4.8329302386e-04 5.8698250128e-19
2.1521937781e-01 4.8329302386e-04 3.8114191764e-21
2.3864067833e-01 4.8329302386e-04 1.9928906854e-24
2.6461080752e-01 4.8329302386e-04 2.3941030773e-29
2.9340714225e-01 4.8329302386e-04 9.7760947461e-37
3.2533724503e-01 4.8329302386e-04 7.2274118711e-48
3.6074214893e-01 4.8329302386e-04 1.2981371328e-64
4.0000000000e-01 4.8329302386e-04 6.7164866472e-90
2.0000000000e-02 8.8586679041e-04 4.2214898820e-17
2.2176504808e-02 8.8586679041e-04 7.1828531211e-17
2.4589868274e-02 8.8586679041e-04 1.1997577065e-16
2.7265866600e-02 8.8586679041e-04 1.9693209212e-16
3.0233081086e-02 8.8586679041e-04 3.1763481476e-16
3.3523203403e-02 8.8586679041e-04 5.0233208127e-16
3.7171374071e-02 8.8586679041e-04 7.7663664542e-16
4.1216557790e-02 8.8586679041e-04 1.1707713939e-15
4.5701959599e-02 8.8586679041e-04 1.7176273286e-15
5.0675486338e-02 8.8586679041e-04 2.4480331436e-15
5.6190258320e-02 8.8586679041e-04 3.3812415893e-15
6.2305176688e-02 8.8586679041e-04 4.5084903581e-15
6.9085552518e-02 8.8586679041e-04 5.7725610303e-15
7.6603804377e-02 8.8586679041e-04 7.0331785924e-15
8.4940231802e-02 8.8586679041e-04 8.0453392726e-15
9.4183872945e-02 8.8586679041e-04 8.4705038650e-15
1.0443345556e-01 8.8586679041e-04 7.9523420988e-15
1.1579845146e-01 8.8586679041e-04 6.3328299847e-15
1.2840024578e-01 8.8586679041e-04 3.9630301545e-15
1.4237343339e-01 8.8586679041e-04 1.7362325802e-15
1.5786725650e-01 8.8586679041e-04 4.5072211666e-16
1.7504719864e-01 8.8586679041e-04 5.3289860831e-17
1.9409675211e-01 8.8586679041e-04 1.9721545415e-18
2.1521937781e-01 8.8586679041e-04 1.2805675846e-20
2.3864067833e-01 8.8586679041e-04 6.6957505672e-24
2.6461080752e-01 8.8586679041e-04 8.0437512985e-29
2.9340714225e-01 8.8586679041e-04 3.2845901896e-36
3.2533724503e-01 8.8586679041e-04 2.4282790567e-47
3.6074214893e-01 8.8586679041e-04 4.3615048768e-64
4.0000000000e-01 8.8586679041e-04 2.2566174657e-89
2.0000000000e-02 1.6237767392e-03 1.4183438901e-16
2.2176504808e-02 1.6237767392e-03 2.4133081264e-16
2.4589868274e-02 1.6237767392e-03 4.0309678815e-16
2.7265866600e-02 1.6237767392e-03 6.6165604426e-16
3.0233081086e-02 1.6237767392e-03 1.0671952590e-15
3.3523203403e-02 1.6237767392e-03 1.6877445124e-15
3.7171374071e-02 1.6237767392e-03 2.6093580031e-15
4.1216557790e-02 1.6237767392e-03 3.9335791381e-15
4.5701959599e-02 1.6237767392e-03 5.7709157077e-15
5.0675486338e-02 1.6237767392e-03 8.2249465214e-15
5.6190258320e-02 1.6237767392e-03 1.1360357322e-14
6.2305176688e-02 1.6237767392e-03 1.5147708349e-14
6.9085552518e-02 1.6237767392e-03 1.9394756108e-14
7.6603804377e-02 1.6237767392e-03 2.3630202045e-14
8.4940231802e-02 1.6237767392e-03 2.7030878008e-14
9.4183872945e-02 1.6237767392e-03 2.8459353780e-14
1.0443345556e-01 1.6237767392e-03 2.6718424402e-14
1.1579845146e-01 1.6237767392e-03 2.1277157986e-14
1.2840024578e-01 1.6237767392e-03 1.3315061182e-14
1.4237343339e-01 1.6237767392e-03 5.8334259723e-15
1.5786725650e-01 1.6237767392e-03 1.5143444096e-15
1.7504719864e-01 1.6237767392e-03 1.7904424889e-16
1.9409675211e-01 1.6237767392e-03 6.6260808920e-18
2.1521937781e-01 1.6237767392e-03 4.3024743874e-20
2.3864067833e-01 1.6237767392e-03 2.2496505196e-23
2.6461080752e-01 1.6237767392e-03 2.7025542703e-28
2.9340714225e-01 1.6237767392e-03 1.1035626182e-35
3.2533724503e-01 1.6237767392e-03 8.1585763790e-47
3.6074214893e-01 1.6237767392e-03 1.4653863841e-63
4.0000000000e-01 1.6237767392e-03 7.5818246264e-89
2.0000000000e-02 2.9763514416e-03 4.7653777381e-16
2.2176504808e-02 2.9763514416e-03 8.1082767735e-16
2.4589868274e-02 2.9763514416e-03 1.3543319600e-15
2.7265866600e-02 2.9763514416e-03 2.2230440767e-15
3.0233081086e-02 2.9763514416e-03 3.5855821462e-15
3.3523203403e-02 2.9763514416e-03 5.6705148754e-15
3.7171374071e-02 2.9763514416e-03 8.7669687343e-15
4.1216557790e-02 2.9763514416e-03 1.3216111119e-14
4.5701959599e-02 2.9763514416e-03 1.9389228123e-14
5.0675486338e-02 2.9763514416e-03 2.7634325726e-14
5.6190258320e-02 2.9763514416e-03 3.8168736270e-14
6.2305176688e-02 2.9763514416e-03 5.0893547505e-14
6.9085552518e-02 2.9763514416e-03 6.5162856231e-14
7.6603804377e-02 2.9763514416e-03 7.9393184941e-14
8.4940231802e-02 2.9763514416e-03 9.0818838224e-14
9.4183872945e-02 2.9763514416e-03 9.5618257244e-14
1.0443345556e-01 2.9763514416e-03 8.9769050888e-14
1.1579845146e-01 2.9763514416e-03 7.1487384483e-14
1.2840024578e-01 2.9763514416e-03 4.4736186043e-14
1.4237343339e-01 2.9763514416e-03 1.9599251253e-14
1.5786725650e-01 2.9763514416e-03 5.0879220390e-15
1.7504719864e-01 2.9763514416e-03 6.0155614149e-16
1.9409675211e-01 2.9763514416e-03 2.2262427747e-17
2.1521937781e-01 2.9763514416e-03 1.4455532123e-19
2.3864067833e-01 2.9763514416e-03 7.5584169536e-23
2.6461080752e-01 2.9763514416e-03 9.0800912570e-28
2.9340714225e-01 2.9763514416e-03 3.7077698647e-35
3.2533724503e-01 2.9763514416e-03 2.7411334108e-46
3.6074214893e-01 2.9763514416e-03 4.9234319697e-63
4.0000000000e-01 2.9763514416e-03 2.5473553023e-88
2.0000000000e-02 5.4555947812e-03 1.6010803266e-15
2.2176504808e-02 5.4555947812e-03 2.7242336574e-15
2.4589868274e-02 5.4555947812e-03 4.5503092848e-15
2.7265866600e-02 5.4555947812e-03 7.4690241402e-15
3.0233081086e-02 5.4555947812e-03 1.2046904462e-14
3.3523203403e-02 5.4555947812e-03 1.9051899571e-14
3.7171374071e-02 5.4555947812e-03 2.9455421869e-14
4.1216557790e-02 5.4555947812e-03 4.4403731811e-14
4.5701959599e-02 5.4555947812e-03 6.5144283206e-14
5.0675486338e-02 5.4555947812e-03 9.2846312904e-14
5.6190258320e-02 5.4555947812e-03 1.2824001808e-13
6.2305176688e-02 5.4555947812e-03 1.7099307156e-13
6.9085552518e-02 5.4555947812e-03 2.1893535595e-13
7.6603804377e-02 5.4555947812e-03 2.6674667457e-13
8.4940231802e-02 5.4555947812e-03 3.0513479340e-13
9.4183872945e-02 5.4555947812e-03 3.2125996919e-13
1.0443345556e-01 5.4555947812e-03 3.0160769872e-13
1.1579845146e-01 5.4555947812e-03 2.4018462162e-13
1.2840024578e-01 5.4555947812e-03 1.5030545593e-13
1.4237343339e-01 5.4555947812e-03 6.5849922759e-14
1.5786725650e-01 5.4555947812e-03 1.7094493506e-14
1.7504719864e-01 5.4555947812e-03 2.0211193244e-15
1.9409675211e-01 5.4555947812e-03 7.4797711843e-17
2.1521937781e-01 5.4555947812e-03 4.8567961166e-19
2.3864067833e-01 5.4555947812e-03 2.5394907496e-22
2.6461080752e-01 5.4555947812e-03 3.0507456646e-27
2.9340714225e-01 5.4555947812e-03 1.2457432993e-34
3.2533724503e-01 5.4555947812e-03 9.2097101588e-46
3.6074214893e-01 5.4555947812e-03 1.6541836763e-62
4.0000000000e-01 5.4555947812e-03 8.5586509264e-88
2.0000000000e-02 1.0000000000e-02 3.5160164570e-14
2.2176504808e-02 1.0000000000e-02 9.1529300582e-15
2.4589868274e-02 1.0000000000e-02 1.5288212343e-14
2.7265866600e-02 1.0000000000e-02 2.5094563887e-14
3.0233081086e-02 1.0000000000e-02 4.0475409903e-14
3.3523203403e-02 1.0000000000e-02 6.4010920567e-14
3.7171374071e-02 1.0000000000e-02 9.8964865025e-14
4.1216557790e-02 1.0000000000e-02 1.4918847012e-13
4.5701959599e-02 1.0000000000e-02 2.1887295396e-13
5.0675486338e-02 1.0000000000e-02 3.1194673991e-13
5.6190258320e-02 1.0000000000e-02 4.3086315779e-13
6.2305176688e-02 1.0000000000e-02 5.7450564866e-13
6.9085552518e-02 1.0000000000e-02 7.3558301244e-13
7.6603804377e-02 1.0000000000e-02 8.9622035503e-13
8.4940231802e-02 1.0000000000e-02 1.0251974587e-12
9.4183872945e-02 1.0000000000e-02 1.0793751191e-12
1.0443345556e-01 1.0000000000e-02 1.0133470614e-12
1.1579845146e-01 1.0000000000e-02 8.0697668382e-13
1.2840024578e-01 1.0000000000e-02 5.0499901935e-13
1.4237343339e-01 1.0000000000e-02 2.2124377463e-13
1.5786725650e-01 1.0000000000e-02 5.7434391876e-14
1.7504719864e-01 1.0000000000e-02 6.7905936649e-15
1.9409675211e-01 1.0000000000e-02 2.5130672002e-16
2.1521937781e-01 1.0000000000e-02 1.6317952405e-18
2.3864067833e-01 1.0000000000e-02 8.5322274583e-22
2.6461080752e-01 1.0000000000e-02 1.0249951071e-26
2.9340714225e-01 1.0000000000e-02 4.1854711170e-34
3.2533724503e-01 1.0000000000e-02 3.0942952603e-45
3.6074214893e-01 1.0000000000e-02 5.5577565646e-62
4.0000000000e-01 1.0000000000e-02 2.6535019784e-86
