2.0000000000e-02 1.0000000000e-07 3.9759619421e-24
2.2176504808e-02 1.0000000000e-07 7.1416122872e-24
2.4589868274e-02 1.0000000000e-07 1.2620717564e-23
2.7265866600e-02 1.0000000000e-07 2.1817192634e-23
3.0233081086e-02 1.0000000000e-07 3.6592532795e-23
3.3523203403e-02 1.0000000000e-07 5.9046424810e-23
3.7171374071e-02 1.0000000000e-07 9.0872619846e-23
4.1216557790e-02 1.0000000000e-07 1.3237221399e-22
4.5701959599e-02 1.0000000000e-07 1.8098750647e-22
5.0675486338e-02 1.0000000000e-07 2.2947741284e-22
5.6190258320e-02 1.0000000000e-07 2.6558271998e-22
6.2305176688e-02 1.0000000000e-07 2.7517694621e-22
6.9085552518e-02 1.0000000000e-07 2.4858697798e-22
7.6603804377e-02 1.0000000000e-07 1.8796177130e-22
8.4940231802e-02 1.0000000000e-07 1.1155885070e-22
9.4183872945e-02 1.0000000000e-07 4.6880780522e-23
1.0443345556e-01 1.0000000000e-07 1.1848584498e-23
1.1579845146e-01 1.0000000000e-07 1.3973909073e-24
1.2840024578e-01 1.0000000000e-07 5.1854568492e-26
1.4237343339e-01 1.0000000000e-07 3.3653296561e-28
1.5786725650e-01 1.0000000000e-07 1.5529158054e-31
1.7504719864e-01 1.0000000000e-07 1.3247343691e-36
1.9409675211e-01 1.0000000000e-07 2.6925190318e-44
2.1521937781e-01 1.0000000000e-07 6.2038985008e-56
2.3864067833e-01 1.0000000000e-07 1.6390949742e-73
2.6461080752e-01 1.0000000000e-07 4.5953530385e-100
2.9340714225e-01 1.0000000000e-07 3.7085506138e-140
3.2533724503e-01 1.0000000000e-07 1.2479189582e-200
3.6074214893e-01 1.0000000000e-07 4.0334840331e-292
4.0000000000e-01 1.0000000000e-07 1.0000000000e-300
2.0000000000e-02 1.8329807108e-07 1.3358509639e-23
2.2176504808e-02 1.8329807108e-07 2.3994519556e-23
2.4589868274e-02 1.8329807108e-07 4.2403317657e-23
2.7265866600e-02 1.8329807108e-07 7.3301802768e-23
3.0233081086e-02 1.8329807108e-07 1.2294426082e-22
3.3523203403e-02 1.8329807108e-07 1.9838525781e-22
3.7171374071e-02 1.8329807108e-07 3.0531548988e-22
4.1216557790e-02 1.8329807108e-07 4.4474658516e-22
4.5701959599e-02 1.8329807108e-07 6.0808513383e-22
5.0675486338e-02 1.8329807108e-07 7.7100240794e-22
5.6190258320e-02 1.8329807108e-07 8.9230967911e-22
6.2305176688e-02 1.8329807108e-07 9.2454453584e-22
6.9085552518e-02 1.8329807108e-07 8.3520707436e-22
7.6603804377e-02 1.8329807108e-07 6.3151739635e-22
8.4940231802e-02 1.8329807108e-07 3.7481746657e-22
9.4183872945e-02 1.8329807108e-07 1.5751090367e-22
1.0443345556e-01 1.8329807108e-07 3.9809090865e-23
1.1579845146e-01 1.8329807108e-07 4.6949795235e-24
1.2840024578e-01 1.8329807108e-07 1.7422192745e-25
1.4237343339e-01 1.8329807108e-07 1.1306896118e-27
1.5786725650e-01 1.8329807108e-07 5.2175149201e-31
1.7504719864e-01 1.8329807108e-07 4.4508667577e-36
1.9409675211e-01 1.8329807108e-07 9.0463746792e-44
2.1521937781e-01 1.8329807108e-07 2.0843971629e-55
2.3864067833e-01 1.8329807108e-07 5.5070612671e-73
2.6461080752e-01 1.8329807108e-07 1.5439551171e-99
2.9340714225e-01 1.8329807108e-07 1.2460056168e-139
3.2533724503e-01 1.8329807108e-07 4.1927809356e-200
3.6074214893e-01 1.8329807108e-07 1.3551773412e-291
4.0000000000e-01 1.8329807108e-07 1.0000000000e-300
2.0000000000e-02 3.3598182863e-07 4.4882164961e-23
2.2176504808e-02 3.3598182863e-07 8.0617225576e-23
2.4589868274e-02 3.3598182863e-07 1.4246744206e-22
2.7265866600e-02 3.3598182863e-07 2.4628073736e-22
3.0233081086e-02 3.3598182863e-07 4.1307037571e-22
3.3523203403e-02 3.3598182863e-07 6.6653841694e-22
3.7171374071e-02 3.3598182863e-07 1.0258045660e-21
4.1216557790e-02 3.3598182863e-07 1.4942677096e-21
4.5701959599e-02 3.3598182863e-07 2.0430555523e-21
5.0675486338e-02 3.3598182863e-07 2.5904279890e-21
5.6190258320e-02 3.3598182863e-07 2.9979983769e-21
6.2305176688e-02 3.3598182863e-07 3.1063016380e-21
6.9085552518e-02 3.3598182863e-07 2.8061440013e-21
7.6603804377e-02 3.3598182863e-07 2.1217836964e-21
8.4940231802e-02 3.3598182863e-07 1.2593185782e-21
9.4183872945e-02 3.3598182863e-07 5.2920801445e-22
1.0443345556e-01 3.3598182863e-07 1.3375131145e-22
1.1579845146e-01 3.3598182863e-07 1.5774278057e-23
1.2840024578e-01 3.3598182863e-07 5.8535401770e-25
1.4237343339e-01 3.3598182863e-07 3.7989116338e-27
1.5786725650e-01 3.3598182863e-07 1.7529902038e-30
1.7504719864e-01 3.3598182863e-07 1.4954103522e-35
1.9409675211e-01 3.3598182863e-07 3.0394175072e-43
2.1521937781e-01 3.3598182863e-07 7.0031957039e-55
2.3864067833e-01 3.3598182863e-07 1.8502725149e-72
2.6461080752e-01 3.3598182863e-07 5.1874086355e-99
2.9340714225e-01 3.3598182863e-07 4.1863524561e-139
3.2533724503e-01 3.3598182863e-07 1.4086982058e-199
3.6074214893e-01 3.3598182863e-07 4.5531496120e-291
4.0000000000e-01 3.3598182863e-07 1.0000000000e-300
2.0000000000e-02 6.1584821107e-07 1.5079591856e-22
2.2176504808e-02 6.1584821107e-07 2.7085922868e-22
2.4589868274e-02 6.1584821107e-07 4.7866471704e-22
2.7265866600e-02 6.1584821107e-07 8.2745852493e-22
3.0233081086e-02 6.1584821107e-07 1.3878414018e-21
3.3523203403e-02 6.1584821107e-07 2.2394479617e-21
3.7171374071e-02 6.1584821107e-07 3.4465169390e-21
4.1216557790e-02 6.1584821107e-07 5.0204679752e-21
4.5701959599e-02 6.1584821107e-07 6.8642954043e-21
5.0675486338e-02 6.1584821107e-07 8.7033673266e-21
5.6190258320e-02 6.1584821107e-07 1.0072729769e-20
6.2305176688e-02 6.1584821107e-07 1.0436609046e-20
6.9085552518e-02 6.1584821107e-07 9.4281339294e-21
7.6603804377e-02 6.1584821107e-07 7.1288076626e-21
8.4940231802e-02 6.1584821107e-07 4.2310815873e-21
9.4183872945e-02 6.1584821107e-07 1.7780427642e-21
1.0443345556e-01 6.1584821107e-07 4.4938010201e-22
1.1579845146e-01 6.1584821107e-07 5.2998707868e-23
1.2840024578e-01 6.1584821107e-07 1.9666831326e-24
1.4237343339e-01 6.1584821107e-07 1.2763652775e-26
1.5786725650e-01 6.1584821107e-07 5.8897285423e-30
1.7504719864e-01 6.1584821107e-07 5.0243070469e-35
1.9409675211e-01 6.1584821107e-07 1.0211890520e-42
2.1521937781e-01 6.1584821107e-07 2.3529464988e-54
2.3864067833e-01 6.1584821107e-07 6.2165794302e-72
2.6461080752e-01 6.1584821107e-07 1.7428750392e-98
2.9340714225e-01 6.1584821107e-07 1.4065383535e-138
3.2533724503e-01 6.1584821107e-07 4.7329699916e-199
3.6074214893e-01 6.1584821107e-07 1.5297755327e-290
4.0000000000e-01 6.1584821107e-07 1.0000000000e-300
2.0000000000e-02 1.1288378917e-06 5.0664688469e-22
2.2176504808e-02 1.1288378917e-06 9.1003778952e-22
2.4589868274e-02 1.1288378917e-06 1.6082264693e-21
2.7265866600e-02 1.1288378917e-06 2.7801102832e-21
3.0233081086e-02 1.1288378917e-06 4.6628949204e-21
3.3523203403e-02 1.1288378917e-06 7.5241382130e-21
3.7171374071e-02 1.1288378917e-06 1.1579670636e-20
4.1216557790e-02 1.1288378917e-06 1.6867860109e-20
4.5701959599e-02 1.1288378917e-06 2.3062785222e-20
5.0675486338e-02 1.1288378917e-06 2.9241732696e-20
5.6190258320e-02 1.1288378917e-06 3.3842541671e-20
6.2305176688e-02 1.1288378917e-06 3.5065109920e-20
6.9085552518e-02 1.1288378917e-06 3.1676816781e-20
7.6603804377e-02 1.1288378917e-06 2.3951498344e-20
8.4940231802e-02 1.1288378917e-06 1.4215665288e-20
9.4183872945e-02 1.1288378917e-06 5.9739005930e-21
1.0443345556e-01 1.1288378917e-06 1.5098354842e-21
1.1579845146e-01 1.1288378917e-06 1.7806602784e-22
1.2840024578e-01 1.1288378917e-06 6.6076979523e-24
1.4237343339e-01 1.1288378917e-06 4.2883553994e-26
1.5786725650e-01 1.1288378917e-06 1.9788417658e-29
1.7504719864e-01 1.1288378917e-06 1.6880758692e-34
1.9409675211e-01 1.1288378917e-06 3.4310096508e-42
2.1521937781e-01 1.1288378917e-06 7.9054726735e-54
2.3864067833e-01 1.1288378917e-06 2.0886577248e-71
2.6461080752e-01 1.1288378917e-06 5.8557434274e-98
2.9340714225e-01 1.1288378917e-06 4.7257132804e-138
3.2533724503e-01 1.1288378917e-06 1.5901919126e-198
3.6074214893e-01 1.1288378917e-06 5.1397678086e-290
4.0000000000e-01 1.1288378917e-06 1.0000000000e-300
2.0000000000e-02 2.0691380811e-06 1.7022414679e-21
2.2176504808e-02 2.0691380811e-06 3.0575616064e-21
2.4589868274e-02 2.0691380811e-06 5.4033487001e-21
2.7265866600e-02 2.0691380811e-06 9.3406653674e-21
3.0233081086e-02 2.0691380811e-06 1.5666479621e-20
3.3523203403e-02 2.0691380811e-06 2.5070838800e-20
3.7171374071e-02 2.0691380811e-06 3.8905589150e-20
4.1216557790e-02 2.0691380811e-06 5.6672944844e-20
4.5701959599e-02 2.0691380811e-06 7.7486767521e-20
5.0675486338e-02 2.0691380811e-06 9.8246908235e-20
5.6190258320e-02 2.0691380811e-06 1.1370479036e-19
6.2305176688e-02 2.0691380811e-06 1.1781239752e-19
6.9085552518e-02 2.0691380811e-06 1.0642834827e-19
7.6603804377e-02 2.0691380811e-06 8.0472682120e-20
8.4940231802e-02 2.0691380811e-06 4.7762052185e-20
9.4183872945e-02 2.0691380811e-06 2.0071220453e-20
1.0443345556e-01 2.0691380811e-06 5.0727728692e-21
1.1579845146e-01 2.0691380811e-06 5.9826949652e-22
1.2840024578e-01 2.0691380811e-06 2.2200664411e-23
1.4237343339e-01 2.0691380811e-06 1.4408094889e-25
1.5786725650e-01 2.0691380811e-06 6.6485487503e-29
1.7504719864e-01 2.0691380811e-06 5.6716281740e-34
1.9409675211e-01 2.0691380811e-06 1.1527568965e-41
2.1521937781e-01 2.0691380811e-06 2.6560951650e-53
2.3864067833e-01 2.0691380811e-06 7.0175104175e-71
2.6461080752e-01 2.0691380811e-06 1.9674233847e-97
2.9340714225e-01 2.0691380811e-06 1.5877537895e-137
3.2533724503e-01 2.0691380811e-06 5.3427558667e-198
3.6074214893e-01 2.0691380811e-06 1.7268685870e-289
4.0000000000e-01 2.0691380811e-06 1.0000000000e-300
2.0000000000e-02 3.7926901907e-06 5.7192220114e-21
2.2176504808e-02 3.7926901907e-06 1.0272851397e-20
2.4589868274e-02 3.7926901907e-06 1.8154269770e-20
2.7265866600e-02 3.7926901907e-06 3.1382938307e-20
3.0233081086e-02 3.7926901907e-06 5.2636524711e-20
3.3523203403e-02 3.7926901907e-06 8.4935323171e-20
3.7171374071e-02 3.7926901907e-06 1.3071570987e-19
4.1216557790e-02 3.7926901907e-06 1.9041079643e-19
4.5701959599e-02 3.7926901907e-06 2.6034145846e-19
5.0675486338e-02 3.7926901907e-06 3.3009175886e-19
5.6190258320e-02 3.7926901907e-06 3.8202743389e-19
6.2305176688e-02 3.7926901907e-06 3.9582824753e-19
6.9085552518e-02 3.7926901907e-06 3.5757991071e-19
7.6603804377e-02 3.7926901907e-06 2.7037358893e-19
8.4940231802e-02 3.7926901907e-06 1.6047181632e-19
9.4183872945e-02 3.7926901907e-06 6.7435653505e-20
1.0443345556e-01 3.7926901907e-06 1.7043595048e-20
1.1579845146e-01 3.7926901907e-06 2.0100767945e-21
1.2840024578e-01 3.7926901907e-06 7.4590198254e-23
1.4237343339e-01 3.7926901907e-06 4.8408580678e-25
1.5786725650e-01 3.7926901907e-06 2.2337915668e-28
1.7504719864e-01 3.7926901907e-06 1.9055640052e-33
1.9409675211e-01 3.7926901907e-06 3.8730537005e-41
2.1521937781e-01 3.7926901907e-06 8.9239971055e-53
2.3864067833e-01 3.7926901907e-06 2.3577559825e-70
2.6461080752e-01 3.7926901907e-06 6.6101850649e-97
2.9340714225e-01 3.7926901907e-06 5.3345642161e-137
3.2533724503e-01 3.7926901907e-06 1.7950688860e-197
3.6074214893e-01 3.7926901907e-06 5.8019646568e-289
4.0000000000e-01 3.7926901907e-06 1.0000000000e-300
2.0000000000e-02 6.9519279618e-06 1.9215546697e-20
2.2176504808e-02 6.9519279618e-06 3.4514913975e-20
2.4589868274e-02 6.9519279618e-06 6.0995047547e-20
2.7265866600e-02 6.9519279618e-06 1.0544097000e-19
3.0233081086e-02 6.9519279618e-06 1.7684915825e-19
3.3523203403e-02 6.9519279618e-06 2.8536725194e-19
3.7171374071e-02 6.9519279618e-06 4.3918103231e-19
4.1216557790e-02 6.9519279618e-06 6.3974567574e-19
4.5701959599e-02 6.9519279618e-06 8.7469999282e-19
5.0675486338e-02 6.9519279618e-06 1.1090483276e-18
5.6190258320e-02 6.9519279618e-06 1.2835427582e-18
6.2305176688e-02 6.9519279618e-06 1.3299109843e-18
6.9085552518e-02 6.9519279618e-06 1.2014035228e-18
7.6603804377e-02 6.9519279618e-06 9.0840612823e-19
8.4940231802e-02 6.9519279618e-06 5.3915614291e-19
9.4183872945e-02 6.9519279618e-06 2.2657154179e-19
1.0443345556e-01 6.9519279618e-06 5.7263382307e-20
1.1579845146e-01 6.9519279618e-06 6.7534927711e-21
1.2840024578e-01 6.9519279618e-06 2.5060951207e-22
1.4237343339e-01 6.9519279618e-06 1.6264403457e-24
1.5786725650e-01 6.9519279618e-06 7.5051337540e-28
1.7504719864e-01 6.9519279618e-06 6.4023487904e-33
1.9409675211e-01 6.9519279618e-06 1.3012756647e-40
2.1521937781e-01 6.9519279618e-06 2.9983008662e-52
2.3864067833e-01 6.9519279618e-06 7.9216316645e-70
2.6461080752e-01 6.9519279618e-06 2.2209020657e-96
2.9340714225e-01 6.9519279618e-06 1.7923166403e-136
3.2533724503e-01 6.9519279618e-06 6.0311052684e-197
3.6074214893e-01 6.9519279618e-06 1.9493546950e-288
4.0000000000e-01 6.9519279618e-06 1.0000000000e-300
2.0000000000e-02 1.2742749857e-05 6.4560745175e-20
2.2176504808e-02 1.2742749857e-05 1.1596383912e-19
2.4589868274e-02 1.2742749857e-05 2.0493227612e-19
2.7265866600e-02 1.2742749857e-05 3.5426249914e-19
3.0233081086e-02 1.2742749857e-05 5.9418103580e-19
3.3523203403e-02 1.2742749857e-05 9.5878211138e-19
3.7171374071e-02 1.2742749857e-05 1.4755684634e-18
4.1216557790e-02 1.2742749857e-05 2.1494292199e-18
4.5701959599e-02 1.2742749857e-05 2.9388330309e-18
5.0675486338e-02 1.2742749857e-05 3.7262008513e-18
5.6190258320e-02 1.2742749857e-05 4.3124704303e-18
6.2305176688e-02 1.2742749857e-05 4.4682592442e-18
6.9085552518e-02 1.2742749857e-05 4.0364975251e-18
7.6603804377e-02 1.2742749857e-05 3.0520795210e-18
8.4940231802e-02 1.2742749857e-05 1.8114666681e-18
9.4183872945e-02 1.2742749857e-05 7.6123920927e-19
1.0443345556e-01 1.2742749857e-05 1.9239455901e-19
1.1579845146e-01 1.2742749857e-05 2.2690508509e-20
1.2840024578e-01 1.2742749857e-05 8.4200242137e-22
1.4237343339e-01 1.2742749857e-05 5.4645440152e-24
1.5786725650e-01 1.2742749857e-05 2.5215885628e-27
1.7504719864e-01 1.2742749857e-05 2.1510728541e-32
1.9409675211e-01 1.2742749857e-05 4.3720497737e-40
2.1521937781e-01 1.2742749857e-05 1.0073746078e-51
2.3864067833e-01 1.2742749857e-05 2.6615242924e-69
2.6461080752e-01 1.2742749857e-05 7.4618273723e-96
2.9340714225e-01 1.2742749857e-05 6.0218582228e-136
3.2533724503e-01 1.2742749857e-05 2.0263417767e-196
3.6074214893e-01 1.2742749857e-05 6.5494775508e-288
4.0000000000e-01 1.2742749857e-05 1.0000000000e-300
2.0000000000e-02 2.3357214691e-05 2.1691237221e-19
2.2176504808e-02 2.3357214691e-05 3.8961742723e-19
2.4589868274e-02 2.3357214691e-05 6.8853520876e-19
2.7265866600e-02 2.3357214691e-05 1.1902576227e-18
3.0233081086e-02 2.3357214691e-05 1.9963403094e-18
3.3523203403e-02 2.3357214691e-05 3.2213336704e-18
3.7171374071e-02 2.3357214691e-05 4.9576419058e-18
4.1216557790e-02 2.3357214691e-05 7.2216915981e-18
4.5701959599e-02 2.3357214691e-05 9.8739449576e-18
5.0675486338e-02 2.3357214691e-05 1.2519357759e-17
5.6190258320e-02 2.3357214691e-05 1.4489117011e-17
6.2305176688e-02 2.3357214691e-05 1.5012539116e-17
6.9085552518e-02 2.3357214691e-05 1.3561898197e-17
7.6603804377e-02 2.3357214691e-05 1.0254432586e-17
8.4940231802e-02 2.3357214691e-05 6.0861988366e-18
9.4183872945e-02 2.3357214691e-05 2.5576254156e-18
1.0443345556e-01 2.3357214691e-05 6.4641075754e-19
1.1579845146e-01 2.3357214691e-05 7.6235985412e-20
1.2840024578e-01 2.3357214691e-05 2.8289751324e-21
1.4237343339e-01 2.3357214691e-05 1.8359874908e-23
1.5786725650e-01 2.3357214691e-05 8.4720793637e-27
1.7504719864e-01 2.3357214691e-05 7.2272139104e-32
1.9409675211e-01 2.3357214691e-05 1.4689292778e-39
2.1521937781e-01 2.3357214691e-05 3.3845956284e-51
2.3864067833e-01 2.3357214691e-05 8.9422379869e-69
2.6461080752e-01 2.3357214691e-05 2.5070384054e-95
2.9340714225e-01 2.3357214691e-05 2.0232349374e-135
3.2533724503e-01 2.3357214691e-05 6.8081401557e-196
3.6074214893e-01 2.3357214691e-05 2.2005054441e-287
4.0000000000e-01 2.3357214691e-05 1.0000000000e-300
2.0000000000e-02 4.2813323987e-05 7.2878615469e-19
2.2176504808e-02 4.2813323987e-05 1.3090437567e-18
2.4589868274e-02 4.2813323987e-05 2.3133531851e-18
2.7265866600e-02 4.2813323987e-05 3.9990493263e-18
3.0233081086e-02 4.2813323987e-05 6.7073406773e-18
3.3523203403e-02 4.2813323987e-05 1.0823095772e-17
3.7171374071e-02 4.2813323987e-05 1.6656775932e-17
4.1216557790e-02 4.2813323987e-05 2.4263571489e-17
4.5701959599e-02 4.2813323987e-05 3.3174660826e-17
5.0675486338e-02 4.2813323987e-05 4.2062767130e-17
5.6190258320e-02 4.2813323987e-05 4.8680800285e-17
6.2305176688e-02 4.2813323987e-05 5.0439403447e-17
6.9085552518e-02 4.2813323987e-05 4.5565513561e-17
7.6603804377e-02 4.2813323987e-05 3.4453030117e-17
8.4940231802e-02 4.2813323987e-05 2.0448522145e-17
9.4183872945e-02 4.2813323987e-05 8.5931566406e-18
1.0443345556e-01 4.2813323987e-05 2.1718226836e-18
1.1579845146e-01 4.2813323987e-05 2.5613905786e-19
1.2840024578e-01 4.2813323987e-05 9.5048423814e-21
1.4237343339e-01 4.2813323987e-05 6.1685843451e-23
1.5786725650e-01 4.2813323987e-05 2.8464647169e-26
1.7504719864e-01 4.2813323987e-05 2.4282125455e-31
1.9409675211e-01 4.2813323987e-05 4.9353354489e-39
2.1521937781e-01 4.2813323987e-05 1.1371626284e-50
2.3864067833e-01 4.2813323987e-05 3.0044294709e-68
2.6461080752e-01 4.2813323987e-05 8.4231934790e-95
2.9340714225e-01 4.2813323987e-05 6.7977017402e-135
3.2533724503e-01 4.2813323987e-05 2.2874113791e-195
3.6074214893e-01 4.2813323987e-05 7.3932984301e-287
4.0000000000e-01 4.2813323987e-05 1.0000000000e-300
2.0000000000e-02 7.8475997035e-05 2.4485890493e-18
2.2176504808e-02 7.8475997035e-05 4.3981491512e-18
2.4589868274e-02 7.8475997035e-05 7.7724463341e-18
2.7265866600e-02 7.8475997035e-05 1.3436079054e-17
3.0233081086e-02 7.8475997035e-05 2.2535445860e-17
3.3523203403e-02 7.8475997035e-05 3.6363635089e-17
3.7171374071e-02 7.8475997035e-05 5.5963740367e-17
4.1216557790e-02 7.8475997035e-05 8.1521191180e-17
4.5701959599e-02 7.8475997035e-05 1.1146083208e-16
5.0675486338e-02 7.8475997035e-05 1.4132325418e-16
5.6190258320e-02 7.8475997035e-05 1.6355864299e-16
6.2305176688e-02 7.8475997035e-05 1.6946723005e-16
6.9085552518e-02 7.8475997035e-05 1.5309184568e-16
7.6603804377e-02 7.8475997035e-05 1.1575592061e-16
8.4940231802e-02 7.8475997035e-05 6.8703318630e-17
9.4183872945e-02 7.8475997035e-05 2.8871444818e-17
1.0443345556e-01 7.8475997035e-05 7.2969295670e-18
1.1579845146e-01 7.8475997035e-05 8.6058069043e-19
1.2840024578e-01 7.8475997035e-05 3.1934543241e-20
1.4237343339e-01 7.8475997035e-05 2.0725322483e-22
1.5786725650e-01 7.8475997035e-05 9.5636042071e-26
1.7504719864e-01 7.8475997035e-05 8.1583529134e-31
1.9409675211e-01 7.8475997035e-05 1.6581830290e-38
2.1521937781e-01 7.8475997035e-05 3.8206597934e-50
2.3864067833e-01 7.8475997035e-05 1.0094337076e-67
2.6461080752e-01 7.8475997035e-05 2.8300399480e-94
2.9340714225e-01 7.8475997035e-05 2.2839042612e-134
3.2533724503e-01 7.8475997035e-05 7.6852865796e-195
3.6074214893e-01 7.8475997035e-05 2.4840139261e-286
4.0000000000e-01 7.8475997035e-05 1.0000000000e-300
2.0000000000e-02 1.4384498883e-04 8.2268142634e-18
2.2176504808e-02 1.4384498883e-04 1.4776981944e-17
2.4589868274e-02 1.4384498883e-04 2.6114007322e-17
2.7265866600e-02 1.4384498883e-04 4.5142784102e-17
3.0233081086e-02 1.4384498883e-04 7.5715003090e-17
3.3523203403e-02 1.4384498883e-04 1.2217520613e-16
3.7171374071e-02 1.4384498883e-04 1.8802799825e-16
4.1216557790e-02 1.4384498883e-04 2.7389638885e-16
4.5701959599e-02 1.4384498883e-04 3.7448814184e-16
5.0675486338e-02 1.4384498883e-04 4.7482045366e-16
5.6190258320e-02 1.4384498883e-04 5.4952731960e-16
6.2305176688e-02 1.4384498883e-04 5.6937909845e-16
6.9085552518e-02 1.4384498883e-04 5.1436078261e-16
7.6603804377e-02 1.4384498883e-04 3.8891885880e-16
8.4940231802e-02 1.4384498883e-04 2.3083066626e-16
9.4183872945e-02 1.4384498883e-04 9.7002808251e-17
1.0443345556e-01 1.4384498883e-04 2.4516357393e-17
1.1579845146e-01 1.4384498883e-04 2.8913947405e-18
1.2840024578e-01 1.4384498883e-04 1.0729426235e-19
1.4237343339e-01 1.4384498883e-04 6.9633317468e-22
1.5786725650e-01 1.4384498883e-04 3.2131972298e-25
1.7504719864e-01 1.4384498883e-04 2.7410583304e-30
1.9409675211e-01 1.4384498883e-04 5.5711936628e-38
2.1521937781e-01 1.4384498883e-04 1.2836722639e-49
2.3864067833e-01 1.4384498883e-04 3.3915138296e-67
2.6461080752e-01 1.4384498883e-04 9.5084199681e-94
2.9340714225e-01 1.4384498883e-04 7.6735033007e-134
3.2533724503e-01 1.4384498883e-04 2.5821166386e-194
3.6074214893e-01 1.4384498883e-04 8.3458354124e-286
4.0000000000e-01 1.4384498883e-04 1.0000000000e-300
2.0000000000e-02 2.6366508987e-04 2.7640601000e-17
2.2176504808e-02 2.6366508987e-04 4.9647974152e-17
2.4589868274e-02 2.6366508987e-04 8.7738319330e-17
2.7265866600e-02 2.6366508987e-04 1.5167155152e-16
3.0233081086e-02 2.6366508987e-04 2.5438865193e-16
3.3523203403e-02 2.6366508987e-04 4.1048649168e-16
3.7171374071e-02 2.6366508987e-04 6.3173990687e-16
4.1216557790e-02 2.6366508987e-04 9.2024209579e-16
4.5701959599e-02 2.6366508987e-04 1.2582121070e-15
5.0675486338e-02 2.6366508987e-04 1.5953104429e-15
5.6190258320e-02 2.6366508987e-04 1.8463119372e-15
6.2305176688e-02 2.6366508987e-04 1.9130103068e-15
6.9085552518e-02 2.6366508987e-04 1.7281587632e-15
7.6603804377e-02 2.6366508987e-04 1.3066966937e-15
8.4940231802e-02 2.6366508987e-04 7.7554909355e-16
9.4183872945e-02 2.6366508987e-04 3.2591180898e-16
1.0443345556e-01 2.6366508987e-04 8.2370505882e-17
1.1579845146e-01 2.6366508987e-04 9.7145609221e-18
1.2840024578e-01 2.6366508987e-04 3.6048922464e-19
1.4237343339e-01 2.6366508987e-04 2.3395529336e-21
1.5786725650e-01 2.6366508987e-04 1.0795758810e-24
1.7504719864e-01 2.6366508987e-04 9.2094579023e-30
1.9409675211e-01 2.6366508987e-04 1.8718198345e-37
2.1521937781e-01 2.6366508987e-04 4.3129055460e-49
2.3864067833e-01 2.6366508987e-04 1.1394870183e-66
2.6461080752e-01 2.6366508987e-04 3.1946563283e-93
2.9340714225e-01 2.6366508987e-04 2.5781576710e-133
3.2533724503e-01 2.6366508987e-04 8.6754426996e-194
3.6074214893e-01 2.6366508987e-04 2.8040490433e-285
4.0000000000e-01 2.6366508987e-04 1.0000000000e-300
2.0000000000e-02 4.8329302386e-04 9.2867396684e-17
2.2176504808e-02 4.8329302386e-04 1.6680817143e-16
2.4589868274e-02 4.8329302386e-04 2.9478480969e-16
2.7265866600e-02 4.8329302386e-04 5.0958885231e-16
3.0233081086e-02 4.8329302386e-04 8.5469964457e-16
3.3523203403e-02 4.8329302386e-04 1.3791600210e-15
3.7171374071e-02 4.8329302386e-04 2.1225312913e-15
4.1216557790e-02 4.8329302386e-04 3.0918462213e-15
4.5701959599e-02 4.8329302386e-04 4.2273640450e-15
5.0675486338e-02 4.8329302386e-04 5.3599531983e-15
5.6190258320e-02 4.8329302386e-04 6.2032726088e-15
6.2305176688e-02 4.8329302386e-04 6.4273670106e-15
6.9085552518e-02 4.8329302386e-04 5.8062994141e-15
7.6603804377e-02 4.8329302386e-04 4.3902634460e-15
8.4940231802e-02 4.8329302386e-04 2.6057040264e-15
9.4183872945e-02 4.8329302386e-04 1.0950044555e-15
1.0443345556e-01 4.8329302386e-04 2.7674993191e-16
1.1579845146e-01 4.8329302386e-04 3.2639159429e-17
1.2840024578e-01 4.8329302386e-04 1.2111782890e-18
1.4237343339e-01 4.8329302386e-04 7.8604727282e-21
1.5786725650e-01 4.8329302386e-04 3.6271787864e-24
1.7504719864e-01 4.8329302386e-04 3.0942105067e-29
1.9409675211e-01 4.8329302386e-04 6.2889745085e-37
2.1521937781e-01 4.8329302386e-04 1.4490578920e-48
2.3864067833e-01 4.8329302386e-04 3.8284693210e-66
2.6461080752e-01 4.8329302386e-04 1.0733464750e-92
2.9340714225e-01 4.8329302386e-04 8.6621412878e-133
3.2533724503e-01 4.8329302386e-04 2.9147911024e-193
3.6074214893e-01 4.8329302386e-04 9.4210952513e-285
4.0000000000e-01 4.8329302386e-04 1.0000000000e-300
2.0000000000e-02 8.8586679041e-04 3.1201757758e-16
2.2176504808e-02 8.8586679041e-04 5.6044514468e-16
2.4589868274e-02 8.8586679041e-04 9.9042339412e-16
2.7265866600e-02 8.8586679041e-04 1.7121259445e-15
3.0233081086e-02 8.8586679041e-04 2.8716354951e-15
3.3523203403e-02 8.8586679041e-04 4.6337270583e-15
3.7171374071e-02 8.8586679041e-04 7.1313194456e-15
4.1216557790e-02 8.8586679041e-04 1.0388041473e-14
4.5701959599e-02 8.8586679041e-04 1.4203175021e-14
5.0675486338e-02 8.8586679041e-04 1.8008468769e-14
5.6190258320e-02 8.8586679041e-04 2.0841868746e-14
6.2305176688e-02 8.8586679041e-04 2.1594785215e-14
6.9085552518e-02 8.8586679041e-04 1.9508110947e-14
7.6603804377e-02 8.8586679041e-04 1.4750487408e-14
8.4940231802e-02 8.8586679041e-04 8.7546920366e-15
9.4183872945e-02 8.8586679041e-04 3.6790159933e-15
1.0443345556e-01 8.8586679041e-04 9.2982948197e-16
1.1579845146e-01 8.8586679041e-04 1.0966164470e-16
1.2840024578e-01 8.8586679041e-04 4.0693389632e-18
1.4237343339e-01 8.8586679041e-04 2.6409760011e-20
1.5786725650e-01 8.8586679041e-04 1.2186661614e-23
1.7504719864e-01 8.8586679041e-04 1.0395985042e-28
1.9409675211e-01 8.8586679041e-04 2.1129811556e-36
2.1521937781e-01 8.8586679041e-04 4.8685712036e-48
2.3864067833e-01 8.8586679041e-04 1.2862961233e-65
2.6461080752e-01 8.8586679041e-04 3.6062491142e-92
2.9340714225e-01 8.8586679041e-04 2.9103220697e-132
3.2533724503e-01 8.8586679041e-04 9.7931684464e-193
3.6074214893e-01 8.8586679041e-04 3.1653168102e-284
4.0000000000e-01 8.8586679041e-04 1.0000000000e-300
2.0000000000e-02 1.6237767392e-03 1.0483223628e-15
2.2176504808e-02 1.6237767392e-03 1.8829938456e-15
2.4589868274e-02 1.6237767392e-03 3.3276426307e-15
2.7265866600e-02 1.6237767392e-03 5.7524320567e-15
3.0233081086e-02 1.6237767392e-03 9.6481734480e-15
3.3523203403e-02 1.6237767392e-03 1.5568480904e-14
3.7171374071e-02 1.6237767392e-03 2.3959937479e-14
4.1216557790e-02 1.6237767392e-03 3.4901931698e-14
4.5701959599e-02 1.6237767392e-03 4.7720087159e-14
5.0675486338e-02 1.6237767392e-03 6.0505182679e-14
5.6190258320e-02 1.6237767392e-03 7.0024891732e-14
6.2305176688e-02 1.6237767392e-03 7.2554554253e-14
6.9085552518e-02 1.6237767392e-03 6.5543707891e-14
7.6603804377e-02 1.6237767392e-03 4.9558957323e-14
8.4940231802e-02 1.6237767392e-03 2.9414174395e-14
9.4183872945e-02 1.6237767392e-03 1.2360825210e-14
1.0443345556e-01 1.6237767392e-03 3.1240580967e-15
1.1579845146e-01 1.6237767392e-03 3.6844319917e-16
1.2840024578e-01 1.6237767392e-03 1.3672239462e-17
1.4237343339e-01 1.6237767392e-03 8.8731994622e-20
1.5786725650e-01 1.6237767392e-03 4.0944968540e-23
1.7504719864e-01 1.6237767392e-03 3.4928620648e-28
1.9409675211e-01 1.6237767392e-03 7.0992327251e-36
2.1521937781e-01 1.6237767392e-03 1.6357514558e-47
2.3864067833e-01 1.6237767392e-03 4.3217212367e-65
2.6461080752e-01 1.6237767392e-03 1.2116341719e-91
2.9340714225e-01 1.6237767392e-03 9.7781533088e-132
3.2533724503e-01 1.6237767392e-03 3.2903266427e-192
3.6074214893e-01 1.6237767392e-03 1.0634889301e-283
4.0000000000e-01 1.6237767392e-03 1.0000000000e-300
2.0000000000e-02 2.9763514416e-03 3.5221726444e-15
2.2176504808e-02 2.9763514416e-03 6.3265171553e-15
2.4589868274e-02 2.9763514416e-03 1.1180274561e-14
2.7265866600e-02 2.9763514416e-03 1.9327126415e-14
3.0233081086e-02 2.9763514416e-03 3.2416109580e-14
3.3523203403e-02 2.9763514416e-03 5.2307266831e-14
3.7171374071e-02 2.9763514416e-03 8.0501036079e-14
4.1216557790e-02 2.9763514416e-03 1.1726414835e-13
4.5701959599e-02 2.9763514416e-03 1.6033082146e-13
5.0675486338e-02 2.9763514416e-03 2.0328641918e-13
5.6190258320e-02 2.9763514416e-03 2.3527091174e-13
6.2305176688e-02 2.9763514416e-03 2.4377011813e-13
6.9085552518e-02 2.9763514416e-03 2.2021494832e-13
7.6603804377e-02 2.9763514416e-03 1.6650909106e-13
8.4940231802e-02 2.9763514416e-03 9.8826281009e-14
9.4183872945e-02 2.9763514416e-03 4.1530126573e-14
1.0443345556e-01 2.9763514416e-03 1.0496267521e-14
1.1579845146e-01 2.9763514416e-03 1.2379021980e-15
1.2840024578e-01 2.9763514416e-03 4.5936240158e-17
1.4237343339e-01 2.9763514416e-03 2.9812337811e-19
1.5786725650e-01 2.9763514416e-03 1.3756765403e-22
1.7504719864e-01 2.9763514416e-03 1.1735381837e-27
1.9409675211e-01 2.9763514416e-03 2.3852131928e-35
2.1521937781e-01 2.9763514416e-03 5.4958276530e-47
2.3864067833e-01 2.9763514416e-03 1.4520198039e-64
2.6461080752e-01 2.9763514416e-03 4.0708706470e-91
2.9340714225e-01 2.9763514416e-03 3.2852818293e-131
3.2533724503e-01 2.9763514416e-03 1.1054899622e-191
3.6074214893e-01 2.9763514416e-03 3.5731295545e-283
4.0000000000e-01 2.9763514416e-03 1.0000000000e-300
2.0000000000e-02 5.4555947812e-03 1.1833860058e-14
2.2176504808e-02 5.4555947812e-03 2.1255948027e-14
2.4589868274e-02 5.4555947812e-03 3.7563690916e-14
2.7265866600e-02 5.4555947812e-03 6.4935632749e-14
3.0233081086e-02 5.4555947812e-03 1.0891223774e-13
3.3523203403e-02 5.4555947812e-03 1.7574291161e-13
3.7171374071e-02 5.4555947812e-03 2.7046885308e-13
4.1216557790e-02 5.4555947812e-03 3.9398622994e-13
4.5701959599e-02 5.4555947812e-03 5.3868242580e-13
5.0675486338e-02 5.4555947812e-03 6.8300542852e-13
5.6190258320e-02 5.4555947812e-03 7.9046751148e-13
6.2305176688e-02 5.4555947812e-03 8.1902330055e-13
6.9085552518e-02 5.4555947812e-03 7.3988221029e-13
7.6603804377e-02 5.4555947812e-03 5.5944028899e-13
8.4940231802e-02 5.4555947812e-03 3.3203834610e-13
9.4183872945e-02 5.4555947812e-03 1.3953367869e-13
1.0443345556e-01 5.4555947812e-03 3.5265551553e-14
1.1579845146e-01 5.4555947812e-03 4.1591264415e-15
1.2840024578e-01 5.4555947812e-03 1.5433741969e-16
1.4237343339e-01 5.4555947812e-03 1.0016403773e-18
1.5786725650e-01 5.4555947812e-03 4.6220231962e-22
1.7504719864e-01 5.4555947812e-03 3.9428750492e-27
1.9409675211e-01 5.4555947812e-03 8.0138829019e-35
2.1521937781e-01 5.4555947812e-03 1.8464982247e-46
2.3864067833e-01 5.4555947812e-03 4.8785226893e-64
2.6461080752e-01 5.4555947812e-03 1.3677385641e-90
2.9340714225e-01 5.4555947812e-03 1.1037949966e-130
3.2533724503e-01 5.4555947812e-03 3.7142453903e-191
3.6074214893e-01 5.4555947812e-03 1.2005066017e-282
4.0000000000e-01 5.4555947812e-03 1.0000000000e-300
2.0000000000e-02 1.0000000000e-02 3.9759619421e-14
2.2176504808e-02 1.0000000000e-02 7.1416122872e-14
2.4589868274e-02 1.0000000000e-02 1.2620717564e-13
2.7265866600e-02 1.0000000000e-02 2.1817192634e-13
3.0233081086e-02 1.0000000000e-02 3.6592532795e-13
3.3523203403e-02 1.0000000000e-02 5.9046424810e-13
3.7171374071e-02 1.0000000000e-02 9.0872619846e-13
4.1216557790e-02 1.0000000000e-02 1.3237221399e-12
4.5701959599e-02 1.0000000000e-02 1.8098750647e-12
5.0675486338e-02 1.0000000000e-02 2.2947741284e-12
5.6190258320e-02 1.0000000000e-02 2.6558271998e-12
6.2305176688e-02 1.0000000000e-02 2.7517694621e-12
6.9085552518e-02 1.0000000000e-02 2.4858697798e-12
7.6603804377e-02 1.0000000000e-02 1.8796177130e-12
8.4940231802e-02 1.0000000000e-02 1.1155885070e-12
9.4183872945e-02 1.0000000000e-02 4.6880780522e-13
1.0443345556e-01 1.0000000000e-02 1.1848584498e-13
1.1579845146e-01 1.0000000000e-02 1.3973909073e-14
1.2840024578e-01 1.0000000000e-02 5.1854568492e-16
1.4237343339e-01 1.0000000000e-02 3.3653296561e-18
1.5786725650e-01 1.0000000000e-02 1.5529158054e-21
1.7504719864e-01 1.0000000000e-02 1.3247343691e-26
1.9409675211e-01 1.0000000000e-02 2.6925190318e-34
2.1521937781e-01 1.0000000000e-02 6.2038985008e-46
2.3864067833e-01 1.0000000000e-02 1.6390949742e-63
2.6461080752e-01 1.0000000000e-02 4.5953530385e-90
2.9340714225e-01 1.0000000000e-02 3.7085506138e-130
3.2533724503e-01 1.0000000000e-02 1.2479189582e-190
3.6074214893e-01 1.0000000000e-02 4.0334840331e-282
4.0000000000e-01 1.0000000000e-02 1.0000000000e-300
