2.0000000000e-02 1.0000000000e-07 4.2306902543e-24
2.2176504808e-02 1.0000000000e-07 1.2522802694e-24
2.4589868274e-02 1.0000000000e-07 2.3083083261e-24
2.7265866600e-02 1.0000000000e-07 4.2375632418e-24
3.0233081086e-02 1.0000000000e-07 7.7177441793e-24
3.3523203403e-02 1.0000000000e-07 1.3880287847e-23
3.7171374071e-02 1.0000000000e-07 2.4537455152e-23
4.1216557790e-02 1.0000000000e-07 4.2337517434e-23
4.5701959599e-02 1.0000000000e-07 7.0908536565e-23
5.0675486338e-02 1.0000000000e-07 1.1508220939e-22
5.6190258320e-02 1.0000000000e-07 1.8127539133e-22
6.2305176688e-02 1.0000000000e-07 2.7690347987e-22
6.9085552518e-02 1.0000000000e-07 4.0805494328e-22
7.6603804377e-02 1.0000000000e-07 5.7635479217e-22
8.4940231802e-02 1.0000000000e-07 7.7624653801e-22
9.4183872945e-02 1.0000000000e-07 9.9243646172e-22
1.0443345556e-01 1.0000000000e-07 1.1963533991e-21
1.1579845146e-01 1.0000000000e-07 1.3451703178e-21
1.2840024578e-01 1.0000000000e-07 1.3860268156e-21
1.4237343339e-01 1.0000000000e-07 1.2721267219e-21
1.5786725650e-01 1.0000000000e-07 9.9332410887e-22
1.7504719864e-01 1.0000000000e-07 6.1014095971e-22
1.9409675211e-01 1.0000000000e-07 2.6056202337e-22
2.1521937781e-01 1.0000000000e-07 6.2665616645e-23
2.3864067833e-01 1.0000000000e-07 6.3914682397e-24
2.6461080752e-01 1.0000000000e-07 1.6666074952e-25
2.9340714225e-01 1.0000000000e-07 4.5557463162e-28
3.2533724503e-01 1.0000000000e-07 2.8844472685e-32
3.6074214893e-01 1.0000000000e-07 3.4840151841e-39
4.0000000000e-01 1.0000000000e-07 9.6733246722e-50
2.0000000000e-02 1.8329807108e-07 1.4214350480e-23
2.2176504808e-02 1.8329807108e-07 4.2074341487e-24
2.4589868274e-02 1.8329807108e-07 7.7554965246e-24
2.7265866600e-02 1.8329807108e-07 1.4237442469e-23
3.0233081086e-02 1.8329807108e-07 2.5930218022e-23
3.3523203403e-02 1.8329807108e-07 4.6635244926e-23
3.7171374071e-02 1.8329807108e-07 8.2441390517e-23
4.1216557790e-02 1.8329807108e-07 1.4224636527e-22
4.5701959599e-02 1.8329807108e-07 2.3823979780e-22
5.0675486338e-02 1.8329807108e-07 3.8665531154e-22
5.6190258320e-02 1.8329807108e-07 6.0905237464e-22
6.2305176688e-02 1.8329807108e-07 9.3034537520e-22
6.9085552518e-02 1.8329807108e-07 1.3709904602e-21
7.6603804377e-02 1.8329807108e-07 1.9364473701e-21
8.4940231802e-02 1.8329807108e-07 2.6080473131e-21
9.4183872945e-02 1.8329807108e-07 3.3344061721e-21
1.0443345556e-01 1.8329807108e-07 4.0195300270e-21
1.1579845146e-01 1.8329807108e-07 4.5195278321e-21
1.2840024578e-01 1.8329807108e-07 4.6567982403e-21
1.4237343339e-01 1.8329807108e-07 4.2741146227e-21
1.5786725650e-01 1.8329807108e-07 3.3373885052e-21
1.7504719864e-01 1.8329807108e-07 2.0499627536e-21
1.9409675211e-01 1.8329807108e-07 8.7544105084e-22
2.1521937781e-01 1.8329807108e-07 2.1054508472e-22
2.3864067833e-01 1.8329807108e-07 2.1474171868e-23
2.6461080752e-01 1.8329807108e-07 5.5994983385e-25
2.9340714225e-01 1.8329807108e-07 1.5306479781e-27
3.2533724503e-01 1.8329807108e-07 9.6912186785e-32
3.6074214893e-01 1.8329807108e-07 1.1705657925e-38
4.0000000000e-01 1.8329807108e-07 3.2500613123e-49
2.0000000000e-02 3.3598182863e-07 4.7757634670e-23
2.2176504808e-02 3.3598182863e-07 1.4136214191e-23
2.4589868274e-02 3.3598182863e-07 2.6057059042e-23
2.7265866600e-02 3.3598182863e-07 4.7835219557e-23
3.0233081086e-02 3.3598182863e-07 8.7120820679e-23
3.3523203403e-02 3.3598182863e-07 1.5668594869e-22
3.7171374071e-02 3.3598182863e-07 2.7698809141e-22
4.1216557790e-02 3.3598182863e-07 4.7792193919e-22
4.5701959599e-02 3.3598182863e-07 8.0044242918e-22
5.0675486338e-02 3.3598182863e-07 1.2990915862e-21
5.6190258320e-02 3.3598182863e-07 2.0463053056e-21
6.2305176688e-02 3.3598182863e-07 3.1257914042e-21
6.9085552518e-02 3.3598182863e-07 4.6062788186e-21
7.6603804377e-02 3.3598182863e-07 6.5061112846e-21
8.4940231802e-02 3.3598182863e-07 8.7625650539e-21
9.4183872945e-02 3.3598182863e-07 1.1202998831e-20
1.0443345556e-01 3.3598182863e-07 1.3504890487e-20
1.1579845146e-01 3.3598182863e-07 1.5184792256e-20
1.2840024578e-01 3.3598182863e-07 1.5645995883e-20
1.4237343339e-01 3.3598182863e-07 1.4360248467e-20
1.5786725650e-01 3.3598182863e-07 1.1213018928e-20
1.7504719864e-01 3.3598182863e-07 6.8875023459e-21
1.9409675211e-01 3.3598182863e-07 2.9413228512e-21
2.1521937781e-01 3.3598182863e-07 7.0739322574e-22
2.3864067833e-01 3.3598182863e-07 7.2149315325e-23
2.6461080752e-01 3.3598182863e-07 1.8813296912e-24
2.9340714225e-01 3.3598182863e-07 5.1426990666e-27
3.2533724503e-01 3.3598182863e-07 3.2560733732e-31
3.6074214893e-01 3.3598182863e-07 3.9328883551e-38
4.0000000000e-01 3.3598182863e-07 1.0919615429e-48
2.0000000000e-02 6.1584821107e-07 2.5698572543e-23
2.2176504808e-02 6.1584821107e-07 4.7495110938e-23
2.4589868274e-02 6.1584821107e-07 8.7546983458e-23
2.7265866600e-02 6.1584821107e-07 1.6071764540e-22
3.0233081086e-02 6.1584821107e-07 2.9271012643e-22
3.3523203403e-02 6.1584821107e-07 5.2643631561e-22
3.7171374071e-02 6.1584821107e-07 9.3062965459e-22
4.1216557790e-02 6.1584821107e-07 1.6057308707e-21
4.5701959599e-02 6.1584821107e-07 2.6893411107e-21
5.0675486338e-02 6.1584821107e-07 4.3647116668e-21
5.6190258320e-02 6.1584821107e-07 6.8752139851e-21
6.2305176688e-02 6.1584821107e-07 1.0502091119e-20
6.9085552518e-02 6.1584821107e-07 1.5476259806e-20
7.6603804377e-02 6.1584821107e-07 2.1859351667e-20
8.4940231802e-02 6.1584821107e-07 2.9440626303e-20
9.4183872945e-02 6.1584821107e-07 3.7640040333e-20
1.0443345556e-01 6.1584821107e-07 4.5373978012e-20
1.1579845146e-01 6.1584821107e-07 5.1018142694e-20
1.2840024578e-01 6.1584821107e-07 5.2567703076e-20
1.4237343339e-01 6.1584821107e-07 4.8247825395e-20
1.5786725650e-01 6.1584821107e-07 3.7673706039e-20
1.7504719864e-01 6.1584821107e-07 2.3140756329e-20
1.9409675211e-01 6.1584821107e-07 9.8823103012e-21
2.1521937781e-01 6.1584821107e-07 2.3767126954e-21
2.3864067833e-01 6.1584821107e-07 2.4240858897e-22
2.6461080752e-01 6.1584821107e-07 6.3209258989e-24
2.9340714225e-01 6.1584821107e-07 1.7278534365e-26
3.2533724503e-01 6.1584821107e-07 1.0939814861e-30
3.6074214893e-01 6.1584821107e-07 1.3213790213e-37
4.0000000000e-01 6.1584821107e-07 4.1985278331e-49
2.0000000000e-02 1.1288378917e-06 8.6342533961e-23
2.2176504808e-02 1.1288378917e-06 1.5957494224e-22
2.4589868274e-02 1.1288378917e-06 2.9414195593e-22
2.7265866600e-02 1.1288378917e-06 5.3998208393e-22
3.0233081086e-02 1.1288378917e-06 9.8345283537e-22
3.3523203403e-02 1.1288378917e-06 1.7687303597e-21
3.7171374071e-02 1.1288378917e-06 3.1267465312e-21
4.1216557790e-02 1.1288378917e-06 5.3949639423e-21
4.5701959599e-02 1.1288378917e-06 9.0356974417e-21
5.0675486338e-02 1.1288378917e-06 1.4664638073e-20
5.6190258320e-02 1.1288378917e-06 2.3099469669e-20
6.2305176688e-02 1.1288378917e-06 3.5285117785e-20
6.9085552518e-02 1.1288378917e-06 5.1997420701e-20
7.6603804377e-02 1.1288378917e-06 7.3443449456e-20
8.4940231802e-02 1.1288378917e-06 9.8915154612e-20
9.4183872945e-02 1.1288378917e-06 1.2646369581e-19
1.0443345556e-01 1.1288378917e-06 1.5244832105e-19
1.1579845146e-01 1.1288378917e-06 1.7141168875e-19
1.2840024578e-01 1.1288378917e-06 1.7661793006e-19
1.4237343339e-01 1.1288378917e-06 1.6210392604e-19
1.5786725650e-01 1.1288378917e-06 1.2657680646e-19
1.7504719864e-01 1.1288378917e-06 7.7748736271e-20
1.9409675211e-01 1.1288378917e-06 3.3202766861e-20
2.1521937781e-01 1.1288378917e-06 7.9853227754e-21
2.3864067833e-01 1.1288378917e-06 8.1444880998e-22
2.6461080752e-01 1.1288378917e-06 2.1237162421e-23
2.9340714225e-01 1.1288378917e-06 5.8052735720e-26
3.2533724503e-01 1.1288378917e-06 3.6755790018e-30
3.6074214893e-01 1.1288378917e-06 4.4395933989e-37
4.0000000000e-01 1.1288378917e-06 1.4106290589e-48
2.0000000000e-02 2.0691380811e-06 2.9009522449e-22
2.2176504808e-02 2.0691380811e-06 5.3614280896e-22
2.4589868274e-02 2.0691380811e-06 9.8826352230e-22
2.7265866600e-02 2.0691380811e-06 1.8142416799e-21
3.0233081086e-02 2.0691380811e-06 3.3042228200e-21
3.3523203403e-02 2.0691380811e-06 3.7591347722e-20
3.7171374071e-02 2.0691380811e-06 1.0505300172e-20
4.1216557790e-02 2.0691380811e-06 1.8126098507e-20
4.5701959599e-02 2.0691380811e-06 3.0358301494e-20
5.0675486338e-02 2.0691380811e-06 4.9270519158e-20
5.6190258320e-02 2.0691380811e-06 7.7610020599e-20
6.2305176688e-02 2.0691380811e-06 1.1855158397e-19
6.9085552518e-02 2.0691380811e-06 1.7470188491e-19
7.6603804377e-02 2.0691380811e-06 2.4675664449e-19
8.4940231802e-02 2.0691380811e-06 3.3233694526e-19
9.4183872945e-02 2.0691380811e-06 4.2489503772e-19
1.0443345556e-01 2.0691380811e-06 5.1219865677e-19
1.1579845146e-01 2.0691380811e-06 5.7591212636e-19
1.2840024578e-01 2.0691380811e-06 5.9340415111e-19
1.4237343339e-01 2.0691380811e-06 5.4463973497e-19
1.5786725650e-01 2.0691380811e-06 4.2527506898e-19
1.7504719864e-01 2.0691380811e-06 2.6122162586e-19
1.9409675211e-01 2.0691380811e-06 1.1155526325e-19
2.1521937781e-01 2.0691380811e-06 2.6829233483e-20
2.3864067833e-01 2.0691380811e-06 2.7364000050e-21
2.6461080752e-01 2.0691380811e-06 7.1353006652e-23
2.9340714225e-01 2.0691380811e-06 1.9504664304e-25
3.2533724503e-01 2.0691380811e-06 1.2349277543e-29
3.6074214893e-01 2.0691380811e-06 1.4916227085e-36
4.0000000000e-01 2.0691380811e-06 4.7394573073e-48
2.0000000000e-02 3.7926901907e-06 9.7466724000e-22
2.2176504808e-02 3.7926901907e-06 1.8013424136e-21
2.4589868274e-02 3.7926901907e-06 3.3203858539e-21
2.7265866600e-02 3.7926901907e-06 6.0955223718e-21
3.0233081086e-02 3.7926901907e-06 1.1101588253e-20
3.3523203403e-02 3.7926901907e-06 1.9966098503e-20
3.7171374071e-02 3.7926901907e-06 3.5295899622e-20
4.1216557790e-02 3.7926901907e-06 6.0900397223e-20
4.5701959599e-02 3.7926901907e-06 1.0199837650e-19
5.0675486338e-02 3.7926901907e-06 1.6553999124e-19
5.6190258320e-02 3.7926901907e-06 2.6075556641e-19
6.2305176688e-02 3.7926901907e-06 3.9831177969e-19
6.9085552518e-02 3.7926901907e-06 5.8696658757e-19
7.6603804377e-02 3.7926901907e-06 8.2905748641e-19
8.4940231802e-02 3.7926901907e-06 1.1165917459e-18
9.4183872945e-02 3.7926901907e-06 1.4275701175e-18
1.0443345556e-01 3.7926901907e-06 1.7208944132e-18
1.1579845146e-01 3.7926901907e-06 1.9349600934e-18
1.2840024578e-01 3.7926901907e-06 1.9937301181e-18
1.4237343339e-01 3.7926901907e-06 1.8298905410e-18
1.5786725650e-01 3.7926901907e-06 1.4288469534e-18
1.7504719864e-01 3.7926901907e-06 8.7765719533e-19
1.9409675211e-01 3.7926901907e-06 3.7480541341e-19
2.1521937781e-01 3.7926901907e-06 9.0141349262e-20
2.3864067833e-01 3.7926901907e-06 9.1938067754e-21
2.6461080752e-01 3.7926901907e-06 2.3973313653e-22
2.9340714225e-01 3.7926901907e-06 6.5532127796e-25
3.2533724503e-01 3.7926901907e-06 4.1491328511e-29
3.6074214893e-01 3.7926901907e-06 5.0115812524e-36
4.0000000000e-01 3.7926901907e-06 1.5923715328e-47
2.0000000000e-02 6.9519279618e-06 3.2747048160e-21
2.2176504808e-02 6.9519279618e-06 6.0521831811e-21
2.4589868274e-02 6.9519279618e-06 1.1155893109e-20
2.7265866600e-02 6.9519279618e-06 2.0479847529e-20
3.0233081086e-02 6.9519279618e-06 3.7299319218e-20
3.3523203403e-02 6.9519279618e-06 6.7082462854e-20
3.7171374071e-02 6.9519279618e-06 1.1858780898e-19
4.1216557790e-02 6.9519279618e-06 2.0461426823e-19
4.5701959599e-02 6.9519279618e-06 3.4269601054e-19
5.0675486338e-02 6.9519279618e-06 5.5618428969e-19
5.6190258320e-02 6.9519279618e-06 8.7609132026e-19
6.2305176688e-02 6.9519279618e-06 1.3382552010e-18
6.9085552518e-02 6.9519279618e-06 1.9721010744e-18
7.6603804377e-02 6.9519279618e-06 2.7854825032e-18
8.4940231802e-02 6.9519279618e-06 3.7515453661e-18
9.4183872945e-02 6.9519279618e-06 4.7963761857e-18
1.0443345556e-01 6.9519279618e-06 5.7818925183e-18
1.1579845146e-01 6.9519279618e-06 6.5011143051e-18
1.2840024578e-01 6.9519279618e-06 6.6985709086e-18
1.4237343339e-01 6.9519279618e-06 6.1480997015e-18
1.5786725650e-01 6.9519279618e-06 4.8006661225e-18
1.7504719864e-01 6.9519279618e-06 2.9487686940e-18
1.9409675211e-01 6.9519279618e-06 1.2592780818e-18
2.1521937781e-01 6.9519279618e-06 3.0285855360e-19
2.3864067833e-01 6.9519279618e-06 3.0889520125e-20
2.6461080752e-01 6.9519279618e-06 8.0545977595e-22
2.9340714225e-01 6.9519279618e-06 2.2017604131e-24
3.2533724503e-01 6.9519279618e-06 1.3940332425e-28
3.6074214893e-01 6.9519279618e-06 1.6838002335e-35
4.0000000000e-01 6.9519279618e-06 5.3500789945e-47
2.0000000000e-02 1.2742749857e-05 1.1002413123e-20
2.2176504808e-02 1.2742749857e-05 2.0334235724e-20
2.4589868274e-02 1.2742749857e-05 3.7481773669e-20
2.7265866600e-02 1.2742749857e-05 6.8808566229e-20
3.0233081086e-02 1.2742749857e-05 1.2531893477e-19
3.3523203403e-02 1.2742749857e-05 2.2538488539e-19
3.7171374071e-02 1.2742749857e-05 3.9843348914e-19
4.1216557790e-02 1.2742749857e-05 6.8746676004e-19
4.5701959599e-02 1.2742749857e-05 1.1513963228e-18
5.0675486338e-02 1.2742749857e-05 1.8686781470e-18
5.6190258320e-02 1.2742749857e-05 2.9435076383e-18
6.2305176688e-02 1.2742749857e-05 4.4962942961e-18
6.9085552518e-02 1.2742749857e-05 6.6259012520e-18
7.6603804377e-02 1.2742749857e-05 9.3587150505e-18
8.4940231802e-02 1.2742749857e-05 1.2604510723e-17
9.4183872945e-02 1.2742749857e-05 1.6114952417e-17
1.0443345556e-01 1.2742749857e-05 1.9426108212e-17
1.1579845146e-01 1.2742749857e-05 2.1842562724e-17
1.2840024578e-01 1.2742749857e-05 2.2505981031e-17
1.4237343339e-01 1.2742749857e-05 2.0656497803e-17
1.5786725650e-01 1.2742749857e-05 1.6129365825e-17
1.7504719864e-01 1.2742749857e-05 9.9073269800e-18
1.9409675211e-01 1.2742749857e-05 4.2309455267e-18
2.1521937781e-01 1.2742749857e-05 1.0175497065e-18
2.3864067833e-01 1.2742749857e-05 1.0378317457e-19
2.6461080752e-01 1.2742749857e-05 2.7061984841e-21
2.9340714225e-01 1.2742749857e-05 7.3975148979e-24
3.2533724503e-01 1.2742749857e-05 4.6836983800e-28
3.6074214893e-01 1.2742749857e-05 5.6572628150e-35
4.0000000000e-01 1.2742749857e-05 1.7975293239e-46
2.0000000000e-02 2.3357214691e-05 3.6966108804e-20
2.2176504808e-02 2.3357214691e-05 6.8319337023e-20
2.4589868274e-02 2.3357214691e-05 1.2593194857e-19
2.7265866600e-02 2.3357214691e-05 2.3118427907e-19
3.0233081086e-02 2.3357214691e-05 4.2104884867e-19
3.3523203403e-02 2.3357214691e-05 7.5725225938e-19
3.7171374071e-02 2.3357214691e-05 1.3386641227e-18
4.1216557790e-02 2.3357214691e-05 2.3097633916e-18
4.5701959599e-02 2.3357214691e-05 3.8684824202e-18
5.0675486338e-02 2.3357214691e-05 6.2784190096e-18
5.6190258320e-02 2.3357214691e-05 9.8896507889e-18
6.2305176688e-02 2.3357214691e-05 1.5106731797e-17
6.9085552518e-02 2.3357214691e-05 2.2261824190e-17
7.6603804377e-02 2.3357214691e-05 3.1443581963e-17
8.4940231802e-02 2.3357214691e-05 4.2348865617e-17
9.4183872945e-02 2.3357214691e-05 5.4143311812e-17
1.0443345556e-01 2.3357214691e-05 6.5268193603e-17
1.1579845146e-01 2.3357214691e-05 7.3387041658e-17
1.2840024578e-01 2.3357214691e-05 7.5616006618e-17
1.4237343339e-01 2.3357214691e-05 6.9402079050e-17
1.5786725650e-01 2.3357214691e-05 5.4191738244e-17
1.7504719864e-01 2.3357214691e-05 3.3286818356e-17
1.9409675211e-01 2.3357214691e-05 1.4215208149e-17
2.1521937781e-01 2.3357214691e-05 3.4187821113e-18
2.3864067833e-01 2.3357214691e-05 3.4869260773e-19
2.6461080752e-01 2.3357214691e-05 9.0923351532e-21
2.9340714225e-01 2.3357214691e-05 2.4854305827e-23
3.2533724503e-01 2.3357214691e-05 1.5736375465e-27
3.6074214893e-01 2.3357214691e-05 1.9007375056e-34
4.0000000000e-01 2.3357214691e-05 6.0393718925e-46
2.0000000000e-02 4.2813323987e-05 1.2419940833e-19
2.2176504808e-02 4.2813323987e-05 2.2954055784e-19
2.4589868274e-02 4.2813323987e-05 4.2310846365e-19
2.7265866600e-02 4.2813323987e-05 7.7673716831e-19
3.0233081086e-02 4.2813323987e-05 1.4146476212e-18
3.3523203403e-02 4.2813323987e-05 2.5442299884e-18
3.7171374071e-02 4.2813323987e-05 4.4976681986e-18
4.1216557790e-02 4.2813323987e-05 7.7603852801e-18
4.5701959599e-02 4.2813323987e-05 1.2997397976e-17
5.0675486338e-02 4.2813323987e-05 2.1094346997e-17
5.6190258320e-02 4.2813323987e-05 3.3227429565e-17
6.2305176688e-02 4.2813323987e-05 5.0755873736e-17
6.9085552518e-02 4.2813323987e-05 7.4795683998e-17
7.6603804377e-02 4.2813323987e-05 1.0564472166e-16
8.4940231802e-02 4.2813323987e-05 1.4228449310e-16
9.4183872945e-02 4.2813323987e-05 1.8191168911e-16
1.0443345556e-01 4.2813323987e-05 2.1928927038e-16
1.1579845146e-01 4.2813323987e-05 2.4656712454e-16
1.2840024578e-01 4.2813323987e-05 2.5405604177e-16
1.4237343339e-01 4.2813323987e-05 2.3317837430e-16
1.5786725650e-01 4.2813323987e-05 1.8207439312e-16
1.7504719864e-01 4.2813323987e-05 1.1183766100e-16
1.9409675211e-01 4.2813323987e-05 4.7760516282e-17
2.1521937781e-01 4.2813323987e-05 1.1486486654e-17
2.3864067833e-01 4.2813323987e-05 1.1715437997e-18
2.6461080752e-01 4.2813323987e-05 3.0548593913e-20
2.9340714225e-01 4.2813323987e-05 8.3505951211e-23
3.2533724503e-01 4.2813323987e-05 5.2871362046e-27
3.6074214893e-01 4.2813323987e-05 6.3861326288e-34
4.0000000000e-01 4.2813323987e-05 2.0291192122e-45
2.0000000000e-02 7.8475997035e-05 4.1728744326e-19
2.2176504808e-02 7.8475997035e-05 7.7121456366e-19
2.4589868274e-02 7.8475997035e-05 1.4215675532e-18
2.7265866600e-02 7.8475997035e-05 2.6096957417e-18
3.0233081086e-02 7.8475997035e-05 4.7529589463e-18
3.3523203403e-02 7.8475997035e-05 8.5481504395e-18
3.7171374071e-02 7.8475997035e-05 1.5111347859e-17
4.1216557790e-02 7.8475997035e-05 2.6073484373e-17
4.5701959599e-02 7.8475997035e-05 4.3668895393e-17
5.0675486338e-02 7.8475997035e-05 7.0873172779e-17
5.6190258320e-02 7.8475997035e-05 1.1163812546e-16
6.2305176688e-02 7.8475997035e-05 1.7053051272e-16
6.9085552518e-02 7.8475997035e-05 2.5129990683e-16
7.6603804377e-02 7.8475997035e-05 3.5494706770e-16
8.4940231802e-02 7.8475997035e-05 4.7805004178e-16
9.4183872945e-02 7.8475997035e-05 6.1119021955e-16
1.0443345556e-01 7.8475997035e-05 7.3677210061e-16
1.1579845146e-01 7.8475997035e-05 8.2842073382e-16
1.2840024578e-01 7.8475997035e-05 8.5358213488e-16
1.4237343339e-01 7.8475997035e-05 7.8343696593e-16
1.5786725650e-01 7.8475997035e-05 6.1173687546e-16
1.7504719864e-01 7.8475997035e-05 3.7575421854e-16
1.9409675211e-01 7.8475997035e-05 1.6046665597e-16
2.1521937781e-01 7.8475997035e-05 3.8592507906e-17
2.3864067833e-01 7.8475997035e-05 3.9361742815e-18
2.6461080752e-01 7.8475997035e-05 1.0263772445e-19
2.9340714225e-01 7.8475997035e-05 2.8056482189e-22
3.2533724503e-01 7.8475997035e-05 1.7763816902e-26
3.6074214893e-01 7.8475997035e-05 2.1456245185e-33
4.0000000000e-01 7.8475997035e-05 6.8174718342e-45
2.0000000000e-02 1.4384498883e-04 1.4020099825e-18
2.2176504808e-02 1.4384498883e-04 2.5911407936e-18
2.4589868274e-02 1.4384498883e-04 4.7762086606e-18
2.7265866600e-02 1.4384498883e-04 8.7681034747e-18
3.0233081086e-02 1.4384498883e-04 1.5969078382e-17
3.3523203403e-02 1.4384498883e-04 2.8720232160e-17
3.7171374071e-02 1.4384498883e-04 5.0771382868e-17
4.1216557790e-02 1.4384498883e-04 8.7602169583e-17
4.5701959599e-02 1.4384498883e-04 1.4671955328e-16
5.0675486338e-02 1.4384498883e-04 2.3812098191e-16
5.6190258320e-02 1.4384498883e-04 3.7508381537e-16
6.2305176688e-02 1.4384498883e-04 5.7295153499e-16
6.9085552518e-02 1.4384498883e-04 8.4432202232e-16
7.6603804377e-02 1.4384498883e-04 1.1925576487e-15
8.4940231802e-02 1.4384498883e-04 1.6061612721e-15
9.4183872945e-02 1.4384498883e-04 2.0534880760e-15
1.0443345556e-01 1.4384498883e-04 2.4754203765e-15
1.1579845146e-01 1.4384498883e-04 2.7833431302e-15
1.2840024578e-01 1.4384498883e-04 2.8678808656e-15
1.4237343339e-01 1.4384498883e-04 2.6322058443e-15
1.5786725650e-01 1.4384498883e-04 2.0553247406e-15
1.7504719864e-01 1.4384498883e-04 1.2624658946e-15
1.9409675211e-01 1.4384498883e-04 5.3913880505e-16
2.1521937781e-01 1.4384498883e-04 1.2966381378e-16
2.3864067833e-01 1.4384498883e-04 1.3224830329e-17
2.6461080752e-01 1.4384498883e-04 3.4484410346e-19
2.9340714225e-01 1.4384498883e-04 9.4264681908e-22
3.2533724503e-01 1.4384498883e-04 9.1147390638e-28
3.6074214893e-01 1.4384498883e-04 7.2089084927e-33
4.0000000000e-01 1.4384498883e-04 2.2905466535e-44
2.0000000000e-02 2.6366508987e-04 4.7104987767e-18
2.2176504808e-02 2.6366508987e-04 8.7057622208e-18
2.4589868274e-02 2.6366508987e-04 1.6047193197e-17
2.7265866600e-02 2.6366508987e-04 2.9459234390e-17
3.0233081086e-02 2.6366508987e-04 5.3653201562e-17
3.3523203403e-02 2.6366508987e-04 9.6494761199e-17
3.7171374071e-02 2.6366508987e-04 1.7058262058e-16
4.1216557790e-02 2.6366508987e-04 2.9432737128e-16
4.5701959599e-02 2.6366508987e-04 4.9295103807e-16
5.0675486338e-02 2.6366508987e-04 8.0004322937e-16
5.6190258320e-02 2.6366508987e-04 1.2602134618e-15
6.2305176688e-02 2.6366508987e-04 1.9250130444e-15
6.9085552518e-02 2.6366508987e-04 2.8367685701e-15
7.6603804377e-02 2.6366508987e-04 4.0067769956e-15
8.4940231802e-02 2.6366508987e-04 5.3964100128e-15
9.4183872945e-02 2.6366508987e-04 6.8993467885e-15
1.0443345556e-01 2.6366508987e-04 8.3169626470e-15
1.1579845146e-01 2.6366508987e-04 9.3515271460e-15
1.2840024578e-01 2.6366508987e-04 9.6355585752e-15
1.4237343339e-01 2.6366508987e-04 8.8437333289e-15
1.5786725650e-01 2.6366508987e-04 6.9055176476e-15
1.7504719864e-01 2.6366508987e-04 4.2416559984e-15
1.9409675211e-01 2.6366508987e-04 1.8114084161e-15
2.1521937781e-01 2.6366508987e-04 4.3564685259e-16
2.3864067833e-01 2.6366508987e-04 4.4433026772e-17
2.6461080752e-01 2.6366508987e-04 1.1586135247e-18
2.9340714225e-01 2.6366508987e-04 3.1671220202e-21
3.2533724503e-01 2.6366508987e-04 2.0052469620e-25
3.6074214893e-01 2.6366508987e-04 2.4220622578e-32
4.0000000000e-01 2.6366508987e-04 7.6958205319e-44
2.0000000000e-02 4.8329302386e-04 1.5826419928e-17
2.2176504808e-02 4.8329302386e-04 2.9249779105e-17
2.4589868274e-02 4.8329302386e-04 5.3915653147e-17
2.7265866600e-02 4.8329302386e-04 9.8977674405e-17
3.0233081086e-02 4.8329302386e-04 1.8026500772e-16
3.3523203403e-02 4.8329302386e-04 3.2420486321e-16
3.7171374071e-02 4.8329302386e-04 5.7312660794e-16
4.1216557790e-02 4.8329302386e-04 9.8888648419e-16
4.5701959599e-02 4.8329302386e-04 1.6562259120e-15
5.0675486338e-02 4.8329302386e-04 2.6879998718e-15
5.6190258320e-02 4.8329302386e-04 4.2340882334e-15
6.2305176688e-02 4.8329302386e-04 6.4676940280e-15
6.9085552518e-02 4.8329302386e-04 9.5310269158e-15
7.6603804377e-02 4.8329302386e-04 1.3462042619e-14
8.4940231802e-02 4.8329302386e-04 1.8130957041e-14
9.4183872945e-02 4.8329302386e-04 2.3180551504e-14
1.0443345556e-01 4.8329302386e-04 2.7943483188e-14
1.1579845146e-01 4.8329302386e-04 3.1419431910e-14
1.2840024578e-01 4.8329302386e-04 3.2373725899e-14
1.4237343339e-01 4.8329302386e-04 2.9713336957e-14
1.5786725650e-01 4.8329302386e-04 2.3201284469e-14
1.7504719864e-01 4.8329302386e-04 1.4251193388e-14
1.9409675211e-01 4.8329302386e-04 6.0860031202e-15
2.1521937781e-01 4.8329302386e-04 1.4636942617e-15
2.3864067833e-01 4.8329302386e-04 1.4928689586e-16
2.6461080752e-01 4.8329302386e-04 3.8927309071e-18
2.9340714225e-01 4.8329302386e-04 1.0640954479e-20
3.2533724503e-01 4.8329302386e-04 6.7372654115e-25
3.6074214893e-01 4.8329302386e-04 8.1376890642e-32
4.0000000000e-01 4.8329302386e-04 2.5856558551e-43
2.0000000000e-02 8.8586679041e-04 5.3173895079e-17
2.2176504808e-02 8.8586679041e-04 9.8273942708e-17
2.4589868274e-02 8.8586679041e-04 1.8114679736e-16
2.7265866600e-02 8.8586679041e-04 3.3254700040e-16
3.0233081086e-02 8.8586679041e-04 6.0565766933e-16
3.3523203403e-02 8.8586679041e-04 1.0892694279e-15
3.7171374071e-02 8.8586679041e-04 1.9256012577e-15
4.1216557790e-02 8.8586679041e-04 3.3224788926e-15
4.5701959599e-02 8.8586679041e-04 5.5646181052e-15
5.0675486338e-02 8.8586679041e-04 9.0311911229e-15
5.6190258320e-02 8.8586679041e-04 1.4225767072e-14
6.2305176688e-02 8.8586679041e-04 2.1730276665e-14
6.9085552518e-02 8.8586679041e-04 3.2022518519e-14
7.6603804377e-02 8.8586679041e-04 4.5230016962e-14
8.4940231802e-02 8.8586679041e-04 6.0916721015e-14
9.4183872945e-02 8.8586679041e-04 7.7882440828e-14
1.0443345556e-01 8.8586679041e-04 9.3885025797e-14
1.1579845146e-01 8.8586679041e-04 1.0556358188e-13
1.2840024578e-01 8.8586679041e-04 1.0876983627e-13
1.4237343339e-01 8.8586679041e-04 9.9831412856e-14
1.5786725650e-01 8.8586679041e-04 7.7952099823e-14
1.7504719864e-01 8.8586679041e-04 4.7881420145e-14
1.9409675211e-01 8.8586679041e-04 2.0447864574e-14
2.1521937781e-01 8.8586679041e-04 4.9177467460e-15
2.3864067833e-01 8.8586679041e-04 5.0157684263e-16
2.6461080752e-01 8.8586679041e-04 1.3078868485e-17
2.9340714225e-01 8.8586679041e-04 3.5751673440e-20
3.2533724503e-01 8.8586679041e-04 2.2635987529e-24
3.6074214893e-01 8.8586679041e-04 2.7341156526e-31
4.0000000000e-01 8.8586679041e-04 8.6873338240e-43
2.0000000000e-02 1.6237767392e-03 1.7865462504e-16
2.2176504808e-02 1.6237767392e-03 3.3018258978e-16
2.4589868274e-02 1.6237767392e-03 6.0862032227e-16
2.7265866600e-02 1.6237767392e-03 1.1172974930e-15
3.0233081086e-02 1.6237767392e-03 2.0348997126e-15
3.3523203403e-02 1.6237767392e-03 3.6597473426e-15
3.7171374071e-02 1.6237767392e-03 6.4696703178e-15
4.1216557790e-02 1.6237767392e-03 1.1162925339e-14
4.5701959599e-02 1.6237767392e-03 1.8696105666e-14
5.0675486338e-02 1.6237767392e-03 3.0343161082e-14
5.6190258320e-02 1.6237767392e-03 4.7795992346e-14
6.2305176688e-02 1.6237767392e-03 7.3009780906e-14
6.9085552518e-02 1.6237767392e-03 1.0758984329e-13
7.6603804377e-02 1.6237767392e-03 1.5196463808e-13
8.4940231802e-02 1.6237767392e-03 2.0466911321e-13
9.4183872945e-02 1.6237767392e-03 2.6167084887e-13
1.0443345556e-01 1.6237767392e-03 3.1543662648e-13
1.1579845146e-01 1.6237767392e-03 3.5467445275e-13
1.2840024578e-01 1.6237767392e-03 3.6544688490e-13
1.4237343339e-01 1.6237767392e-03 3.3541540646e-13
1.5786725650e-01 1.6237767392e-03 2.6190489044e-13
1.7504719864e-01 1.6237767392e-03 1.6087287098e-13
1.9409675211e-01 1.6237767392e-03 6.8701109310e-14
2.1521937781e-01 1.6237767392e-03 1.6522735445e-14
2.3864067833e-01 1.6237767392e-03 1.6852070478e-15
2.6461080752e-01 1.6237767392e-03 4.3942621501e-17
2.9340714225e-01 1.6237767392e-03 1.2011912619e-19
3.2533724503e-01 1.6237767392e-03 7.6052804828e-24
3.6074214893e-01 1.6237767392e-03 9.1861317664e-31
4.0000000000e-01 1.6237767392e-03 2.9187863041e-42
2.0000000000e-02 2.9763514416e-03 6.0024707614e-16
2.2176504808e-02 2.9763514416e-03 1.1093535029e-15
2.4589868274e-02 2.9763514416e-03 2.0448536882e-15
2.7265866600e-02 2.9763514416e-03 3.7539165482e-15
3.0233081086e-02 2.9763514416e-03 6.8368932653e-15
3.3523203403e-02 2.9763514416e-03 1.2296086045e-14
3.7171374071e-02 2.9763514416e-03 2.1736916640e-14
4.1216557790e-02 2.9763514416e-03 3.7505400683e-14
4.5701959599e-02 2.9763514416e-03 6.2815517699e-14
5.0675486338e-02 2.9763514416e-03 1.0194750747e-13
5.6190258320e-02 2.9763514416e-03 1.6058584910e-13
6.2305176688e-02 2.9763514416e-03 2.4529959697e-13
6.9085552518e-02 2.9763514416e-03 3.6148232291e-13
7.6603804377e-02 2.9763514416e-03 5.1057356988e-13
8.4940231802e-02 2.9763514416e-03 6.8765102919e-13
9.4183872945e-02 2.9763514416e-03 8.7916650303e-13
1.0443345556e-01 2.9763514416e-03 1.0598097458e-12
1.1579845146e-01 2.9763514416e-03 1.1916417120e-12
1.2840024578e-01 2.9763514416e-03 1.2278351266e-12
1.4237343339e-01 2.9763514416e-03 1.1269348161e-12
1.5786725650e-01 2.9763514416e-03 8.7995284017e-13
1.7504719864e-01 2.9763514416e-03 5.4050361368e-13
1.9409675211e-01 2.9763514416e-03 2.3082324335e-13
2.1521937781e-01 2.9763514416e-03 5.5513388686e-14
2.3864067833e-01 2.9763514416e-03 5.6619894555e-15
2.6461080752e-01 2.9763514416e-03 1.4763922327e-16
2.9340714225e-01 2.9763514416e-03 4.0357843671e-19
3.2533724503e-01 2.9763514416e-03 2.5552360438e-23
3.6074214893e-01 2.9763514416e-03 3.0863733489e-30
4.0000000000e-01 2.9763514416e-03 9.8065915983e-42
2.0000000000e-02 5.4555947812e-03 2.0167211027e-15
2.2176504808e-02 5.4555947812e-03 3.7272261851e-15
2.4589868274e-02 5.4555947812e-03 6.8703368143e-15
2.7265866600e-02 5.4555947812e-03 1.2612477464e-14
3.0233081086e-02 5.4555947812e-03 2.2970719014e-14
3.3523203403e-02 5.4555947812e-03 4.1312614743e-14
3.7171374071e-02 5.4555947812e-03 7.3032090014e-14
4.1216557790e-02 5.4555947812e-03 1.2601133105e-13
4.5701959599e-02 5.4555947812e-03 2.1104872503e-13
5.0675486338e-02 5.4555947812e-03 3.4252509983e-13
5.6190258320e-02 5.4555947812e-03 5.3953927231e-13
6.2305176688e-02 5.4555947812e-03 8.2416207150e-13
6.9085552518e-02 5.4555947812e-03 1.2145149187e-12
7.6603804377e-02 5.4555947812e-03 1.7154344166e-12
8.4940231802e-02 5.4555947812e-03 2.3103825025e-12
9.4183872945e-02 5.4555947812e-03 2.9538396936e-12
1.0443345556e-01 5.4555947812e-03 3.5607681640e-12
1.1579845146e-01 5.4555947812e-03 4.0036996148e-12
1.2840024578e-01 5.4555947812e-03 4.1253029108e-12
1.4237343339e-01 5.4555947812e-03 3.7862962027e-12
1.5786725650e-01 5.4555947812e-03 2.9564816435e-12
1.7504719864e-01 5.4555947812e-03 1.8159939250e-12
1.9409675211e-01 5.4555947812e-03 7.7552415390e-13
2.1521937781e-01 5.4555947812e-03 1.8651489844e-13
2.3864067833e-01 5.4555947812e-03 1.9023255709e-14
2.6461080752e-01 5.4555947812e-03 4.9604096210e-16
2.9340714225e-01 5.4555947812e-03 1.3559502116e-18
3.2533724503e-01 5.4555947812e-03 8.5851287859e-23
3.6074214893e-01 5.4555947812e-03 1.0369653616e-29
4.0000000000e-01 5.4555947812e-03 3.2948365778e-41
2.0000000000e-02 1.0000000000e-02 4.2306902543e-14
2.2176504808e-02 1.0000000000e-02 1.2522802694e-14
2.4589868274e-02 1.0000000000e-02 2.3083083261e-14
2.7265866600e-02 1.0000000000e-02 4.2375632418e-14
3.0233081086e-02 1.0000000000e-02 7.7177441793e-14
3.3523203403e-02 1.0000000000e-02 1.3880287847e-13
3.7171374071e-02 1.0000000000e-02 2.4537455152e-13
4.1216557790e-02 1.0000000000e-02 4.2337517434e-13
4.5701959599e-02 1.0000000000e-02 7.0908536565e-13
5.0675486338e-02 1.0000000000e-02 1.1508220939e-12
5.6190258320e-02 1.0000000000e-02 1.8127539133e-12
6.2305176688e-02 1.0000000000e-02 2.7690347987e-12
6.9085552518e-02 1.0000000000e-02 4.0805494328e-12
7.6603804377e-02 1.0000000000e-02 5.7635479217e-12
8.4940231802e-02 1.0000000000e-02 7.7624653801e-12
9.4183872945e-02 1.0000000000e-02 9.9243646172e-12
1.0443345556e-01 1.0000000000e-02 1.1963533991e-11
1.1579845146e-01 1.0000000000e-02 1.3451703178e-11
1.2840024578e-01 1.0000000000e-02 1.3860268156e-11
1.4237343339e-01 1.0000000000e-02 1.2721267219e-11
1.5786725650e-01 1.0000000000e-02 9.9332410887e-12
1.7504719864e-01 1.0000000000e-02 6.1014095971e-12
1.9409675211e-01 1.0000000000e-02 2.6056202337e-12
2.1521937781e-01 1.0000000000e-02 6.2665616645e-13
2.3864067833e-01 1.0000000000e-02 6.3914682397e-14
2.6461080752e-01 1.0000000000e-02 1.6666074952e-15
2.9340714225e-01 1.0000000000e-02 4.5557463162e-18
3.2533724503e-01 1.0000000000e-02 2.8844472685e-22
3.6074214893e-01 1.0000000000e-02 3.4840151841e-29
4.0000000000e-01 1.0000000000e-02 9.6733246722e-40
