2.0000000000e-02 1.0000000000e-07 4.2429950187e-24
2.2176504808e-02 1.0000000000e-07 1.2603828702e-24
2.4589868274e-02 1.0000000000e-07 2.3343008529e-24
2.7265866600e-02 1.0000000000e-07 4.3202629213e-24
3.0233081086e-02 1.0000000000e-07 7.9758760081e-24
3.3523203403e-02 1.0000000000e-07 1.4662825216e-23
3.7171374071e-02 1.0000000000e-07 2.6834375215e-23
4.1216557790e-02 1.0000000000e-07 4.8746544284e-23
4.5701959599e-02 1.0000000000e-07 8.7593443146e-23
5.0675486338e-02 1.0000000000e-07 1.5491930248e-22
5.6190258320e-02 1.0000000000e-07 2.6826407996e-22
6.2305176688e-02 1.0000000000e-07 4.5105367663e-22
6.9085552518e-02 1.0000000000e-07 7.2863582204e-22
7.6603804377e-02 1.0000000000e-07 1.1228586080e-21
8.4940231802e-02 1.0000000000e-07 1.6352535781e-21
9.4183872945e-02 1.0000000000e-07 2.2354212974e-21
1.0443345556e-01 1.0000000000e-07 2.8500695241e-21
1.1579845146e-01 1.0000000000e-07 3.3579194175e-21
1.2840024578e-01 1.0000000000e-07 3.6095371636e-21
1.4237343339e-01 1.0000000000e-07 3.4859151009e-21
1.5786725650e-01 1.0000000000e-07 2.9587707619e-21
1.7504719864e-01 1.0000000000e-07 2.1331438021e-21
1.9409675211e-01 1.0000000000e-07 1.2419263924e-21
2.1521937781e-01 1.0000000000e-07 5.3998407015e-22
2.3864067833e-01 1.0000000000e-07 1.6105289660e-22
2.6461080752e-01 1.0000000000e-07 2.8223744892e-23
2.9340714225e-01 1.0000000000e-07 2.2455028341e-24
3.2533724503e-01 1.0000000000e-07 5.4438031241e-26
3.6074214893e-01 1.0000000000e-07 2.1971966479e-28
4.0000000000e-01 1.0000000000e-07 4.6862526549e-31
2.0000000000e-02 1.8329807108e-07 1.4255692253e-23
2.2176504808e-02 1.8329807108e-07 4.2346574149e-24
2.4589868274e-02 1.8329807108e-07 7.8428266913e-24
2.7265866600e-02 1.8329807108e-07 1.4515298364e-23
3.0233081086e-02 1.8329807108e-07 2.6797494061e-23
3.3523203403e-02 1.8329807108e-07 4.9264428289e-23
3.7171374071e-02 1.8329807108e-07 9.0158624549e-23
4.1216557790e-02 1.8329807108e-07 1.6377953088e-22
4.5701959599e-02 1.8329807108e-07 2.9429805204e-22
5.0675486338e-02 1.8329807108e-07 5.2050070536e-22
5.6190258320e-02 1.8329807108e-07 9.0131856140e-22
6.2305176688e-02 1.8329807108e-07 1.5154583908e-21
6.9085552518e-02 1.8329807108e-07 2.4480839589e-21
7.6603804377e-02 1.8329807108e-07 3.7726008839e-21
8.4940231802e-02 1.8329807108e-07 5.4941548743e-21
9.4183872945e-02 1.8329807108e-07 7.5106093525e-21
1.0443345556e-01 1.8329807108e-07 9.5757157042e-21
1.1579845146e-01 1.8329807108e-07 1.1281999063e-20
1.2840024578e-01 1.8329807108e-07 1.2127388967e-20
1.4237343339e-01 1.8329807108e-07 1.1712041301e-20
1.5786725650e-01 1.8329807108e-07 9.9409321108e-21
1.7504719864e-01 1.8329807108e-07 7.1669755537e-21
1.9409675211e-01 1.8329807108e-07 4.1726470036e-21
2.1521937781e-01 1.8329807108e-07 1.8142483532e-21
2.3864067833e-01 1.8329807108e-07 5.4110846706e-22
2.6461080752e-01 1.8329807108e-07 9.4826654196e-23
2.9340714225e-01 1.8329807108e-07 7.5444814841e-24
3.2533724503e-01 1.8329807108e-07 1.8290189283e-25
3.6074214893e-01 1.8329807108e-07 7.3821814760e-28
4.0000000000e-01 1.8329807108e-07 1.5744957364e-30
2.0000000000e-02 3.3598182863e-07 4.7896535514e-23
2.2176504808e-02 3.3598182863e-07 1.4227679419e-23
2.4589868274e-02 3.3598182863e-07 2.6350472533e-23
2.7265866600e-02 3.3598182863e-07 4.8768764876e-23
3.0233081086e-02 3.3598182863e-07 9.0034710573e-23
3.3523203403e-02 3.3598182863e-07 1.6551952703e-22
3.7171374071e-02 3.3598182863e-07 3.0291659543e-22
4.1216557790e-02 3.3598182863e-07 5.5026946276e-22
4.5701959599e-02 3.3598182863e-07 9.8878797686e-22
5.0675486338e-02 3.3598182863e-07 1.7487877879e-21
5.6190258320e-02 3.3598182863e-07 3.0282665844e-21
6.2305176688e-02 3.3598182863e-07 5.0916648136e-21
6.9085552518e-02 3.3598182863e-07 8.2251172515e-21
7.6603804377e-02 3.3598182863e-07 1.2675253437e-20
8.4940231802e-02 3.3598182863e-07 1.8459362014e-20
9.4183872945e-02 3.3598182863e-07 2.5234282644e-20
1.0443345556e-01 3.3598182863e-07 3.2172664727e-20
1.1579845146e-01 3.3598182863e-07 3.7905466757e-20
1.2840024578e-01 3.3598182863e-07 4.0745823217e-20
1.4237343339e-01 3.3598182863e-07 3.9350330531e-20
1.5786725650e-01 3.3598182863e-07 3.3399725489e-20
1.7504719864e-01 3.3598182863e-07 2.4079735523e-20
1.9409675211e-01 3.3598182863e-07 1.4019335705e-20
2.1521937781e-01 3.3598182863e-07 6.0955447929e-21
2.3864067833e-01 3.3598182863e-07 1.8180261225e-21
2.6461080752e-01 3.3598182863e-07 3.1860032680e-22
2.9340714225e-01 3.3598182863e-07 2.5348086851e-23
3.2533724503e-01 3.3598182863e-07 6.1451712414e-25
3.6074214893e-01 3.3598182863e-07 2.4802788316e-27
4.0000000000e-01 3.3598182863e-07 5.2900195668e-30
2.0000000000e-02 6.1584821107e-07 2.5793507674e-23
2.2176504808e-02 6.1584821107e-07 4.7802417482e-23
2.4589868274e-02 6.1584821107e-07 8.8532799470e-23
2.7265866600e-02 6.1584821107e-07 1.6385418803e-22
3.0233081086e-02 6.1584821107e-07 3.0250026698e-22
3.3523203403e-02 6.1584821107e-07 5.5611553365e-22
3.7171374071e-02 6.1584821107e-07 1.0177447165e-21
4.1216557790e-02 6.1584821107e-07 1.8488054034e-21
4.5701959599e-02 6.1584821107e-07 3.3221479259e-21
5.0675486338e-02 6.1584821107e-07 5.8756091886e-21
5.6190258320e-02 6.1584821107e-07 1.0174425446e-20
6.2305176688e-02 6.1584821107e-07 1.7107068548e-20
6.9085552518e-02 6.1584821107e-07 2.7634899349e-20
7.6603804377e-02 6.1584821107e-07 4.2586548280e-20
8.4940231802e-02 6.1584821107e-07 6.2020102049e-20
9.4183872945e-02 6.1584821107e-07 8.4782604268e-20
1.0443345556e-01 6.1584821107e-07 1.0809430727e-19
1.1579845146e-01 6.1584821107e-07 1.2735548036e-19
1.2840024578e-01 6.1584821107e-07 1.3689856194e-19
1.4237343339e-01 6.1584821107e-07 1.3220996009e-19
1.5786725650e-01 6.1584821107e-07 1.1221700845e-19
1.7504719864e-01 6.1584821107e-07 8.0903535738e-20
1.9409675211e-01 6.1584821107e-07 4.7102420463e-20
2.1521937781e-01 6.1584821107e-07 2.0479922860e-20
2.3864067833e-01 6.1584821107e-07 6.1082374113e-21
2.6461080752e-01 6.1584821107e-07 1.0704392040e-21
2.9340714225e-01 6.1584821107e-07 8.5164965723e-23
3.2533724503e-01 6.1584821107e-07 2.0646658709e-24
3.6074214893e-01 6.1584821107e-07 8.3332861734e-27
4.0000000000e-01 6.1584821107e-07 2.1400889746e-30
2.0000000000e-02 1.1288378917e-06 8.6661498751e-23
2.2176504808e-02 1.1288378917e-06 1.6060743639e-22
2.4589868274e-02 1.1288378917e-06 2.9745411860e-22
2.7265866600e-02 1.1288378917e-06 5.5052029722e-22
3.0233081086e-02 1.1288378917e-06 1.0163459286e-21
3.3523203403e-02 1.1288378917e-06 1.8684471393e-21
3.7171374071e-02 1.1288378917e-06 3.4194373094e-21
4.1216557790e-02 1.1288378917e-06 6.2116502020e-21
4.5701959599e-02 1.1288378917e-06 1.1161813351e-20
5.0675486338e-02 1.1288378917e-06 1.9740979195e-20
5.6190258320e-02 1.1288378917e-06 3.4184220666e-20
6.2305176688e-02 1.1288378917e-06 5.7476641734e-20
6.9085552518e-02 1.1288378917e-06 9.2848240171e-20
7.6603804377e-02 1.1288378917e-06 1.4308306366e-19
8.4940231802e-02 1.1288378917e-06 2.0837627298e-19
9.4183872945e-02 1.1288378917e-06 2.8485414418e-19
1.0443345556e-01 1.1288378917e-06 3.6317723020e-19
1.1579845146e-01 1.1288378917e-06 4.2789127177e-19
1.2840024578e-01 1.1288378917e-06 4.5995429176e-19
1.4237343339e-01 1.1288378917e-06 4.4420144154e-19
1.5786725650e-01 1.1288378917e-06 3.7702875703e-19
1.7504719864e-01 1.1288378917e-06 2.7182117880e-19
1.9409675211e-01 1.1288378917e-06 1.5825557360e-19
2.1521937781e-01 1.1288378917e-06 6.8808819327e-20
2.3864067833e-01 1.1288378917e-06 2.0522567751e-20
2.6461080752e-01 1.1288378917e-06 3.5964812119e-21
2.9340714225e-01 1.1288378917e-06 2.8613880919e-22
3.2533724503e-01 1.1288378917e-06 6.9369021482e-24
3.6074214893e-01 1.1288378917e-06 2.7998327270e-26
4.0000000000e-01 1.1288378917e-06 7.1903100711e-30
2.0000000000e-02 2.0691380811e-06 2.9116688822e-22
2.2176504808e-02 2.0691380811e-06 5.3961180168e-22
2.4589868274e-02 2.0691380811e-06 9.9939178699e-22
2.7265866600e-02 2.0691380811e-06 1.8496481616e-21
3.0233081086e-02 2.0691380811e-06 3.4147376362e-21
3.3523203403e-02 2.0691380811e-06 3.9259281890e-20
3.7171374071e-02 2.0691380811e-06 1.1488688001e-20
4.1216557790e-02 2.0691380811e-06 2.0870015937e-20
4.5701959599e-02 2.0691380811e-06 3.7501664605e-20
5.0675486338e-02 2.0691380811e-06 6.6326102889e-20
5.6190258320e-02 2.0691380811e-06 1.1485276969e-19
6.2305176688e-02 2.0691380811e-06 1.9311107193e-19
6.9085552518e-02 2.0691380811e-06 3.1195321518e-19
7.6603804377e-02 2.0691380811e-06 4.8073309374e-19
8.4940231802e-02 2.0691380811e-06 7.0010641239e-19
9.4183872945e-02 2.0691380811e-06 9.5705816253e-19
1.0443345556e-01 2.0691380811e-06 1.2202094992e-18
1.1579845146e-01 2.0691380811e-06 1.4376369194e-18
1.2840024578e-01 2.0691380811e-06 1.5453628403e-18
1.4237343339e-01 2.0691380811e-06 1.4924361261e-18
1.5786725650e-01 2.0691380811e-06 1.2667481123e-18
1.7504719864e-01 2.0691380811e-06 9.1326976712e-19
1.9409675211e-01 2.0691380811e-06 5.3170997008e-19
2.1521937781e-01 2.0691380811e-06 2.3118512943e-19
2.3864067833e-01 2.0691380811e-06 6.8952098413e-20
2.6461080752e-01 2.0691380811e-06 1.2083523342e-20
2.9340714225e-01 2.0691380811e-06 9.6137440353e-22
3.2533724503e-01 2.0691380811e-06 2.3306730688e-23
3.6074214893e-01 2.0691380811e-06 9.4069291948e-26
4.0000000000e-01 2.0691380811e-06 2.4158135261e-29
2.0000000000e-02 3.7926901907e-06 9.7826783541e-22
2.2176504808e-02 3.7926901907e-06 1.8129975988e-21
2.4589868274e-02 3.7926901907e-06 3.3577748011e-21
2.7265866600e-02 3.7926901907e-06 6.2144817165e-21
3.0233081086e-02 3.7926901907e-06 1.1472897953e-20
3.3523203403e-02 3.7926901907e-06 2.1091739294e-20
3.7171374071e-02 3.7926901907e-06 3.8599904031e-20
4.1216557790e-02 3.7926901907e-06 7.0119461179e-20
4.5701959599e-02 3.7926901907e-06 1.2599877851e-19
5.0675486338e-02 3.7926901907e-06 2.2284365334e-19
5.6190258320e-02 3.7926901907e-06 3.8588443585e-19
6.2305176688e-02 3.7926901907e-06 6.4881811076e-19
6.9085552518e-02 3.7926901907e-06 1.0481061168e-18
7.6603804377e-02 3.7926901907e-06 1.6151758392e-18
8.4940231802e-02 3.7926901907e-06 2.3522303267e-18
9.4183872945e-02 3.7926901907e-06 3.2155415155e-18
1.0443345556e-01 3.7926901907e-06 4.0996821885e-18
1.1579845146e-01 3.7926901907e-06 4.8301988110e-18
1.2840024578e-01 3.7926901907e-06 5.1921383298e-18
1.4237343339e-01 3.7926901907e-06 5.0143141875e-18
1.5786725650e-01 3.7926901907e-06 4.2560434719e-18
1.7504719864e-01 3.7926901907e-06 3.0684204639e-18
1.9409675211e-01 3.7926901907e-06 1.7864488805e-18
2.1521937781e-01 3.7926901907e-06 7.7674002538e-19
2.3864067833e-01 3.7926901907e-06 2.3166652112e-19
2.6461080752e-01 3.7926901907e-06 4.0598442687e-20
2.9340714225e-01 3.7926901907e-06 3.2300433009e-21
3.2533724503e-01 3.7926901907e-06 7.8306379958e-23
3.6074214893e-01 3.7926901907e-06 3.1605572727e-25
4.0000000000e-01 3.7926901907e-06 8.1166944612e-29
2.0000000000e-02 6.9519279618e-06 3.2868021623e-21
2.2176504808e-02 6.9519279618e-06 6.0913424854e-21
2.4589868274e-02 6.9519279618e-06 1.1281513178e-20
2.7265866600e-02 6.9519279618e-06 2.0879529311e-20
3.0233081086e-02 6.9519279618e-06 3.8546852339e-20
3.3523203403e-02 6.9519279618e-06 7.0864411369e-20
3.7171374071e-02 6.9519279618e-06 1.2968866341e-19
4.1216557790e-02 6.9519279618e-06 2.3558864789e-19
4.5701959599e-02 6.9519279618e-06 4.2333300008e-19
5.0675486338e-02 6.9519279618e-06 7.4871418149e-19
5.6190258320e-02 6.9519279618e-06 1.2965015840e-18
6.2305176688e-02 6.9519279618e-06 2.1799109530e-18
6.9085552518e-02 6.9519279618e-06 3.5214460972e-18
7.6603804377e-02 6.9519279618e-06 5.4266973200e-18
8.4940231802e-02 6.9519279618e-06 7.9030664651e-18
9.4183872945e-02 6.9519279618e-06 1.0803635184e-17
1.0443345556e-01 6.9519279618e-06 1.3774187185e-17
1.1579845146e-01 6.9519279618e-06 1.6228590291e-17
1.2840024578e-01 6.9519279618e-06 1.7444641305e-17
1.4237343339e-01 6.9519279618e-06 1.6847184500e-17
1.5786725650e-01 6.9519279618e-06 1.4299532684e-17
1.7504719864e-01 6.9519279618e-06 1.0309335185e-17
1.9409675211e-01 6.9519279618e-06 6.0021436162e-18
2.1521937781e-01 6.9519279618e-06 2.6097053410e-18
2.3864067833e-01 6.9519279618e-06 7.7835741399e-19
2.6461080752e-01 6.9519279618e-06 1.3640339014e-19
2.9340714225e-01 6.9519279618e-06 1.0852358548e-20
3.2533724503e-01 6.9519279618e-06 2.6309520731e-22
3.6074214893e-01 6.9519279618e-06 1.0618898120e-24
4.0000000000e-01 6.9519279618e-06 2.7270618475e-28
2.0000000000e-02 1.2742749857e-05 1.1043058008e-20
2.2176504808e-02 1.2742749857e-05 2.0465803870e-20
2.4589868274e-02 1.2742749857e-05 3.7903834272e-20
2.7265866600e-02 1.2742749857e-05 7.0151424387e-20
3.0233081086e-02 1.2742749857e-05 1.2951041937e-19
3.3523203403e-02 1.2742749857e-05 2.3809154517e-19
3.7171374071e-02 1.2742749857e-05 4.3573034285e-19
4.1216557790e-02 1.2742749857e-05 7.9153504724e-19
4.5701959599e-02 1.2742749857e-05 1.4223219549e-18
5.0675486338e-02 1.2742749857e-05 2.5155435982e-18
5.6190258320e-02 1.2742749857e-05 4.3560097300e-18
6.2305176688e-02 1.2742749857e-05 7.3241046823e-18
6.9085552518e-02 1.2742749857e-05 1.1831418992e-17
7.6603804377e-02 1.2742749857e-05 1.8232716890e-17
8.4940231802e-02 1.2742749857e-05 2.6552867227e-17
9.4183872945e-02 1.2742749857e-05 3.6298251050e-17
1.0443345556e-01 1.2742749857e-05 4.6278765983e-17
1.1579845146e-01 1.2742749857e-05 5.4525114422e-17
1.2840024578e-01 1.2742749857e-05 5.8610824855e-17
1.4237343339e-01 1.2742749857e-05 5.6603478557e-17
1.5786725650e-01 1.2742749857e-05 4.8043831398e-17
1.7504719864e-01 1.2742749857e-05 3.4637492873e-17
1.9409675211e-01 1.2742749857e-05 2.0166111878e-17
2.1521937781e-01 1.2742749857e-05 8.7681357264e-18
2.3864067833e-01 1.2742749857e-05 2.6151394728e-18
2.6461080752e-01 1.2742749857e-05 4.5829060449e-19
2.9340714225e-01 1.2742749857e-05 3.6461952699e-20
3.2533724503e-01 1.2742749857e-05 8.8395208857e-22
3.6074214893e-01 1.2742749857e-05 3.5677568082e-24
4.0000000000e-01 1.2742749857e-05 9.1624322631e-28
2.0000000000e-02 2.3357214691e-05 3.7102668233e-20
2.2176504808e-02 2.3357214691e-05 6.8761382088e-20
2.4589868274e-02 2.3357214691e-05 1.2734999551e-19
2.7265866600e-02 2.3357214691e-05 2.3569603847e-19
3.0233081086e-02 2.3357214691e-05 4.3513147525e-19
3.3523203403e-02 2.3357214691e-05 7.9994432726e-19
3.7171374071e-02 2.3357214691e-05 1.4639747738e-18
4.1216557790e-02 2.3357214691e-05 2.6594139259e-18
4.5701959599e-02 2.3357214691e-05 4.7787433129e-18
5.0675486338e-02 2.3357214691e-05 8.4517693810e-18
5.6190258320e-02 2.3357214691e-05 1.4635401146e-17
6.2305176688e-02 2.3357214691e-05 2.4607660842e-17
6.9085552518e-02 2.3357214691e-05 3.9751417881e-17
7.6603804377e-02 2.3357214691e-05 6.1258615616e-17
8.4940231802e-02 2.3357214691e-05 8.9212808863e-17
9.4183872945e-02 2.3357214691e-05 1.2195552764e-16
1.0443345556e-01 2.3357214691e-05 1.5548824421e-16
1.1579845146e-01 2.3357214691e-05 1.8319447650e-16
1.2840024578e-01 2.3357214691e-05 1.9692172112e-16
1.4237343339e-01 2.3357214691e-05 1.9017740232e-16
1.5786725650e-01 2.3357214691e-05 1.6141854327e-16
1.7504719864e-01 2.3357214691e-05 1.1637568194e-16
1.9409675211e-01 2.3357214691e-05 6.7754471452e-17
2.1521937781e-01 2.3357214691e-05 2.9459342750e-17
2.3864067833e-01 2.3357214691e-05 8.7863934219e-18
2.6461080752e-01 2.3357214691e-05 1.5397731534e-18
2.9340714225e-01 2.3357214691e-05 1.2250553543e-19
3.2533724503e-01 2.3357214691e-05 2.9699183914e-21
3.6074214893e-01 2.3357214691e-05 1.1987014565e-23
4.0000000000e-01 2.3357214691e-05 3.0784107464e-27
2.0000000000e-02 4.2813323987e-05 1.2465822320e-19
2.2176504808e-02 4.2813323987e-05 2.3102574893e-19
2.4589868274e-02 4.2813323987e-05 4.2787284366e-19
2.7265866600e-02 4.2813323987e-05 7.9189586004e-19
3.0233081086e-02 4.2813323987e-05 1.4619626875e-18
3.3523203403e-02 4.2813323987e-05 2.6876675787e-18
3.7171374071e-02 4.2813323987e-05 4.9186892157e-18
4.1216557790e-02 4.2813323987e-05 8.9351475392e-18
4.5701959599e-02 4.2813323987e-05 1.6055709168e-17
5.0675486338e-02 4.2813323987e-05 2.8396409318e-17
5.6190258320e-02 4.2813323987e-05 4.9172288398e-17
6.2305176688e-02 4.2813323987e-05 8.2677268881e-17
6.9085552518e-02 4.2813323987e-05 1.3355754070e-16
7.6603804377e-02 4.2813323987e-05 2.0581781694e-16
8.4940231802e-02 4.2813323987e-05 2.9973882659e-16
9.4183872945e-02 4.2813323987e-05 4.0974841187e-16
1.0443345556e-01 4.2813323987e-05 5.2241224622e-16
1.1579845146e-01 4.2813323987e-05 6.1550015208e-16
1.2840024578e-01 4.2813323987e-05 6.6162119959e-16
1.4237343339e-01 4.2813323987e-05 6.3896151396e-16
1.5786725650e-01 4.2813323987e-05 5.4233697344e-16
1.7504719864e-01 4.2813323987e-05 3.9100114428e-16
1.9409675211e-01 4.2813323987e-05 2.2764271216e-16
2.1521937781e-01 4.2813323987e-05 9.8978038474e-17
2.3864067833e-01 4.2813323987e-05 2.9520685289e-17
2.6461080752e-01 4.2813323987e-05 5.1733579975e-18
2.9340714225e-01 4.2813323987e-05 4.1159633811e-19
3.2533724503e-01 4.2813323987e-05 9.9783861201e-21
3.6074214893e-01 4.2813323987e-05 4.0274190734e-23
4.0000000000e-01 4.2813323987e-05 1.0342900719e-26
2.0000000000e-02 7.8475997035e-05 4.1882897783e-19
2.2176504808e-02 7.8475997035e-05 7.7620453585e-19
2.4589868274e-02 7.8475997035e-05 1.4375750043e-18
2.7265866600e-02 7.8475997035e-05 2.6606261914e-18
3.0233081086e-02 7.8475997035e-05 4.9119289713e-18
3.3523203403e-02 7.8475997035e-05 9.0300746785e-18
3.7171374071e-02 7.8475997035e-05 1.6525901971e-17
4.1216557790e-02 7.8475997035e-05 3.0020472093e-17
4.5701959599e-02 7.8475997035e-05 5.3944265262e-17
5.0675486338e-02 7.8475997035e-05 9.5406775291e-17
5.6190258320e-02 7.8475997035e-05 1.6520995374e-16
6.2305176688e-02 7.8475997035e-05 2.7778059985e-16
6.9085552518e-02 7.8475997035e-05 4.4872906752e-16
7.6603804377e-02 7.8475997035e-05 6.9151046499e-16
8.4940231802e-02 7.8475997035e-05 1.0070679907e-15
9.4183872945e-02 7.8475997035e-05 1.3766802070e-15
1.0443345556e-01 7.8475997035e-05 1.7552102178e-15
1.1579845146e-01 7.8475997035e-05 2.0679686662e-15
1.2840024578e-01 7.8475997035e-05 2.2229270050e-15
1.4237343339e-01 7.8475997035e-05 2.1467945788e-15
1.5786725650e-01 7.8475997035e-05 1.8221536807e-15
1.7504719864e-01 7.8475997035e-05 1.3136927945e-15
1.9409675211e-01 7.8475997035e-05 7.6483814707e-16
2.1521937781e-01 7.8475997035e-05 3.3254822361e-16
2.3864067833e-01 7.8475997035e-05 9.9184138259e-17
2.6461080752e-01 7.8475997035e-05 1.7381542801e-17
2.9340714225e-01 7.8475997035e-05 1.3828889034e-18
3.2533724503e-01 7.8475997035e-05 3.3525564154e-20
3.6074214893e-01 7.8475997035e-05 1.3531396249e-22
4.0000000000e-01 7.8475997035e-05 3.4750266967e-26
2.0000000000e-02 1.4384498883e-04 1.4071892586e-18
2.2176504808e-02 1.4384498883e-04 2.6079061934e-18
2.4589868274e-02 1.4384498883e-04 4.8299907875e-18
2.7265866600e-02 1.4384498883e-04 8.9392205308e-18
3.0233081086e-02 1.4384498883e-04 1.6503188779e-17
3.3523203403e-02 1.4384498883e-04 3.0339410031e-17
3.7171374071e-02 1.4384498883e-04 5.5524027641e-17
4.1216557790e-02 1.4384498883e-04 1.0086333110e-16
4.5701959599e-02 1.4384498883e-04 1.8124292887e-16
5.0675486338e-02 1.4384498883e-04 3.2054942826e-16
5.6190258320e-02 1.4384498883e-04 5.5507542364e-16
6.2305176688e-02 1.4384498883e-04 9.3329233894e-16
6.9085552518e-02 1.4384498883e-04 1.5076481266e-15
7.6603804377e-02 1.4384498883e-04 2.3233495054e-15
8.4940231802e-02 1.4384498883e-04 3.3835654506e-15
9.4183872945e-02 1.4384498883e-04 4.6253953338e-15
1.0443345556e-01 1.4384498883e-04 5.8971873861e-15
1.1579845146e-01 1.4384498883e-04 6.9479989400e-15
1.2840024578e-01 1.4384498883e-04 7.4686308004e-15
1.4237343339e-01 1.4384498883e-04 7.2128396829e-15
1.5786725650e-01 1.4384498883e-04 6.1221052568e-15
1.7504719864e-01 1.4384498883e-04 4.4137690735e-15
1.9409675211e-01 1.4384498883e-04 2.5697171926e-15
2.1521937781e-01 1.4384498883e-04 1.1173016027e-15
2.3864067833e-01 1.4384498883e-04 3.3324068143e-16
2.6461080752e-01 1.4384498883e-04 5.8398825348e-17
2.9340714225e-01 1.4384498883e-04 4.6462554254e-18
3.2533724503e-01 1.4384498883e-04 1.6970669644e-21
3.6074214893e-01 1.4384498883e-04 4.5463032558e-22
4.0000000000e-01 1.4384498883e-04 1.1675458241e-25
2.0000000000e-02 2.6366508987e-04 4.7279002032e-18
2.2176504808e-02 2.6366508987e-04 8.7620909177e-18
2.4589868274e-02 2.6366508987e-04 1.6227891370e-17
2.7265866600e-02 2.6366508987e-04 3.0034156605e-17
3.0233081086e-02 2.6366508987e-04 5.5447715440e-17
3.3523203403e-02 2.6366508987e-04 1.0193490462e-16
3.7171374071e-02 2.6366508987e-04 1.8655064340e-16
4.1216557790e-02 2.6366508987e-04 3.3888246425e-16
4.5701959599e-02 2.6366508987e-04 6.0894330667e-16
5.0675486338e-02 2.6366508987e-04 1.0769878307e-15
5.6190258320e-02 2.6366508987e-04 1.8649525586e-15
6.2305176688e-02 2.6366508987e-04 3.1356926668e-15
6.9085552518e-02 2.6366508987e-04 5.0654237452e-15
7.6603804377e-02 2.6366508987e-04 7.8060321538e-15
8.4940231802e-02 2.6366508987e-04 1.1368165074e-14
9.4183872945e-02 2.6366508987e-04 1.5540487824e-14
1.0443345556e-01 2.6366508987e-04 1.9813478017e-14
1.1579845146e-01 2.6366508987e-04 2.3344013892e-14
1.2840024578e-01 2.6366508987e-04 2.5093242337e-14
1.4237343339e-01 2.6366508987e-04 2.4233830663e-14
1.5786725650e-01 2.6366508987e-04 2.0569161192e-14
1.7504719864e-01 2.6366508987e-04 1.4829462045e-14
1.9409675211e-01 2.6366508987e-04 8.6337828141e-15
2.1521937781e-01 2.6366508987e-04 3.7539303562e-15
2.3864067833e-01 2.6366508987e-04 1.1196281352e-15
2.6461080752e-01 2.6366508987e-04 1.9620944130e-16
2.9340714225e-01 2.6366508987e-04 1.5610573941e-17
3.2533724503e-01 2.6366508987e-04 3.7844927157e-19
3.6074214893e-01 2.6366508987e-04 1.5274752814e-21
4.0000000000e-01 2.6366508987e-04 3.9227418099e-25
2.0000000000e-02 4.8329302386e-04 1.5884885558e-17
2.2176504808e-02 4.8329302386e-04 2.9439033291e-17
2.4589868274e-02 4.8329302386e-04 5.4522766174e-17
2.7265866600e-02 4.8329302386e-04 1.0090930857e-16
3.0233081086e-02 4.8329302386e-04 1.8629424827e-16
3.3523203403e-02 4.8329302386e-04 3.4248275655e-16
3.7171374071e-02 4.8329302386e-04 6.2677626300e-16
4.1216557790e-02 4.8329302386e-04 1.1385835003e-15
4.5701959599e-02 4.8329302386e-04 2.0459388571e-15
5.0675486338e-02 4.8329302386e-04 3.6184834077e-15
5.6190258320e-02 4.8329302386e-04 6.2659017095e-15
6.2305176688e-02 4.8329302386e-04 1.0535357562e-14
6.9085552518e-02 4.8329302386e-04 1.7018903327e-14
7.6603804377e-02 4.8329302386e-04 2.6226849574e-14
8.4940231802e-02 4.8329302386e-04 3.8194968897e-14
9.4183872945e-02 4.8329302386e-04 5.2213215168e-14
1.0443345556e-01 4.8329302386e-04 6.6569685758e-14
1.1579845146e-01 4.8329302386e-04 7.8431644749e-14
1.2840024578e-01 4.8329302386e-04 8.4308734465e-14
1.4237343339e-01 4.8329302386e-04 8.1421267407e-14
1.5786725650e-01 4.8329302386e-04 6.9108643907e-14
1.7504719864e-01 4.8329302386e-04 4.9824297753e-14
1.9409675211e-01 4.8329302386e-04 2.9007941379e-14
2.1521937781e-01 4.8329302386e-04 1.2612523856e-14
2.3864067833e-01 4.8329302386e-04 3.7617470825e-15
2.6461080752e-01 4.8329302386e-04 6.5922806883e-16
2.9340714225e-01 4.8329302386e-04 5.2448691786e-17
3.2533724503e-01 4.8329302386e-04 1.2715207831e-18
3.6074214893e-01 4.8329302386e-04 5.1320393822e-21
4.0000000000e-01 4.8329302386e-04 1.3179699665e-24
2.0000000000e-02 8.8586679041e-04 5.3370328974e-17
2.2176504808e-02 8.8586679041e-04 9.8909802382e-17
2.4589868274e-02 8.8586679041e-04 1.8318658681e-16
2.7265866600e-02 8.8586679041e-04 3.3903694020e-16
3.0233081086e-02 8.8586679041e-04 6.2591482196e-16
3.3523203403e-02 8.8586679041e-04 1.1506798282e-15
3.7171374071e-02 8.8586679041e-04 2.1058543498e-15
4.1216557790e-02 8.8586679041e-04 3.8254336647e-15
4.5701959599e-02 8.8586679041e-04 6.8739827846e-15
5.0675486338e-02 8.8586679041e-04 1.2157446722e-14
5.6190258320e-02 8.8586679041e-04 2.1052291144e-14
6.2305176688e-02 8.8586679041e-04 3.5396886990e-14
6.9085552518e-02 8.8586679041e-04 5.7180422610e-14
7.6603804377e-02 8.8586679041e-04 8.8117448789e-14
8.4940231802e-02 8.8586679041e-04 1.2832815494e-13
9.4183872945e-02 8.8586679041e-04 1.7542691511e-13
1.0443345556e-01 8.8586679041e-04 2.2366204752e-13
1.1579845146e-01 8.8586679041e-04 2.6351607425e-13
1.2840024578e-01 8.8586679041e-04 2.8326202775e-13
1.4237343339e-01 8.8586679041e-04 2.7356066313e-13
1.5786725650e-01 8.8586679041e-04 2.3219248554e-13
1.7504719864e-01 8.8586679041e-04 1.6740058669e-13
1.9409675211e-01 8.8586679041e-04 9.7461411892e-14
2.1521937781e-01 8.8586679041e-04 4.2375788288e-14
2.3864067833e-01 8.8586679041e-04 1.2638786636e-14
2.6461080752e-01 8.8586679041e-04 2.2148865205e-15
2.9340714225e-01 8.8586679041e-04 1.7621807376e-16
3.2533724503e-01 8.8586679041e-04 4.2720787783e-18
3.6074214893e-01 8.8586679041e-04 1.7242719762e-20
4.0000000000e-01 8.8586679041e-04 4.4281395943e-24
2.0000000000e-02 1.6237767392e-03 1.7931460723e-16
2.2176504808e-02 1.6237767392e-03 3.3231896274e-16
2.4589868274e-02 1.6237767392e-03 6.1547364417e-16
2.7265866600e-02 1.6237767392e-03 1.1391025114e-15
3.0233081086e-02 1.6237767392e-03 2.1029600645e-15
3.3523203403e-02 1.6237767392e-03 3.8660751284e-15
3.7171374071e-02 1.6237767392e-03 7.0752879528e-15
4.1216557790e-02 1.6237767392e-03 1.2852761980e-14
4.5701959599e-02 1.6237767392e-03 2.3095333059e-14
5.0675486338e-02 1.6237767392e-03 4.0846811811e-14
5.6190258320e-02 1.6237767392e-03 7.0731872752e-14
6.2305176688e-02 1.6237767392e-03 1.1892710819e-13
6.9085552518e-02 1.6237767392e-03 1.9211582950e-13
7.6603804377e-02 1.6237767392e-03 2.9605861578e-13
8.4940231802e-02 1.6237767392e-03 4.3115928162e-13
9.4183872945e-02 1.6237767392e-03 5.8940255728e-13
1.0443345556e-01 1.6237767392e-03 7.5146383721e-13
1.1579845146e-01 1.6237767392e-03 8.8536612500e-13
1.2840024578e-01 1.6237767392e-03 9.5170894064e-13
1.4237343339e-01 1.6237767392e-03 9.1911411838e-13
1.5786725650e-01 1.6237767392e-03 7.8012455885e-13
1.7504719864e-01 1.6237767392e-03 5.6243555230e-13
1.9409675211e-01 1.6237767392e-03 3.2745263388e-13
2.1521937781e-01 1.6237767392e-03 1.4237494839e-13
2.3864067833e-01 1.6237767392e-03 4.2464026457e-14
2.6461080752e-01 1.6237767392e-03 7.4416162336e-15
2.9340714225e-01 1.6237767392e-03 5.9206070658e-16
3.2533724503e-01 1.6237767392e-03 1.4353408400e-17
3.6074214893e-01 1.6237767392e-03 5.7932405163e-20
4.0000000000e-01 1.6237767392e-03 1.4877744383e-23
2.0000000000e-02 2.9763514416e-03 6.0246449638e-16
2.2176504808e-02 2.9763514416e-03 1.1165313279e-15
2.4589868274e-02 2.9763514416e-03 2.0678796044e-15
2.7265866600e-02 2.9763514416e-03 3.8271774478e-15
3.0233081086e-02 2.9763514416e-03 7.0655636800e-15
3.3523203403e-02 2.9763514416e-03 1.2989309912e-14
3.7171374071e-02 2.9763514416e-03 2.3771681845e-14
4.1216557790e-02 2.9763514416e-03 4.3182944728e-14
4.5701959599e-02 2.9763514416e-03 7.7596122340e-14
5.0675486338e-02 2.9763514416e-03 1.3723786526e-13
5.6190258320e-02 2.9763514416e-03 2.3764623950e-13
6.2305176688e-02 2.9763514416e-03 3.9957347282e-13
6.9085552518e-02 2.9763514416e-03 6.4547427705e-13
7.6603804377e-02 2.9763514416e-03 9.9470315111e-13
8.4940231802e-02 2.9763514416e-03 1.4486168387e-12
9.4183872945e-02 2.9763514416e-03 1.9802854899e-12
1.0443345556e-01 2.9763514416e-03 2.5247819417e-12
1.1579845146e-01 2.9763514416e-03 2.9746692968e-12
1.2840024578e-01 2.9763514416e-03 3.1975691020e-12
1.4237343339e-01 2.9763514416e-03 3.0880564221e-12
1.5786725650e-01 2.9763514416e-03 2.6210767584e-12
1.7504719864e-01 2.9763514416e-03 1.8896812535e-12
1.9409675211e-01 2.9763514416e-03 1.1001813472e-12
2.1521937781e-01 2.9763514416e-03 4.7835395510e-13
2.3864067833e-01 2.9763514416e-03 1.4267141260e-13
2.6461080752e-01 2.9763514416e-03 2.5002478301e-14
2.9340714225e-01 2.9763514416e-03 1.9892163885e-15
3.2533724503e-01 2.9763514416e-03 4.8224844012e-17
3.6074214893e-01 2.9763514416e-03 1.9464235423e-19
4.0000000000e-01 2.9763514416e-03 4.9986517637e-23
2.0000000000e-02 5.4555947812e-03 2.0241712318e-15
2.2176504808e-02 5.4555947812e-03 3.7513423726e-15
2.4589868274e-02 5.4555947812e-03 6.9476997087e-15
2.7265866600e-02 5.4555947812e-03 1.2858620774e-14
3.0233081086e-02 5.4555947812e-03 2.3739010055e-14
3.3523203403e-02 5.4555947812e-03 4.3641720970e-14
3.7171374071e-02 5.4555947812e-03 7.9868531357e-14
4.1216557790e-02 5.4555947812e-03 1.4508684735e-13
4.5701959599e-02 5.4555947812e-03 2.6070887078e-13
5.0675486338e-02 5.4555947812e-03 4.6109428927e-13
5.6190258320e-02 5.4555947812e-03 7.9844818113e-13
6.2305176688e-02 5.4555947812e-03 1.3424942607e-12
6.9085552518e-02 5.4555947812e-03 2.1686762793e-12
7.6603804377e-02 5.4555947812e-03 3.3420218365e-12
8.4940231802e-02 5.4555947812e-03 4.8670893445e-12
9.4183872945e-02 5.4555947812e-03 6.6533994011e-12
1.0443345556e-01 5.4555947812e-03 8.4828085367e-12
1.1579845146e-01 5.4555947812e-03 9.9943482991e-12
1.2840024578e-01 5.4555947812e-03 1.0743251141e-11
1.4237343339e-01 5.4555947812e-03 1.0375308436e-11
1.5786725650e-01 5.4555947812e-03 8.8063416227e-12
1.7504719864e-01 5.4555947812e-03 6.3489856307e-12
1.9409675211e-01 5.4555947812e-03 3.6964094086e-12
2.1521937781e-01 5.4555947812e-03 1.6071823656e-12
2.3864067833e-01 5.4555947812e-03 4.7935002098e-13
2.6461080752e-01 5.4555947812e-03 8.4003783798e-14
2.9340714225e-01 5.4555947812e-03 6.6834055976e-15
3.2533724503e-01 5.4555947812e-03 1.6202671276e-16
3.6074214893e-01 5.4555947812e-03 6.5396294104e-19
4.0000000000e-01 5.4555947812e-03 1.6794561603e-22
2.0000000000e-02 1.0000000000e-02 4.2429950187e-14
2.2176504808e-02 1.0000000000e-02 1.2603828702e-14
2.4589868274e-02 1.0000000000e-02 2.3343008529e-14
2.7265866600e-02 1.0000000000e-02 4.3202629213e-14
3.0233081086e-02 1.0000000000e-02 7.9758760081e-14
3.3523203403e-02 1.0000000000e-02 1.4662825216e-13
3.7171374071e-02 1.0000000000e-02 2.6834375215e-13
4.1216557790e-02 1.0000000000e-02 4.8746544284e-13
4.5701959599e-02 1.0000000000e-02 8.7593443146e-13
5.0675486338e-02 1.0000000000e-02 1.5491930248e-12
5.6190258320e-02 1.0000000000e-02 2.6826407996e-12
6.2305176688e-02 1.0000000000e-02 4.5105367663e-12
6.9085552518e-02 1.0000000000e-02 7.2863582204e-12
7.6603804377e-02 1.0000000000e-02 1.1228586080e-11
8.4940231802e-02 1.0000000000e-02 1.6352535781e-11
9.4183872945e-02 1.0000000000e-02 2.2354212974e-11
1.0443345556e-01 1.0000000000e-02 2.8500695241e-11
1.1579845146e-01 1.0000000000e-02 3.3579194175e-11
1.2840024578e-01 1.0000000000e-02 3.6095371636e-11
1.4237343339e-01 1.0000000000e-02 3.4859151009e-11
1.5786725650e-01 1.0000000000e-02 2.9587707619e-11
1.7504719864e-01 1.0000000000e-02 2.1331438021e-11
1.9409675211e-01 1.0000000000e-02 1.2419263924e-11
2.1521937781e-01 1.0000000000e-02 5.3998407015e-12
2.3864067833e-01 1.0000000000e-02 1.6105289660e-12
2.6461080752e-01 1.0000000000e-02 2.8223744892e-13
2.9340714225e-01 1.0000000000e-02 2.2455028341e-14
3.2533724503e-01 1.0000000000e-02 5.4438031241e-16
3.6074214893e-01 1.0000000000e-02 2.1971966479e-18
4.0000000000e-01 1.0000000000e-02 4.6862526549e-21
