2.0000000000e-02 1.0000000000e-07 4.2265882476e-24
2.2176504808e-02 1.0000000000e-07 7.8242950006e-24
2.4589868274e-02 1.0000000000e-07 1.4449621539e-23
2.7265866600e-02 1.0000000000e-07 2.6616951088e-23
3.0233081086e-02 1.0000000000e-07 4.8812425798e-23
3.3523203403e-02 1.0000000000e-07 8.8989030693e-23
3.7171374071e-02 1.0000000000e-07 1.6072990867e-22
4.1216557790e-02 1.0000000000e-07 2.8638919023e-22
4.5701959599e-02 1.0000000000e-07 5.0127142394e-22
5.0675486338e-02 1.0000000000e-07 8.5443693923e-22
5.6190258320e-02 1.0000000000e-07 1.4078120649e-21
6.2305176688e-02 1.0000000000e-07 2.2224898700e-21
6.9085552518e-02 1.0000000000e-07 3.3341844569e-21
7.6603804377e-02 1.0000000000e-07 4.7175224999e-21
8.4940231802e-02 1.0000000000e-07 6.2337786338e-21
9.4183872945e-02 1.0000000000e-07 7.5871815144e-21
1.0443345556e-01 1.0000000000e-07 8.3609104932e-21
1.1579845146e-01 1.0000000000e-07 8.1657303514e-21
1.2840024578e-01 1.0000000000e-07 6.8528565466e-21
1.4237343339e-01 1.0000000000e-07 4.7197652982e-21
1.5786725650e-01 1.0000000000e-07 2.4808850101e-21
1.7504719864e-01 1.0000000000e-07 8.9225525226e-22
1.9409675211e-01 1.0000000000e-07 1.8507178278e-22
2.1521937781e-01 1.0000000000e-07 1.7069609434e-23
2.3864067833e-01 1.0000000000e-07 4.9391396424e-25
2.6461080752e-01 1.0000000000e-07 2.6176871489e-27
2.9340714225e-01 1.0000000000e-07 1.0802145276e-30
3.2533724503e-01 1.0000000000e-07 9.5643970094e-36
3.6074214893e-01 1.0000000000e-07 2.4624344494e-43
4.0000000000e-01 1.0000000000e-07 9.1332970376e-55
2.0000000000e-02 1.8329807108e-07 1.4200568483e-23
2.2176504808e-02 1.8329807108e-07 2.6288209420e-23
2.4589868274e-02 1.8329807108e-07 4.8548102677e-23
2.7265866600e-02 1.8329807108e-07 8.9428118990e-23
3.0233081086e-02 1.8329807108e-07 1.6400088079e-22
3.3523203403e-02 1.8329807108e-07 2.9898697260e-22
3.7171374071e-02 1.8329807108e-07 5.4002328631e-22
4.1216557790e-02 1.8329807108e-07 9.6221563834e-22
4.5701959599e-02 1.8329807108e-07 1.6841808965e-21
5.0675486338e-02 1.8329807108e-07 2.8707528529e-21
5.6190258320e-02 1.8329807108e-07 4.7299927192e-21
6.2305176688e-02 1.8329807108e-07 7.4671621063e-21
6.9085552518e-02 1.8329807108e-07 1.1202253908e-20
7.6603804377e-02 1.8329807108e-07 1.5850018361e-20
8.4940231802e-02 1.8329807108e-07 2.0944363447e-20
9.4183872945e-02 1.8329807108e-07 2.5491551193e-20
1.0443345556e-01 1.8329807108e-07 2.8091139965e-20
1.1579845146e-01 1.8329807108e-07 2.7435370156e-20
1.2840024578e-01 1.8329807108e-07 2.3024352739e-20
1.4237343339e-01 1.8329807108e-07 1.5857553756e-20
1.5786725650e-01 1.8329807108e-07 8.3353228230e-21
1.7504719864e-01 1.8329807108e-07 2.9978155126e-21
1.9409675211e-01 1.8329807108e-07 6.2180756007e-22
2.1521937781e-01 1.8329807108e-07 5.7350785915e-23
2.3864067833e-01 1.8329807108e-07 1.6594611689e-24
2.6461080752e-01 1.8329807108e-07 8.7949531507e-27
2.9340714225e-01 1.8329807108e-07 3.6293245228e-30
3.2533724503e-01 1.8329807108e-07 3.2134635969e-35
3.6074214893e-01 1.8329807108e-07 8.2733322920e-43
4.0000000000e-01 1.8329807108e-07 3.0686218401e-54
2.0000000000e-02 3.3598182863e-07 4.7711329664e-23
2.2176504808e-02 3.3598182863e-07 8.8323606724e-23
2.4589868274e-02 3.3598182863e-07 1.6311280314e-22
2.7265866600e-02 3.3598182863e-07 3.0046222949e-22
3.0233081086e-02 3.3598182863e-07 5.5101315826e-22
3.3523203403e-02 3.3598182863e-07 1.0045418979e-21
3.7171374071e-02 3.3598182863e-07 1.8143801124e-21
4.1216557790e-02 3.3598182863e-07 3.2328696971e-21
4.5701959599e-02 3.3598182863e-07 5.6585417736e-21
5.0675486338e-02 3.3598182863e-07 9.6452079305e-21
5.6190258320e-02 3.3598182863e-07 1.5891916032e-20
6.2305176688e-02 3.3598182863e-07 2.5088307791e-20
6.9085552518e-02 3.3598182863e-07 3.7637537528e-20
7.6603804377e-02 3.3598182863e-07 5.3253181528e-20
8.4940231802e-02 3.3598182863e-07 7.0369255302e-20
9.4183872945e-02 3.3598182863e-07 8.5646979845e-20
1.0443345556e-01 3.3598182863e-07 9.4381125737e-20
1.1579845146e-01 3.3598182863e-07 9.2177858340e-20
1.2840024578e-01 3.3598182863e-07 7.7357641361e-20
1.4237343339e-01 3.3598182863e-07 5.3278499084e-20
1.5786725650e-01 3.3598182863e-07 2.8005170043e-20
1.7504719864e-01 3.3598182863e-07 1.0072115378e-20
1.9409675211e-01 3.3598182863e-07 2.0891604109e-21
2.1521937781e-01 3.3598182863e-07 1.9268821925e-22
2.3864067833e-01 3.3598182863e-07 5.5754879807e-24
2.6461080752e-01 3.3598182863e-07 2.9549444423e-26
2.9340714225e-01 3.3598182863e-07 1.2193870898e-29
3.2533724503e-01 3.3598182863e-07 1.0796653755e-34
3.6074214893e-01 3.3598182863e-07 2.7796893123e-42
4.0000000000e-01 3.3598182863e-07 1.0310011772e-53
2.0000000000e-02 6.1584821107e-07 1.6030139787e-22
2.2176504808e-02 6.1584821107e-07 2.9675126898e-22
2.4589868274e-02 6.1584821107e-07 5.4802937871e-22
2.7265866600e-02 6.1584821107e-07 1.0094984930e-21
3.0233081086e-02 6.1584821107e-07 1.8513040851e-21
3.3523203403e-02 6.1584821107e-07 3.3750782379e-21
3.7171374071e-02 6.1584821107e-07 6.0959874797e-21
4.1216557790e-02 6.1584821107e-07 1.0861854725e-20
4.5701959599e-02 6.1584821107e-07 1.9011672125e-20
5.0675486338e-02 6.1584821107e-07 3.2406145980e-20
5.6190258320e-02 6.1584821107e-07 5.3393950088e-20
6.2305176688e-02 6.1584821107e-07 8.4292155290e-20
6.9085552518e-02 6.1584821107e-07 1.2645528684e-19
7.6603804377e-02 6.1584821107e-07 1.7892101310e-19
8.4940231802e-02 6.1584821107e-07 2.3642791076e-19
9.4183872945e-02 6.1584821107e-07 2.8775828905e-19
1.0443345556e-01 6.1584821107e-07 3.1710343213e-19
1.1579845146e-01 6.1584821107e-07 3.0970085404e-19
1.2840024578e-01 6.1584821107e-07 2.5990761803e-19
1.4237343339e-01 6.1584821107e-07 1.7900607549e-19
1.5786725650e-01 6.1584821107e-07 9.4092282420e-20
1.7504719864e-01 6.1584821107e-07 3.3840477429e-20
1.9409675211e-01 6.1584821107e-07 7.0191993514e-21
2.1521937781e-01 6.1584821107e-07 6.4739740259e-22
2.3864067833e-01 6.1584821107e-07 1.8732626472e-23
2.6461080752e-01 6.1584821107e-07 9.9280763721e-26
2.9340714225e-01 6.1584821107e-07 4.0969190425e-29
3.2533724503e-01 6.1584821107e-07 3.6274794718e-34
3.6074214893e-01 6.1584821107e-07 9.3392509817e-42
4.0000000000e-01 6.1584821107e-07 3.4639766083e-53
2.0000000000e-02 1.1288378917e-06 5.3858356787e-22
2.2176504808e-02 1.1288378917e-06 9.9703034000e-22
2.4589868274e-02 1.1288378917e-06 1.8412791280e-21
2.7265866600e-02 1.1288378917e-06 3.3917314967e-21
3.0233081086e-02 1.1288378917e-06 6.2200453186e-21
3.3523203403e-02 1.1288378917e-06 1.1339649581e-20
3.7171374071e-02 1.1288378917e-06 2.0481410207e-20
4.1216557790e-02 1.1288378917e-06 3.6493858129e-20
4.5701959599e-02 1.1288378917e-06 6.3875763657e-20
5.0675486338e-02 1.1288378917e-06 1.0887876185e-19
5.6190258320e-02 1.1288378917e-06 1.7939396988e-19
6.2305176688e-02 1.1288378917e-06 2.8320632473e-19
6.9085552518e-02 1.1288378917e-06 4.2486678511e-19
7.6603804377e-02 1.1288378917e-06 6.0114209162e-19
8.4940231802e-02 1.1288378917e-06 7.9435481795e-19
9.4183872945e-02 1.1288378917e-06 9.6681556158e-19
1.0443345556e-01 1.1288378917e-06 1.0654099099e-18
1.1579845146e-01 1.1288378917e-06 1.0405385927e-18
1.2840024578e-01 1.1288378917e-06 8.7324236780e-19
1.4237343339e-01 1.1288378917e-06 6.0142788578e-19
1.5786725650e-01 1.1288378917e-06 3.1613297107e-19
1.7504719864e-01 1.1288378917e-06 1.1369785488e-19
1.9409675211e-01 1.1288378917e-06 2.3583234336e-20
2.1521937781e-01 1.1288378917e-06 2.1751376317e-21
2.3864067833e-01 1.1288378917e-06 6.2938220972e-23
2.6461080752e-01 1.1288378917e-06 3.3356532543e-25
2.9340714225e-01 1.1288378917e-06 1.3764903517e-28
3.2533724503e-01 1.1288378917e-06 1.2187671862e-33
3.6074214893e-01 1.1288378917e-06 3.1378186229e-41
4.0000000000e-01 1.1288378917e-06 1.1638331952e-52
2.0000000000e-02 2.0691380811e-06 1.8095429200e-21
2.2176504808e-02 2.0691380811e-06 3.3498407683e-21
2.4589868274e-02 2.0691380811e-06 6.1863632844e-21
2.7265866600e-02 2.0691380811e-06 1.1395601505e-20
3.0233081086e-02 2.0691380811e-06 2.0898222003e-20
3.3523203403e-02 2.0691380811e-06 3.7783844435e-20
3.7171374071e-02 2.0691380811e-06 6.8813816544e-20
4.1216557790e-02 2.0691380811e-06 1.2261273188e-19
4.5701959599e-02 2.0691380811e-06 2.1461095879e-19
5.0675486338e-02 2.0691380811e-06 3.6581285506e-19
5.6190258320e-02 2.0691380811e-06 6.0273114046e-19
6.2305176688e-02 2.0691380811e-06 9.5152178863e-19
6.9085552518e-02 2.0691380811e-06 1.4274751939e-18
7.6603804377e-02 2.0691380811e-06 2.0197281921e-18
8.4940231802e-02 2.0691380811e-06 2.6688878431e-18
9.4183872945e-02 2.0691380811e-06 3.2483246033e-18
1.0443345556e-01 2.0691380811e-06 3.5795836977e-18
1.1579845146e-01 2.0691380811e-06 3.4960205913e-18
1.2840024578e-01 2.0691380811e-06 2.9339356757e-18
1.4237343339e-01 2.0691380811e-06 2.0206884085e-18
1.5786725650e-01 2.0691380811e-06 1.0621493371e-18
1.7504719864e-01 2.0691380811e-06 3.8200413194e-19
1.9409675211e-01 2.0691380811e-06 7.9235381972e-20
2.1521937781e-01 2.0691380811e-06 7.3080671902e-21
2.3864067833e-01 2.0691380811e-06 2.1146098573e-22
2.6461080752e-01 2.0691380811e-06 1.1207188800e-24
2.9340714225e-01 2.0691380811e-06 4.6247574544e-28
3.2533724503e-01 2.0691380811e-06 4.0948362791e-33
3.6074214893e-01 2.0691380811e-06 1.0542500388e-40
4.0000000000e-01 2.0691380811e-06 3.9102680514e-52
2.0000000000e-02 3.7926901907e-06 6.0797353925e-21
2.2176504808e-02 3.7926901907e-06 1.1254856270e-20
2.4589868274e-02 3.7926901907e-06 2.0785056489e-20
2.7265866600e-02 3.7926901907e-06 3.8287150319e-20
3.0233081086e-02 3.7926901907e-06 7.0214228436e-20
3.3523203403e-02 3.7926901907e-06 1.2800626126e-19
3.7171374071e-02 3.7926901907e-06 2.3120191917e-19
4.1216557790e-02 3.7926901907e-06 4.1195649870e-19
4.5701959599e-02 3.7926901907e-06 7.2105382376e-19
5.0675486338e-02 3.7926901907e-06 1.2290647198e-18
5.6190258320e-02 3.7926901907e-06 2.0250671074e-18
6.2305176688e-02 3.7926901907e-06 3.1969403052e-18
6.9085552518e-02 3.7926901907e-06 4.7960572595e-18
7.6603804377e-02 3.7926901907e-06 6.7859197130e-18
8.4940231802e-02 3.7926901907e-06 8.9669781794e-18
9.4183872945e-02 3.7926901907e-06 1.0913780402e-17
1.0443345556e-01 3.7926901907e-06 1.2026750765e-17
1.1579845146e-01 3.7926901907e-06 1.1745993912e-17
1.2840024578e-01 3.7926901907e-06 9.8574907340e-18
1.4237343339e-01 3.7926901907e-06 6.7891458659e-18
1.5786725650e-01 3.7926901907e-06 3.5686287656e-18
1.7504719864e-01 3.7926901907e-06 1.2834644679e-18
1.9409675211e-01 3.7926901907e-06 2.6621648527e-19
2.1521937781e-01 3.7926901907e-06 2.4553777783e-20
2.3864067833e-01 3.7926901907e-06 7.1047048669e-22
2.6461080752e-01 3.7926901907e-06 3.7654117869e-24
2.9340714225e-01 3.7926901907e-06 1.5538344665e-27
3.2533724503e-01 3.7926901907e-06 1.3757905810e-32
3.6074214893e-01 3.7926901907e-06 3.5420885587e-40
4.0000000000e-01 3.7926901907e-06 1.3137790103e-51
2.0000000000e-02 6.9519279618e-06 2.0426806148e-20
2.2176504808e-02 6.9519279618e-06 3.7814271904e-20
2.4589868274e-02 6.9519279618e-06 6.9834012872e-20
2.7265866600e-02 6.9519279618e-06 1.2863786777e-19
3.0233081086e-02 6.9519279618e-06 2.3590704866e-19
3.3523203403e-02 6.9519279618e-06 4.3007777734e-19
3.7171374071e-02 6.9519279618e-06 7.7679643586e-19
4.1216557790e-02 6.9519279618e-06 1.3840989775e-18
4.5701959599e-02 6.9519279618e-06 2.4226098225e-18
5.0675486338e-02 6.9519279618e-06 4.1294341205e-18
5.6190258320e-02 6.9519279618e-06 6.8038574985e-18
6.2305176688e-02 6.9519279618e-06 1.0741138498e-17
6.9085552518e-02 6.9519279618e-06 1.6113880883e-17
7.6603804377e-02 6.9519279618e-06 2.2799457141e-17
8.4940231802e-02 6.9519279618e-06 3.0127417260e-17
9.4183872945e-02 6.9519279618e-06 3.6668318966e-17
1.0443345556e-01 6.9519279618e-06 4.0407697145e-17
1.1579845146e-01 6.9519279618e-06 3.9464405135e-17
1.2840024578e-01 6.9519279618e-06 3.3119377625e-17
1.4237343339e-01 6.9519279618e-06 2.2810296428e-17
1.5786725650e-01 6.9519279618e-06 1.1989944184e-17
1.7504719864e-01 6.9519279618e-06 4.3122073891e-18
1.9409675211e-01 6.9519279618e-06 8.9443901532e-19
2.1521937781e-01 6.9519279618e-06 8.2496231592e-20
2.3864067833e-01 6.9519279618e-06 2.3870517330e-21
2.6461080752e-01 6.9519279618e-06 1.2651099377e-23
2.9340714225e-01 6.9519279618e-06 5.2206014543e-27
3.2533724503e-01 6.9519279618e-06 4.6224063520e-32
3.6074214893e-01 6.9519279618e-06 1.1900773911e-39
4.0000000000e-01 6.9519279618e-06 4.4140587431e-51
2.0000000000e-02 1.2742749857e-05 6.8630356825e-20
2.2176504808e-02 1.2742749857e-05 1.2704908223e-19
2.4589868274e-02 1.2742749857e-05 2.3462959345e-19
2.7265866600e-02 1.2742749857e-05 4.3219986044e-19
3.0233081086e-02 1.2742749857e-05 7.9260481594e-19
3.3523203403e-02 1.2742749857e-05 1.4449831808e-18
3.7171374071e-02 1.2742749857e-05 2.6098948699e-18
4.1216557790e-02 1.2742749857e-05 4.6503210546e-18
4.5701959599e-02 1.2742749857e-05 8.1395287821e-18
5.0675486338e-02 1.2742749857e-05 1.3874148270e-17
5.6190258320e-02 1.2742749857e-05 2.2859724841e-17
6.2305176688e-02 1.2742749857e-05 3.6088273540e-17
6.9085552518e-02 1.2742749857e-05 5.4139711652e-17
7.6603804377e-02 1.2742749857e-05 7.6602033020e-17
8.4940231802e-02 1.2742749857e-05 1.0122264743e-16
9.4183872945e-02 1.2742749857e-05 1.2319888859e-16
1.0443345556e-01 1.2742749857e-05 1.3576251977e-16
1.1579845146e-01 1.2742749857e-05 1.3259323003e-16
1.2840024578e-01 1.2742749857e-05 1.1127509057e-16
1.4237343339e-01 1.2742749857e-05 7.6638451056e-17
1.5786725650e-01 1.2742749857e-05 4.0284033719e-17
1.7504719864e-01 1.2742749857e-05 1.4488233240e-17
1.9409675211e-01 1.2742749857e-05 3.0051525596e-18
2.1521937781e-01 1.2742749857e-05 2.7717234745e-19
2.3864067833e-01 1.2742749857e-05 8.0200600630e-21
2.6461080752e-01 1.2742749857e-05 4.2505395029e-23
2.9340714225e-01 1.2742749857e-05 1.7540272232e-26
3.2533724503e-01 1.2742749857e-05 1.5530445388e-31
3.6074214893e-01 1.2742749857e-05 3.9984437808e-39
4.0000000000e-01 1.2742749857e-05 1.4830435282e-50
2.0000000000e-02 2.3357214691e-05 2.3058552786e-19
2.2176504808e-02 2.3357214691e-05 4.2686182972e-19
2.4589868274e-02 2.3357214691e-05 7.8831279858e-19
2.7265866600e-02 2.3357214691e-05 1.4521129944e-18
3.0233081086e-02 2.3357214691e-05 2.6630081544e-18
3.3523203403e-02 2.3357214691e-05 4.8548809143e-18
3.7171374071e-02 2.3357214691e-05 8.7687725092e-18
4.1216557790e-02 2.3357214691e-05 1.5624233716e-17
4.5701959599e-02 2.3357214691e-05 2.7347337644e-17
5.0675486338e-02 2.3357214691e-05 4.6614617065e-17
5.6190258320e-02 2.3357214691e-05 7.6804521539e-17
6.2305176688e-02 2.3357214691e-05 1.2125004136e-16
6.9085552518e-02 2.3357214691e-05 1.8189959322e-16
7.6603804377e-02 2.3357214691e-05 2.5736891131e-16
8.4940231802e-02 2.3357214691e-05 3.4008970182e-16
9.4183872945e-02 2.3357214691e-05 4.1392587874e-16
1.0443345556e-01 2.3357214691e-05 4.5613739653e-16
1.1579845146e-01 2.3357214691e-05 4.4548915890e-16
1.2840024578e-01 2.3357214691e-05 3.7386408412e-16
1.4237343339e-01 2.3357214691e-05 2.5749126929e-16
1.5786725650e-01 2.3357214691e-05 1.3534703314e-16
1.7504719864e-01 2.3357214691e-05 4.8677830977e-17
1.9409675211e-01 2.3357214691e-05 1.0096766523e-17
2.1521937781e-01 2.3357214691e-05 9.3124872143e-19
2.3864067833e-01 2.3357214691e-05 2.6945944457e-20
2.6461080752e-01 2.3357214691e-05 1.4281040348e-22
2.9340714225e-01 2.3357214691e-05 5.8932127391e-26
3.2533724503e-01 2.3357214691e-05 5.2179474410e-31
3.6074214893e-01 2.3357214691e-05 1.3434044531e-38
4.0000000000e-01 2.3357214691e-05 4.9827567653e-50
2.0000000000e-02 4.2813323987e-05 7.7472547304e-19
2.2176504808e-02 4.2813323987e-05 1.4341781812e-18
2.4589868274e-02 4.2813323987e-05 2.6485877560e-18
2.7265866600e-02 4.2813323987e-05 4.8788357925e-18
3.0233081086e-02 4.2813323987e-05 8.9472234936e-18
3.3523203403e-02 4.2813323987e-05 1.6311517674e-17
3.7171374071e-02 4.2813323987e-05 2.9461482225e-17
4.1216557790e-02 4.2813323987e-05 5.2494586149e-17
4.5701959599e-02 4.2813323987e-05 9.1882085097e-17
5.0675486338e-02 4.2813323987e-05 1.5661664282e-16
5.6190258320e-02 4.2813323987e-05 2.5804923594e-16
6.2305176688e-02 4.2813323987e-05 4.0737810617e-16
6.9085552518e-02 4.2813323987e-05 6.1114957958e-16
7.6603804377e-02 4.2813323987e-05 8.6471277453e-16
8.4940231802e-02 4.2813323987e-05 1.1426395991e-15
9.4183872945e-02 4.2813323987e-05 1.3907157365e-15
1.0443345556e-01 4.2813323987e-05 1.5325387659e-15
1.1579845146e-01 4.2813323987e-05 1.4967626224e-15
1.2840024578e-01 4.2813323987e-05 1.2561153864e-15
1.4237343339e-01 4.2813323987e-05 8.6512387512e-16
1.5786725650e-01 4.2813323987e-05 4.5474143692e-16
1.7504719864e-01 4.2813323987e-05 1.6354866665e-16
1.9409675211e-01 4.2813323987e-05 3.3923300796e-17
2.1521937781e-01 4.2813323987e-05 3.1288264833e-18
2.3864067833e-01 4.2813323987e-05 9.0533476927e-20
2.6461080752e-01 4.2813323987e-05 4.7981700509e-22
2.9340714225e-01 4.2813323987e-05 1.9800123926e-25
3.2533724503e-01 4.2813323987e-05 1.7531355229e-30
3.6074214893e-01 4.2813323987e-05 4.5135948475e-38
4.0000000000e-01 4.2813323987e-05 1.6741157296e-49
2.0000000000e-02 7.8475997035e-05 2.6029368112e-18
2.2176504808e-02 7.8475997035e-05 4.8185780790e-18
2.4589868274e-02 7.8475997035e-05 8.8987735754e-18
2.7265866600e-02 7.8475997035e-05 1.6392001711e-17
3.0233081086e-02 7.8475997035e-05 3.0061045105e-17
3.3523203403e-02 7.8475997035e-05 5.4803735357e-17
3.7171374071e-02 7.8475997035e-05 9.8985226720e-17
4.1216557790e-02 7.8475997035e-05 1.7637227047e-16
4.5701959599e-02 7.8475997035e-05 3.0870710969e-16
5.0675486338e-02 7.8475997035e-05 5.2620346049e-16
5.6190258320e-02 7.8475997035e-05 8.6699854166e-16
6.2305176688e-02 7.8475997035e-05 1.3687164106e-15
6.9085552518e-02 7.8475997035e-05 2.0533515331e-15
7.6603804377e-02 7.8475997035e-05 2.9052777923e-15
8.4940231802e-02 7.8475997035e-05 3.8390614198e-15
9.4183872945e-02 7.8475997035e-05 4.6725521627e-15
1.0443345556e-01 7.8475997035e-05 5.1490517701e-15
1.1579845146e-01 7.8475997035e-05 5.0288504290e-15
1.2840024578e-01 7.8475997035e-05 4.2203194449e-15
1.4237343339e-01 7.8475997035e-05 2.9066590155e-15
1.5786725650e-01 7.8475997035e-05 1.5278485953e-15
1.7504719864e-01 7.8475997035e-05 5.4949380092e-16
1.9409675211e-01 7.8475997035e-05 1.1397612635e-16
2.1521937781e-01 7.8475997035e-05 1.0512288433e-17
2.3864067833e-01 7.8475997035e-05 3.0417603130e-19
2.6461080752e-01 7.8475997035e-05 1.6120979478e-21
2.9340714225e-01 7.8475997035e-05 6.6524818436e-25
3.2533724503e-01 7.8475997035e-05 5.8902167882e-30
3.6074214893e-01 7.8475997035e-05 1.5164858506e-37
4.0000000000e-01 7.8475997035e-05 5.6247246417e-49
2.0000000000e-02 1.4384498883e-04 8.7453946962e-18
2.2176504808e-02 1.4384498883e-04 1.6189546744e-17
2.4589868274e-02 1.4384498883e-04 2.9898262184e-17
2.7265866600e-02 1.4384498883e-04 5.5074147099e-17
3.0233081086e-02 1.4384498883e-04 1.0099964905e-16
3.3523203403e-02 1.4384498883e-04 1.8413059221e-16
3.7171374071e-02 1.4384498883e-04 3.3257237481e-16
4.1216557790e-02 1.4384498883e-04 5.9257877953e-16
4.5701959599e-02 1.4384498883e-04 1.0371997922e-15
5.0675486338e-02 1.4384498883e-04 1.7679480089e-15
5.6190258320e-02 1.4384498883e-04 2.9129575545e-15
6.2305176688e-02 1.4384498883e-04 4.5986384249e-15
6.9085552518e-02 1.4384498883e-04 6.8988880292e-15
7.6603804377e-02 1.4384498883e-04 9.7612054531e-15
8.4940231802e-02 1.4384498883e-04 1.2898548760e-14
9.4183872945e-02 1.4384498883e-04 1.5698926200e-14
1.0443345556e-01 1.4384498883e-04 1.7299878294e-14
1.1579845146e-01 1.4384498883e-04 1.6896023630e-14
1.2840024578e-01 1.4384498883e-04 1.4179506445e-14
1.4237343339e-01 1.4384498883e-04 9.7658461123e-15
1.5786725650e-01 1.4384498883e-04 5.1332936492e-15
1.7504719864e-01 1.4384498883e-04 1.8461993205e-15
1.9409675211e-01 1.4384498883e-04 3.8293907350e-16
2.1521937781e-01 1.4384498883e-04 3.5319378909e-17
2.3864067833e-01 1.4384498883e-04 1.0219761922e-18
2.6461080752e-01 1.4384498883e-04 5.4163561643e-21
2.9340714225e-01 1.4384498883e-04 2.2351130147e-24
3.2533724503e-01 1.4384498883e-04 1.9790058075e-29
3.6074214893e-01 1.4384498883e-04 5.0951168916e-37
4.0000000000e-01 1.4384498883e-04 1.8898052707e-48
2.0000000000e-02 2.6366508987e-04 2.9382937021e-17
2.2176504808e-02 2.6366508987e-04 5.4393935196e-17
2.4589868274e-02 2.6366508987e-04 1.0045272801e-16
2.7265866600e-02 2.6366508987e-04 1.8503912652e-16
3.0233081086e-02 2.6366508987e-04 3.3934046779e-16
3.3523203403e-02 2.6366508987e-04 6.1864533077e-16
3.7171374071e-02 2.6366508987e-04 1.1173827464e-15
4.1216557790e-02 2.6366508987e-04 1.9909570195e-15
4.5701959599e-02 2.6366508987e-04 3.4848028285e-15
5.0675486338e-02 2.6366508987e-04 5.9399840494e-15
5.6190258320e-02 2.6366508987e-04 9.7870080587e-15
6.2305176688e-02 2.6366508987e-04 1.5450589472e-14
6.9085552518e-02 2.6366508987e-04 2.3179010155e-14
7.6603804377e-02 2.6366508987e-04 3.2795876578e-14
8.4940231802e-02 2.6366508987e-04 4.3336779992e-14
9.4183872945e-02 2.6366508987e-04 5.2745539321e-14
1.0443345556e-01 2.6366508987e-04 5.8124447444e-14
1.1579845146e-01 2.6366508987e-04 5.6767569158e-14
1.2840024578e-01 2.6366508987e-04 4.7640565045e-14
1.4237343339e-01 2.6366508987e-04 3.2811468349e-14
1.5786725650e-01 2.6366508987e-04 1.7246933871e-14
1.7504719864e-01 2.6366508987e-04 6.2028942372e-15
1.9409675211e-01 2.6366508987e-04 1.2866057017e-15
2.1521937781e-01 2.6366508987e-04 1.1866669512e-16
2.3864067833e-01 2.6366508987e-04 3.4336542987e-18
2.6461080752e-01 2.6366508987e-04 1.8197972486e-20
2.9340714225e-01 2.6366508987e-04 7.5095735788e-24
3.2533724503e-01 2.6366508987e-04 6.6490999007e-29
3.6074214893e-01 2.6366508987e-04 1.7118666903e-36
4.0000000000e-01 2.6366508987e-04 6.3494023059e-48
2.0000000000e-02 4.8329302386e-04 9.8721329108e-17
2.2176504808e-02 4.8329302386e-04 1.8275373813e-16
2.4589868274e-02 4.8329302386e-04 3.3750291249e-16
2.7265866600e-02 4.8329302386e-04 6.2169784097e-16
3.0233081086e-02 4.8329302386e-04 1.1401223089e-15
3.3523203403e-02 4.8329302386e-04 2.0785358950e-15
3.7171374071e-02 4.8329302386e-04 3.7542029841e-15
4.1216557790e-02 4.8329302386e-04 6.6892538015e-15
4.5701959599e-02 4.8329302386e-04 1.1708304267e-14
5.0675486338e-02 4.8329302386e-04 1.9957267029e-14
5.6190258320e-02 4.8329302386e-04 3.2882568643e-14
6.2305176688e-02 4.8329302386e-04 5.1911173042e-14
6.9085552518e-02 4.8329302386e-04 7.7877262178e-14
7.6603804377e-02 4.8329302386e-04 1.1018818584e-13
8.4940231802e-02 4.8329302386e-04 1.4560370589e-13
9.4183872945e-02 4.8329302386e-04 1.7721542753e-13
1.0443345556e-01 4.8329302386e-04 1.9528758140e-13
1.1579845146e-01 4.8329302386e-04 1.9072871693e-13
1.2840024578e-01 4.8329302386e-04 1.6006364161e-13
1.4237343339e-01 4.8329302386e-04 1.1024057136e-13
1.5786725650e-01 4.8329302386e-04 5.7946563804e-14
1.7504719864e-01 4.8329302386e-04 2.0840597486e-14
1.9409675211e-01 4.8329302386e-04 4.3227613637e-15
2.1521937781e-01 4.8329302386e-04 3.9869853223e-16
2.3864067833e-01 4.8329302386e-04 1.1536454502e-17
2.6461080752e-01 4.8329302386e-04 6.1141880731e-20
2.9340714225e-01 4.8329302386e-04 2.5230802632e-23
3.2533724503e-01 4.8329302386e-04 2.2339767434e-28
3.6074214893e-01 4.8329302386e-04 5.7515610098e-36
4.0000000000e-01 4.8329302386e-04 2.1332837974e-47
2.0000000000e-02 8.8586679041e-04 3.3168572678e-16
2.2176504808e-02 8.8586679041e-04 6.1401935127e-16
2.4589868274e-02 8.8586679041e-04 1.1339484571e-15
2.7265866600e-02 8.8586679041e-04 2.0887917746e-15
3.0233081086e-02 8.8586679041e-04 3.8306037822e-15
3.3523203403e-02 8.8586679041e-04 6.9835029089e-15
3.7171374071e-02 8.8586679041e-04 1.2613439836e-14
4.1216557790e-02 8.8586679041e-04 2.2474677244e-14
4.5701959599e-02 8.8586679041e-04 3.9337774779e-14
5.0675486338e-02 8.8586679041e-04 6.7052790709e-14
5.6190258320e-02 8.8586679041e-04 1.1047945543e-13
6.2305176688e-02 8.8586679041e-04 1.7441210845e-13
6.9085552518e-02 8.8586679041e-04 2.6165344955e-13
7.6603804377e-02 8.8586679041e-04 3.7021228172e-13
8.4940231802e-02 8.8586679041e-04 4.8920199358e-13
9.4183872945e-02 8.8586679041e-04 5.9541163403e-13
1.0443345556e-01 8.8586679041e-04 6.5613078708e-13
1.1579845146e-01 8.8586679041e-04 6.4081383085e-13
1.2840024578e-01 8.8586679041e-04 5.3778475004e-13
1.4237343339e-01 8.8586679041e-04 3.7038828754e-13
1.5786725650e-01 8.8586679041e-04 1.9468992469e-13
1.7504719864e-01 8.8586679041e-04 7.0020620531e-14
1.9409675211e-01 8.8586679041e-04 1.4523692677e-14
2.1521937781e-01 8.8586679041e-04 1.3395546193e-15
2.3864067833e-01 8.8586679041e-04 3.8760390793e-17
2.6461080752e-01 8.8586679041e-04 2.0542560894e-19
2.9340714225e-01 8.8586679041e-04 8.4770912061e-23
3.2533724503e-01 8.8586679041e-04 7.5057559135e-28
3.6074214893e-01 8.8586679041e-04 1.9324199855e-35
4.0000000000e-01 8.8586679041e-04 7.1674459124e-47
2.0000000000e-02 1.6237767392e-03 1.1144037701e-15
2.2176504808e-02 1.6237767392e-03 2.0629934445e-15
2.4589868274e-02 1.6237767392e-03 3.8098607617e-15
2.7265866600e-02 1.6237767392e-03 7.0179608007e-15
3.0233081086e-02 1.6237767392e-03 1.2870132635e-14
3.3523203403e-02 1.6237767392e-03 2.3463300775e-14
3.7171374071e-02 1.6237767392e-03 4.2378865815e-14
4.1216557790e-02 1.6237767392e-03 7.5510831582e-14
4.5701959599e-02 1.6237767392e-03 1.3216777504e-13
5.0675486338e-02 1.6237767392e-03 2.2528519237e-13
5.6190258320e-02 1.6237767392e-03 3.7119089461e-13
6.2305176688e-02 1.6237767392e-03 5.8599299132e-13
6.9085552518e-02 1.6237767392e-03 8.7910804448e-13
7.6603804377e-02 1.6237767392e-03 1.2438459939e-12
8.4940231802e-02 1.6237767392e-03 1.6436298037e-12
9.4183872945e-02 1.6237767392e-03 2.0004748959e-12
1.0443345556e-01 1.6237767392e-03 2.2044802166e-12
1.1579845146e-01 1.6237767392e-03 2.1530180270e-12
1.2840024578e-01 1.6237767392e-03 1.8068590373e-12
1.4237343339e-01 1.6237767392e-03 1.2444373415e-12
1.5786725650e-01 1.6237767392e-03 6.5412276914e-13
1.7504719864e-01 1.6237767392e-03 2.3525656128e-13
1.9409675211e-01 1.6237767392e-03 4.8796968240e-14
2.1521937781e-01 1.6237767392e-03 4.5006601054e-15
2.3864067833e-01 1.6237767392e-03 1.3022786977e-16
2.6461080752e-01 1.6237767392e-03 6.9019271738e-19
2.9340714225e-01 1.6237767392e-03 2.8481486049e-22
3.2533724503e-01 1.6237767392e-03 2.5217975971e-27
3.6074214893e-01 1.6237767392e-03 6.4925800042e-35
4.0000000000e-01 1.6237767392e-03 2.4081315842e-46
2.0000000000e-02 2.9763514416e-03 3.7441941653e-15
2.2176504808e-02 2.9763514416e-03 6.9312830994e-15
2.4589868274e-02 2.9763514416e-03 1.2800439855e-14
2.7265866600e-02 2.9763514416e-03 2.3579073031e-14
3.0233081086e-02 2.9763514416e-03 4.3241306974e-14
3.3523203403e-02 2.9763514416e-03 7.8832427002e-14
3.7171374071e-02 2.9763514416e-03 1.4238528832e-13
4.1216557790e-02 2.9763514416e-03 2.5370267276e-13
4.5701959599e-02 2.9763514416e-03 4.4405970745e-13
5.0675486338e-02 2.9763514416e-03 7.5691730896e-13
5.6190258320e-02 2.9763514416e-03 1.2471339554e-12
6.2305176688e-02 2.9763514416e-03 1.9688299679e-12
6.9085552518e-02 2.9763514416e-03 2.9536432834e-12
7.6603804377e-02 2.9763514416e-03 4.1790965157e-12
8.4940231802e-02 2.9763514416e-03 5.5222974705e-12
9.4183872945e-02 2.9763514416e-03 6.7212321364e-12
1.0443345556e-01 2.9763514416e-03 7.4066529435e-12
1.1579845146e-01 2.9763514416e-03 7.2337493378e-12
1.2840024578e-01 2.9763514416e-03 6.0707180341e-12
1.4237343339e-01 2.9763514416e-03 4.1810833362e-12
1.5786725650e-01 2.9763514416e-03 2.1977336412e-12
1.7504719864e-01 2.9763514416e-03 7.9041929654e-13
1.9409675211e-01 2.9763514416e-03 1.6394894621e-13
2.1521937781e-01 2.9763514416e-03 1.5121400123e-14
2.3864067833e-01 2.9763514416e-03 4.3754197824e-16
2.6461080752e-01 2.9763514416e-03 2.3189221129e-18
2.9340714225e-01 2.9763514416e-03 9.5692617648e-22
3.2533724503e-01 2.9763514416e-03 8.4727816809e-27
3.6074214893e-01 2.9763514416e-03 2.1813889023e-34
4.0000000000e-01 2.9763514416e-03 8.0908845325e-46
2.0000000000e-02 5.4555947812e-03 1.2579812024e-14
2.2176504808e-02 5.4555947812e-03 2.3287851705e-14
2.4589868274e-02 5.4555947812e-03 4.3007151899e-14
2.7265866600e-02 5.4555947812e-03 7.9221400742e-14
3.0233081086e-02 5.4555947812e-03 1.4528293389e-13
3.3523203403e-02 5.4555947812e-03 2.6486262979e-13
3.7171374071e-02 5.4555947812e-03 4.7838869539e-13
4.1216557790e-02 5.4555947812e-03 8.5239487922e-13
4.5701959599e-02 5.4555947812e-03 1.4919599253e-12
5.0675486338e-02 5.4555947812e-03 2.5431046158e-12
5.6190258320e-02 5.4555947812e-03 4.1901434688e-12
6.2305176688e-02 5.4555947812e-03 6.6149109286e-12
6.9085552518e-02 5.4555947812e-03 9.9237047149e-12
7.6603804377e-02 5.4555947812e-03 1.4041004894e-11
8.4940231802e-02 5.4555947812e-03 1.8553916024e-11
9.4183872945e-02 5.4555947812e-03 2.2582118638e-11
1.0443345556e-01 5.4555947812e-03 2.4885008000e-11
1.1579845146e-01 5.4555947812e-03 2.4304083303e-11
1.2840024578e-01 5.4555947812e-03 2.0396509462e-11
1.4237343339e-01 5.4555947812e-03 1.4047680249e-11
1.5786725650e-01 5.4555947812e-03 7.3839856762e-12
1.7504719864e-01 5.4555947812e-03 2.6556652064e-12
1.9409675211e-01 5.4555947812e-03 5.5083866749e-13
2.1521937781e-01 5.4555947812e-03 5.0805156646e-14
2.3864067833e-01 5.4555947812e-03 1.4700615395e-15
2.6461080752e-01 5.4555947812e-03 7.7911569194e-18
2.9340714225e-01 5.4555947812e-03 3.2150980663e-21
3.2533724503e-01 5.4555947812e-03 2.8467006827e-26
3.6074214893e-01 5.4555947812e-03 7.3290703235e-34
4.0000000000e-01 5.4555947812e-03 2.7183901805e-45
2.0000000000e-02 1.0000000000e-02 4.2265882476e-14
2.2176504808e-02 1.0000000000e-02 7.8242950006e-14
2.4589868274e-02 1.0000000000e-02 1.4449621539e-13
2.7265866600e-02 1.0000000000e-02 2.6616951088e-13
3.0233081086e-02 1.0000000000e-02 4.8812425798e-13
3.3523203403e-02 1.0000000000e-02 8.8989030693e-13
3.7171374071e-02 1.0000000000e-02 1.6072990867e-12
4.1216557790e-02 1.0000000000e-02 2.8638919023e-12
4.5701959599e-02 1.0000000000e-02 5.0127142394e-12
5.0675486338e-02 1.0000000000e-02 8.5443693923e-12
5.6190258320e-02 1.0000000000e-02 1.4078120649e-11
6.2305176688e-02 1.0000000000e-02 2.2224898700e-11
6.9085552518e-02 1.0000000000e-02 3.3341844569e-11
7.6603804377e-02 1.0000000000e-02 4.7175224999e-11
8.4940231802e-02 1.0000000000e-02 6.2337786338e-11
9.4183872945e-02 1.0000000000e-02 7.5871815144e-11
1.0443345556e-01 1.0000000000e-02 8.3609104932e-11
1.1579845146e-01 1.0000000000e-02 8.1657303514e-11
1.2840024578e-01 1.0000000000e-02 6.8528565466e-11
1.4237343339e-01 1.0000000000e-02 4.7197652982e-11
1.5786725650e-01 1.0000000000e-02 2.4808850101e-11
1.7504719864e-01 1.0000000000e-02 8.9225525226e-12
1.9409675211e-01 1.0000000000e-02 1.8507178278e-12
2.1521937781e-01 1.0000000000e-02 1.7069609434e-13
2.3864067833e-01 1.0000000000e-02 4.9391396424e-15
2.6461080752e-01 1.0000000000e-02 2.6176871489e-17
2.9340714225e-01 1.0000000000e-02 1.0802145276e-20
3.2533724503e-01 1.0000000000e-02 9.5643970094e-26
3.6074214893e-01 1.0000000000e-02 2.4624344494e-33
4.0000000000e-01 1.0000000000e-02 9.1332970376e-45
