2.0000000000e-02 1.0000000000e-07 4.2379012358e-24
2.2176504808e-02 1.0000000000e-07 7.8559498729e-24
2.4589868274e-02 1.0000000000e-07 1.4537830885e-23
2.7265866600e-02 1.0000000000e-07 2.6862087437e-23
3.0233081086e-02 1.0000000000e-07 4.9489293184e-23
3.3523203403e-02 1.0000000000e-07 9.0844496096e-23
3.7171374071e-02 1.0000000000e-07 1.6574991382e-22
4.1216557790e-02 1.0000000000e-07 2.9970464266e-22
4.5701959599e-02 1.0000000000e-07 5.3577852165e-22
5.0675486338e-02 1.0000000000e-07 9.4031584034e-22
5.6190258320e-02 1.0000000000e-07 1.6109870522e-21
6.2305176688e-02 1.0000000000e-07 2.6725360999e-21
6.9085552518e-02 1.0000000000e-07 4.2549154164e-21
7.6603804377e-02 1.0000000000e-07 6.4506786643e-21
8.4940231802e-02 1.0000000000e-07 9.2418687640e-21
9.4183872945e-02 1.0000000000e-07 1.2397777219e-20
1.0443345556e-01 1.0000000000e-07 1.5379970012e-20
1.1579845146e-01 1.0000000000e-07 1.7366803904e-20
1.2840024578e-01 1.0000000000e-07 1.7498050353e-20
1.4237343339e-01 1.0000000000e-07 1.5326729769e-20
1.5786725650e-01 1.0000000000e-07 1.1217394059e-20
1.7504719864e-01 1.0000000000e-07 6.4810279760e-21
1.9409675211e-01 1.0000000000e-07 2.7054054029e-21
2.1521937781e-01 1.0000000000e-07 7.1491001625e-22
2.3864067833e-01 1.0000000000e-07 1.0145204910e-22
2.6461080752e-01 1.0000000000e-07 5.9000334484e-24
2.9340714225e-01 1.0000000000e-07 9.0472163302e-26
3.2533724503e-01 1.0000000000e-07 1.8749209971e-28
3.6074214893e-01 1.0000000000e-07 1.8512970542e-32
4.0000000000e-01 1.0000000000e-07 1.7801781661e-38
2.0000000000e-02 1.8329807108e-07 1.4238578068e-23
2.2176504808e-02 1.8329807108e-07 2.6394564039e-23
2.4589868274e-02 1.8329807108e-07 4.8844470050e-23
2.7265866600e-02 1.8329807108e-07 9.0251732579e-23
3.0233081086e-02 1.8329807108e-07 1.6627503221e-22
3.3523203403e-02 1.8329807108e-07 3.0522099919e-22
3.7171374071e-02 1.8329807108e-07 5.5688959139e-22
4.1216557790e-02 1.8329807108e-07 1.0069531389e-21
4.5701959599e-02 1.8329807108e-07 1.8001184745e-21
5.0675486338e-02 1.8329807108e-07 3.1592903553e-21
5.6190258320e-02 1.8329807108e-07 5.4126237570e-21
6.2305176688e-02 1.8329807108e-07 8.9792356592e-21
6.9085552518e-02 1.8329807108e-07 1.4295742623e-20
7.6603804377e-02 1.8329807108e-07 2.1673108135e-20
8.4940231802e-02 1.8329807108e-07 3.1050999673e-20
9.4183872945e-02 1.8329807108e-07 4.1654278609e-20
1.0443345556e-01 1.8329807108e-07 5.1673904488e-20
1.1579845146e-01 1.8329807108e-07 5.8349305333e-20
1.2840024578e-01 1.8329807108e-07 5.8790269550e-20
1.4237343339e-01 1.8329807108e-07 5.1495026947e-20
1.5786725650e-01 1.8329807108e-07 3.7688405685e-20
1.7504719864e-01 1.8329807108e-07 2.1775076308e-20
1.9409675211e-01 1.8329807108e-07 9.0896705444e-21
2.1521937781e-01 1.8329807108e-07 2.4019677456e-21
2.3864067833e-01 1.8329807108e-07 3.4086044975e-22
2.6461080752e-01 1.8329807108e-07 1.9823040270e-23
2.9340714225e-01 1.8329807108e-07 3.0397002866e-25
3.2533724503e-01 1.8329807108e-07 6.2993938514e-28
3.6074214893e-01 1.8329807108e-07 6.2200216961e-32
4.0000000000e-01 1.8329807108e-07 5.9810751554e-38
2.0000000000e-02 3.3598182863e-07 4.7839034962e-23
2.2176504808e-02 3.3598182863e-07 8.8680938917e-23
2.4589868274e-02 3.3598182863e-07 1.6410854366e-22
2.7265866600e-02 3.3598182863e-07 3.0322942149e-22
3.0233081086e-02 3.3598182863e-07 5.5865389378e-22
3.3523203403e-02 3.3598182863e-07 1.0254870944e-21
3.7171374071e-02 3.3598182863e-07 1.8710478326e-21
4.1216557790e-02 3.3598182863e-07 3.3831795695e-21
4.5701959599e-02 3.3598182863e-07 6.0480709679e-21
5.0675486338e-02 3.3598182863e-07 1.0614641507e-20
5.6190258320e-02 3.3598182863e-07 1.8185432275e-20
6.2305176688e-02 3.3598182863e-07 3.0168600165e-20
6.9085552518e-02 3.3598182863e-07 4.8031097479e-20
7.6603804377e-02 3.3598182863e-07 7.2817705033e-20
8.4940231802e-02 3.3598182863e-07 1.0432571651e-19
9.4183872945e-02 3.3598182863e-07 1.3995080697e-19
1.0443345556e-01 3.3598182863e-07 1.7361492922e-19
1.1579845146e-01 3.3598182863e-07 1.9604306305e-19
1.2840024578e-01 3.3598182863e-07 1.9752462269e-19
1.4237343339e-01 3.3598182863e-07 1.7301393319e-19
1.5786725650e-01 3.3598182863e-07 1.2662619460e-19
1.7504719864e-01 3.3598182863e-07 7.3160299564e-20
1.9409675211e-01 3.3598182863e-07 3.0539641312e-20
2.1521937781e-01 3.3598182863e-07 8.0701751548e-21
2.3864067833e-01 3.3598182863e-07 1.1452291721e-21
2.6461080752e-01 3.3598182863e-07 6.6601813188e-23
2.9340714225e-01 3.3598182863e-07 1.0212840608e-24
3.2533724503e-01 3.3598182863e-07 2.1164818654e-27
3.6074214893e-01 3.3598182863e-07 2.0898142636e-31
4.0000000000e-01 3.3598182863e-07 2.0095325679e-37
2.0000000000e-02 6.1584821107e-07 1.6073046446e-22
2.2176504808e-02 6.1584821107e-07 2.9795184022e-22
2.4589868274e-02 6.1584821107e-07 5.5137488592e-22
2.7265866600e-02 6.1584821107e-07 1.0187957553e-21
3.0233081086e-02 6.1584821107e-07 1.8769755680e-21
3.3523203403e-02 6.1584821107e-07 3.4454502923e-21
3.7171374071e-02 6.1584821107e-07 6.2863807225e-21
4.1216557790e-02 6.1584821107e-07 1.1366868583e-20
4.5701959599e-02 6.1584821107e-07 2.0320419435e-20
5.0675486338e-02 6.1584821107e-07 3.5663266638e-20
5.6190258320e-02 6.1584821107e-07 6.1099747903e-20
6.2305176688e-02 6.1584821107e-07 1.0136101451e-19
6.9085552518e-02 6.1584821107e-07 1.6137575962e-19
7.6603804377e-02 6.1584821107e-07 2.4465425694e-19
8.4940231802e-02 6.1584821107e-07 3.5051545005e-19
9.4183872945e-02 6.1584821107e-07 4.7020928044e-19
1.0443345556e-01 6.1584821107e-07 5.8331461397e-19
1.1579845146e-01 6.1584821107e-07 6.5866906813e-19
1.2840024578e-01 6.1584821107e-07 6.6364683930e-19
1.4237343339e-01 6.1584821107e-07 5.8129537651e-19
1.5786725650e-01 6.1584821107e-07 4.2544100415e-19
1.7504719864e-01 6.1584821107e-07 2.4580531231e-19
1.9409675211e-01 6.1584821107e-07 1.0260764533e-19
2.1521937781e-01 6.1584821107e-07 2.7114322059e-20
2.3864067833e-01 6.1584821107e-07 3.8477619145e-21
2.6461080752e-01 6.1584821107e-07 2.2376998985e-22
2.9340714225e-01 6.1584821107e-07 3.4313288629e-24
3.2533724503e-01 6.1584821107e-07 7.1109944741e-27
3.6074214893e-01 6.1584821107e-07 7.0213961776e-31
4.0000000000e-01 6.1584821107e-07 6.7516642685e-37
2.0000000000e-02 1.1288378917e-06 5.4002515367e-22
2.2176504808e-02 1.1288378917e-06 1.0010640412e-21
2.4589868274e-02 1.1288378917e-06 1.8525194243e-21
2.7265866600e-02 1.1288378917e-06 3.4229686085e-21
3.0233081086e-02 1.1288378917e-06 6.3062968364e-21
3.3523203403e-02 1.1288378917e-06 1.1576086896e-20
3.7171374071e-02 1.1288378917e-06 2.1121096906e-20
4.1216557790e-02 1.1288378917e-06 3.8190612924e-20
4.5701959599e-02 1.1288378917e-06 6.8272916802e-20
5.0675486338e-02 1.1288378917e-06 1.1982209540e-19
5.6190258320e-02 1.1288378917e-06 2.0528405029e-19
6.2305176688e-02 1.1288378917e-06 3.4055459005e-19
6.9085552518e-02 1.1288378917e-06 5.4219322814e-19
7.6603804377e-02 1.1288378917e-06 8.2199384627e-19
8.4940231802e-02 1.1288378917e-06 1.1776682187e-18
9.4183872945e-02 1.1288378917e-06 1.5798177388e-18
1.0443345556e-01 1.1288378917e-06 1.9598311067e-18
1.1579845146e-01 1.1288378917e-06 2.2130083797e-18
1.2840024578e-01 1.1288378917e-06 2.2297327863e-18
1.4237343339e-01 1.1288378917e-06 1.9530468357e-18
1.5786725650e-01 1.1288378917e-06 1.4294044655e-18
1.7504719864e-01 1.1288378917e-06 8.2586118315e-19
1.9409675211e-01 1.1288378917e-06 3.4474304311e-19
2.1521937781e-01 1.1288378917e-06 9.1099195073e-20
2.3864067833e-01 1.1288378917e-06 1.2927780842e-20
2.6461080752e-01 1.1288378917e-06 7.5182650381e-22
2.9340714225e-01 1.1288378917e-06 1.1528641460e-23
3.2533724503e-01 1.1288378917e-06 2.3891649268e-26
3.6074214893e-01 1.1288378917e-06 2.3590615273e-30
4.0000000000e-01 1.1288378917e-06 2.2684365072e-36
2.0000000000e-02 2.0691380811e-06 1.8143863863e-21
2.2176504808e-02 2.0691380811e-06 3.3633932714e-21
2.4589868274e-02 2.0691380811e-06 6.2241286375e-21
2.7265866600e-02 2.0691380811e-06 1.1500552524e-20
3.0233081086e-02 2.0691380811e-06 2.1188011430e-20
3.3523203403e-02 2.0691380811e-06 3.8571605875e-20
3.7171374071e-02 2.0691380811e-06 7.0963047611e-20
4.1216557790e-02 2.0691380811e-06 1.2831351967e-19
4.5701959599e-02 2.0691380811e-06 2.2938459433e-19
5.0675486338e-02 2.0691380811e-06 4.0258046723e-19
5.6190258320e-02 2.0691380811e-06 6.8971710605e-19
6.2305176688e-02 2.0691380811e-06 1.1442015391e-18
6.9085552518e-02 2.0691380811e-06 1.8216707226e-18
7.6603804377e-02 2.0691380811e-06 2.7617499559e-18
8.4940231802e-02 2.0691380811e-06 3.9567512164e-18
9.4183872945e-02 2.0691380811e-06 5.3079005279e-18
1.0443345556e-01 2.0691380811e-06 6.5846763902e-18
1.1579845146e-01 2.0691380811e-06 7.4353060218e-18
1.2840024578e-01 2.0691380811e-06 7.4914969890e-18
1.4237343339e-01 2.0691380811e-06 6.5618824726e-18
1.5786725650e-01 2.0691380811e-06 4.8025392616e-18
1.7504719864e-01 2.0691380811e-06 2.7747435051e-18
1.9409675211e-01 2.0691380811e-06 1.1582739803e-18
2.1521937781e-01 2.0691380811e-06 3.0607674147e-19
2.3864067833e-01 2.0691380811e-06 4.3434994473e-20
2.6461080752e-01 2.0691380811e-06 2.5260004356e-21
2.9340714225e-01 2.0691380811e-06 3.8734140393e-23
3.2533724503e-01 2.0691380811e-06 8.0271600100e-26
3.6074214893e-01 2.0691380811e-06 7.9260180579e-30
4.0000000000e-01 2.0691380811e-06 7.6215344582e-36
2.0000000000e-02 3.7926901907e-06 6.0960085592e-21
2.2176504808e-02 3.7926901907e-06 1.1300390217e-20
2.4589868274e-02 3.7926901907e-06 2.0911941212e-20
2.7265866600e-02 3.7926901907e-06 3.8639766673e-20
3.0233081086e-02 3.7926901907e-06 7.1187868252e-20
3.3523203403e-02 3.7926901907e-06 1.3067525526e-19
3.7171374071e-02 3.7926901907e-06 2.3842294501e-19
4.1216557790e-02 3.7926901907e-06 4.3111010975e-19
4.5701959599e-02 3.7926901907e-06 7.7069055462e-19
5.0675486338e-02 3.7926901907e-06 1.3525972155e-18
5.6190258320e-02 3.7926901907e-06 2.3173241453e-18
6.2305176688e-02 3.7926901907e-06 3.8443092544e-18
6.9085552518e-02 3.7926901907e-06 6.1204826054e-18
7.6603804377e-02 3.7926901907e-06 9.2789780040e-18
8.4940231802e-02 3.7926901907e-06 1.3293965091e-17
9.4183872945e-02 3.7926901907e-06 1.7833581255e-17
1.0443345556e-01 3.7926901907e-06 2.2123316145e-17
1.1579845146e-01 3.7926901907e-06 2.4981277136e-17
1.2840024578e-01 3.7926901907e-06 2.5170068575e-17
1.4237343339e-01 3.7926901907e-06 2.2046732724e-17
1.5786725650e-01 3.7926901907e-06 1.6135659232e-17
1.7504719864e-01 3.7926901907e-06 9.3226339681e-18
1.9409675211e-01 3.7926901907e-06 3.8915900996e-18
2.1521937781e-01 3.7926901907e-06 1.0283622330e-18
2.3864067833e-01 3.7926901907e-06 1.4593368869e-19
2.6461080752e-01 3.7926901907e-06 8.4869024548e-21
2.9340714225e-01 3.7926901907e-06 1.3013967320e-22
3.2533724503e-01 3.7926901907e-06 2.6969798988e-25
3.6074214893e-01 3.7926901907e-06 2.6629980408e-29
4.0000000000e-01 3.7926901907e-06 2.5606970842e-35
2.0000000000e-02 6.9519279618e-06 2.0481481031e-20
2.2176504808e-02 6.9519279618e-06 3.7967257693e-20
2.4589868274e-02 6.9519279618e-06 7.0260322487e-20
2.7265866600e-02 6.9519279618e-06 1.2982259465e-19
3.0233081086e-02 6.9519279618e-06 2.3917830151e-19
3.3523203403e-02 6.9519279618e-06 4.3904511219e-19
3.7171374071e-02 6.9519279618e-06 8.0105777052e-19
4.1216557790e-02 6.9519279618e-06 1.4484516301e-18
4.5701959599e-02 6.9519279618e-06 2.5893802185e-18
5.0675486338e-02 6.9519279618e-06 4.5444808586e-18
5.6190258320e-02 6.9519279618e-06 7.7857880386e-18
6.2305176688e-02 6.9519279618e-06 1.2916180531e-17
6.9085552518e-02 6.9519279618e-06 2.0563709378e-17
7.6603804377e-02 6.9519279618e-06 3.1175679976e-17
8.4940231802e-02 6.9519279618e-06 4.4665307010e-17
9.4183872945e-02 6.9519279618e-06 5.9917592411e-17
1.0443345556e-01 6.9519279618e-06 7.4330322138e-17
1.1579845146e-01 6.9519279618e-06 8.3932551737e-17
1.2840024578e-01 6.9519279618e-06 8.4566856667e-17
1.4237343339e-01 6.9519279618e-06 7.4073015759e-17
1.5786725650e-01 6.9519279618e-06 5.4212882948e-17
1.7504719864e-01 6.9519279618e-06 3.1322356082e-17
1.9409675211e-01 6.9519279618e-06 1.3075035579e-17
2.1521937781e-01 6.9519279618e-06 3.4551102354e-18
2.3864067833e-01 6.9519279618e-06 4.9031067586e-19
2.6461080752e-01 6.9519279618e-06 2.8514450061e-20
2.9340714225e-01 6.9519279618e-06 4.3724565377e-22
3.2533724503e-01 6.9519279618e-06 9.0613623819e-25
3.6074214893e-01 6.9519279618e-06 8.9471895139e-29
4.0000000000e-01 6.9519279618e-06 8.6034768892e-35
2.0000000000e-02 1.2742749857e-05 6.8814054497e-20
2.2176504808e-02 1.2742749857e-05 1.2756308668e-19
2.4589868274e-02 1.2742749857e-05 2.3606191629e-19
2.7265866600e-02 1.2742749857e-05 4.3618032747e-19
3.0233081086e-02 1.2742749857e-05 8.0359563111e-19
3.3523203403e-02 1.2742749857e-05 1.4751117964e-18
3.7171374071e-02 1.2742749857e-05 2.6914085458e-18
4.1216557790e-02 1.2742749857e-05 4.8665342738e-18
4.5701959599e-02 1.2742749857e-05 8.6998470082e-18
5.0675486338e-02 1.2742749857e-05 1.5268629890e-17
5.6190258320e-02 1.2742749857e-05 2.6158833025e-17
6.2305176688e-02 1.2742749857e-05 4.3396019537e-17
6.9085552518e-02 1.2742749857e-05 6.9090326803e-17
7.6603804377e-02 1.2742749857e-05 1.0474461967e-16
8.4940231802e-02 1.2742749857e-05 1.5006731526e-16
9.4183872945e-02 1.2742749857e-05 2.0131222265e-16
1.0443345556e-01 1.2742749857e-05 2.4973637554e-16
1.1579845146e-01 1.2742749857e-05 2.8199812214e-16
1.2840024578e-01 1.2742749857e-05 2.8412927144e-16
1.4237343339e-01 1.2742749857e-05 2.4887187287e-16
1.5786725650e-01 1.2742749857e-05 1.8214543548e-16
1.7504719864e-01 1.2742749857e-05 1.0523742474e-16
1.9409675211e-01 1.2742749857e-05 4.3929743633e-17
2.1521937781e-01 1.2742749857e-05 1.1608542550e-17
2.3864067833e-01 1.2742749857e-05 1.6473547747e-18
2.6461080752e-01 1.2742749857e-05 9.5803370740e-20
2.9340714225e-01 1.2742749857e-05 1.4690659431e-21
3.2533724503e-01 1.2742749857e-05 3.0444531029e-24
3.6074214893e-01 1.2742749857e-05 3.0060930940e-28
4.0000000000e-01 1.2742749857e-05 2.8906118978e-34
2.0000000000e-02 2.3357214691e-05 2.3120271865e-19
2.2176504808e-02 2.3357214691e-05 4.2858879128e-19
2.4589868274e-02 2.3357214691e-05 7.9312514306e-19
2.7265866600e-02 2.3357214691e-05 1.4654866403e-18
3.0233081086e-02 2.3357214691e-05 2.6999352962e-18
3.3523203403e-02 2.3357214691e-05 4.9561075880e-18
3.7171374071e-02 2.3357214691e-05 9.0426436480e-18
4.1216557790e-02 2.3357214691e-05 1.6350670844e-17
4.5701959599e-02 2.3357214691e-05 2.9229905066e-17
5.0675486338e-02 2.3357214691e-05 5.1299821912e-17
5.6190258320e-02 2.3357214691e-05 8.7888925546e-17
6.2305176688e-02 2.3357214691e-05 1.4580273999e-16
6.9085552518e-02 2.3357214691e-05 2.3213094340e-16
7.6603804377e-02 2.3357214691e-05 3.5192288856e-16
8.4940231802e-02 2.3357214691e-05 5.0419890997e-16
9.4183872945e-02 2.3357214691e-05 6.7637248693e-16
1.0443345556e-01 2.3357214691e-05 8.3906884130e-16
1.1579845146e-01 2.3357214691e-05 9.4746244747e-16
1.2840024578e-01 2.3357214691e-05 9.5462272186e-16
1.4237343339e-01 2.3357214691e-05 8.3616426940e-16
1.5786725650e-01 2.3357214691e-05 6.1197556489e-16
1.7504719864e-01 2.3357214691e-05 3.5357862403e-16
1.9409675211e-01 2.3357214691e-05 1.4759595597e-16
2.1521937781e-01 2.3357214691e-05 3.9002593536e-17
2.3864067833e-01 2.3357214691e-05 5.5348126961e-18
2.6461080752e-01 2.3357214691e-05 3.2188191690e-19
2.9340714225e-01 2.3357214691e-05 4.9357946195e-21
3.2533724503e-01 2.3357214691e-05 1.0228809207e-23
3.6074214893e-01 2.3357214691e-05 1.0099926547e-27
4.0000000000e-01 2.3357214691e-05 9.7119307127e-34
2.0000000000e-02 4.2813323987e-05 7.7679912197e-19
2.2176504808e-02 4.2813323987e-05 1.4399804582e-18
2.4589868274e-02 4.2813323987e-05 2.6647563589e-18
2.7265866600e-02 4.2813323987e-05 4.9237688125e-18
3.0233081086e-02 4.2813323987e-05 9.0712919798e-18
3.3523203403e-02 4.2813323987e-05 1.6651620903e-17
3.7171374071e-02 4.2813323987e-05 3.0381639485e-17
4.1216557790e-02 4.2813323987e-05 5.4935282894e-17
4.5701959599e-02 4.2813323987e-05 9.8207169547e-17
5.0675486338e-02 4.2813323987e-05 1.7235807974e-16
5.6190258320e-02 4.2813323987e-05 2.9529081921e-16
6.2305176688e-02 4.2813323987e-05 4.8987071201e-16
6.9085552518e-02 4.2813323987e-05 7.7991778845e-16
7.6603804377e-02 4.2813323987e-05 1.1823969563e-15
8.4940231802e-02 4.2813323987e-05 1.6940167176e-15
9.4183872945e-02 4.2813323987e-05 2.2724886499e-15
1.0443345556e-01 4.2813323987e-05 2.8191188365e-15
1.1579845146e-01 4.2813323987e-05 3.1833016566e-15
1.2840024578e-01 4.2813323987e-05 3.2073588774e-15
1.4237343339e-01 4.2813323987e-05 2.8093600027e-15
1.5786725650e-01 4.2813323987e-05 2.0561266937e-15
1.7504719864e-01 4.2813323987e-05 1.1879599266e-15
1.9409675211e-01 4.2813323987e-05 4.9589559185e-16
2.1521937781e-01 4.2813323987e-05 1.3104162698e-16
2.3864067833e-01 4.2813323987e-05 1.8595964907e-17
2.6461080752e-01 4.2813323987e-05 1.0814647504e-18
2.9340714225e-01 4.2813323987e-05 1.6583373020e-20
3.2533724503e-01 4.2813323987e-05 3.4366940220e-23
3.6074214893e-01 4.2813323987e-05 3.3933917904e-27
4.0000000000e-01 4.2813323987e-05 3.2630322404e-33
2.0000000000e-02 7.8475997035e-05 2.6099038947e-18
2.2176504808e-02 7.8475997035e-05 4.8380726754e-18
2.4589868274e-02 7.8475997035e-05 8.9530971433e-18
2.7265866600e-02 7.8475997035e-05 1.6542968494e-17
3.0233081086e-02 7.8475997035e-05 3.0477892674e-17
3.3523203403e-02 7.8475997035e-05 5.5946420406e-17
3.7171374071e-02 7.8475997035e-05 1.0207678791e-16
4.1216557790e-02 7.8475997035e-05 1.8457256803e-16
4.5701959599e-02 7.8475997035e-05 3.2995824409e-16
5.0675486338e-02 7.8475997035e-05 5.7909182811e-16
5.6190258320e-02 7.8475997035e-05 9.9212349415e-16
6.2305176688e-02 7.8475997035e-05 1.6458765761e-15
6.9085552518e-02 7.8475997035e-05 2.6203820474e-15
7.6603804377e-02 7.8475997035e-05 3.9726389156e-15
8.4940231802e-02 7.8475997035e-05 5.6915883452e-15
9.4183872945e-02 7.8475997035e-05 7.6351489214e-15
1.0443345556e-01 7.8475997035e-05 9.4717270179e-15
1.1579845146e-01 7.8475997035e-05 1.0695315117e-14
1.2840024578e-01 7.8475997035e-05 1.0776143007e-14
1.4237343339e-01 7.8475997035e-05 9.4389391097e-15
1.5786725650e-01 7.8475997035e-05 6.9082120643e-15
1.7504719864e-01 7.8475997035e-05 3.9913294849e-15
1.9409675211e-01 7.8475997035e-05 1.6661190776e-15
2.1521937781e-01 7.8475997035e-05 4.4027605458e-16
2.3864067833e-01 7.8475997035e-05 6.2479062947e-17
2.6461080752e-01 7.8475997035e-05 3.6335250444e-18
2.9340714225e-01 7.8475997035e-05 5.5717119921e-20
3.2533724503e-01 7.8475997035e-05 1.1546667420e-22
3.6074214893e-01 7.8475997035e-05 1.1401179790e-26
4.0000000000e-01 7.8475997035e-05 1.0963195390e-32
2.0000000000e-02 1.4384498883e-04 8.7688028310e-18
2.2176504808e-02 1.4384498883e-04 1.6255045045e-17
2.4589868274e-02 1.4384498883e-04 3.0080779501e-17
2.7265866600e-02 1.4384498883e-04 5.5581368055e-17
3.0233081086e-02 1.4384498883e-04 1.0240018113e-16
3.3523203403e-02 1.4384498883e-04 1.8796980633e-16
3.7171374071e-02 1.4384498883e-04 3.4295945862e-16
4.1216557790e-02 1.4384498883e-04 6.2013028921e-16
4.5701959599e-02 1.4384498883e-04 1.1085997422e-15
5.0675486338e-02 1.4384498883e-04 1.9456433135e-15
5.6190258320e-02 1.4384498883e-04 3.3333546579e-15
6.2305176688e-02 1.4384498883e-04 5.5298462175e-15
6.9085552518e-02 1.4384498883e-04 8.8040075200e-15
7.6603804377e-02 1.4384498883e-04 1.3347344873e-14
8.4940231802e-02 1.4384498883e-04 1.9122702600e-14
9.4183872945e-02 1.4384498883e-04 2.5652712964e-14
1.0443345556e-01 1.4384498883e-04 3.1823281637e-14
1.1579845146e-01 1.4384498883e-04 3.5934315306e-14
1.2840024578e-01 1.4384498883e-04 3.6205882330e-14
1.4237343339e-01 1.4384498883e-04 3.1713120224e-14
1.5786725650e-01 1.4384498883e-04 2.3210337219e-14
1.7504719864e-01 1.4384498883e-04 1.3410141790e-14
1.9409675211e-01 1.4384498883e-04 5.5978573440e-15
2.1521937781e-01 1.4384498883e-04 1.4792475392e-15
2.3864067833e-01 1.4384498883e-04 2.0991829820e-16
2.6461080752e-01 1.4384498883e-04 1.2207983888e-17
2.9340714225e-01 1.4384498883e-04 1.8719939837e-19
3.2533724503e-01 1.4384498883e-04 3.8794704342e-22
3.6074214893e-01 1.4384498883e-04 3.8305892343e-26
4.0000000000e-01 1.4384498883e-04 3.6834344347e-32
2.0000000000e-02 2.6366508987e-04 2.9461584100e-17
2.2176504808e-02 2.6366508987e-04 5.4613997588e-17
2.4589868274e-02 2.6366508987e-04 1.0106595303e-16
2.7265866600e-02 2.6366508987e-04 1.8674329677e-16
3.0233081086e-02 2.6366508987e-04 3.4404600109e-16
3.3523203403e-02 2.6366508987e-04 6.3154439259e-16
3.7171374071e-02 2.6366508987e-04 1.1522814605e-15
4.1216557790e-02 2.6366508987e-04 2.0835250856e-15
4.5701959599e-02 2.6366508987e-04 3.7246936860e-15
5.0675486338e-02 2.6366508987e-04 6.5370079834e-15
5.6190258320e-02 2.6366508987e-04 1.1199465934e-14
6.2305176688e-02 2.6366508987e-04 1.8579278442e-14
6.9085552518e-02 2.6366508987e-04 2.9579865458e-14
7.6603804377e-02 2.6366508987e-04 4.4844653379e-14
8.4940231802e-02 2.6366508987e-04 6.4248805879e-14
9.4183872945e-02 2.6366508987e-04 8.6188454111e-14
1.0443345556e-01 2.6366508987e-04 1.0692044358e-13
1.1579845146e-01 2.6366508987e-04 1.2073276967e-13
1.2840024578e-01 2.6366508987e-04 1.2164518552e-13
1.4237343339e-01 2.6366508987e-04 1.0655032124e-13
1.5786725650e-01 2.6366508987e-04 7.7982515420e-14
1.7504719864e-01 2.6366508987e-04 4.5055639608e-14
1.9409675211e-01 2.6366508987e-04 1.8807783468e-14
2.1521937781e-01 2.6366508987e-04 4.9700029321e-15
2.3864067833e-01 2.6366508987e-04 7.0528733692e-16
2.6461080752e-01 2.6366508987e-04 4.1016607505e-17
2.9340714225e-01 2.6366508987e-04 6.2895596182e-19
3.2533724503e-01 2.6366508987e-04 1.3034315706e-21
3.6074214893e-01 2.6366508987e-04 1.2870083757e-25
4.0000000000e-01 2.6366508987e-04 1.2375670370e-31
2.0000000000e-02 4.8329302386e-04 9.8985569004e-17
2.2176504808e-02 4.8329302386e-04 1.8349310778e-16
2.4589868274e-02 4.8329302386e-04 3.3956323712e-16
2.7265866600e-02 4.8329302386e-04 6.2742354332e-16
3.0233081086e-02 4.8329302386e-04 1.1559320458e-15
3.3523203403e-02 4.8329302386e-04 2.1218743988e-15
3.7171374071e-02 4.8329302386e-04 3.8714563220e-15
4.1216557790e-02 4.8329302386e-04 7.0002656825e-15
4.5701959599e-02 4.8329302386e-04 1.2514293957e-14
5.0675486338e-02 4.8329302386e-04 2.1963158960e-14
5.6190258320e-02 4.8329302386e-04 3.7628170443e-14
6.2305176688e-02 4.8329302386e-04 6.2422999455e-14
6.9085552518e-02 4.8329302386e-04 9.9382972872e-14
7.6603804377e-02 4.8329302386e-04 1.5066988646e-13
8.4940231802e-02 4.8329302386e-04 2.1586431286e-13
9.4183872945e-02 4.8329302386e-04 2.8957754419e-13
1.0443345556e-01 4.8329302386e-04 3.5923326150e-13
1.1579845146e-01 4.8329302386e-04 4.0564016729e-13
1.2840024578e-01 4.8329302386e-04 4.0870571877e-13
1.4237343339e-01 4.8329302386e-04 3.5798971772e-13
1.5786725650e-01 4.8329302386e-04 2.6200708132e-13
1.7504719864e-01 4.8329302386e-04 1.5137876185e-13
1.9409675211e-01 4.8329302386e-04 6.3190734821e-14
2.1521937781e-01 4.8329302386e-04 1.6698306734e-14
2.3864067833e-01 4.8329302386e-04 2.3696372917e-15
2.6461080752e-01 4.8329302386e-04 1.3780834794e-16
2.9340714225e-01 4.8329302386e-04 2.1131777418e-18
3.2533724503e-01 4.8329302386e-04 4.3792932258e-21
3.6074214893e-01 4.8329302386e-04 4.3241142752e-25
4.0000000000e-01 4.8329302386e-04 4.1580003615e-31
2.0000000000e-02 8.8586679041e-04 3.3257352482e-16
2.2176504808e-02 8.8586679041e-04 6.1650349893e-16
2.4589868274e-02 8.8586679041e-04 1.1408707734e-15
2.7265866600e-02 8.8586679041e-04 2.1080290941e-15
3.0233081086e-02 8.8586679041e-04 3.8837216252e-15
3.3523203403e-02 8.8586679041e-04 7.1291124063e-15
3.7171374071e-02 8.8586679041e-04 1.3007389745e-14
4.1216557790e-02 8.8586679041e-04 2.3519620649e-14
4.5701959599e-02 8.8586679041e-04 4.2045753677e-14
5.0675486338e-02 8.8586679041e-04 7.3792223099e-14
5.6190258320e-02 8.8586679041e-04 1.2642381513e-13
6.2305176688e-02 8.8586679041e-04 2.0972993505e-13
6.9085552518e-02 8.8586679041e-04 3.3390872960e-13
7.6603804377e-02 8.8586679041e-04 5.0622343973e-13
8.4940231802e-02 8.8586679041e-04 7.2526486572e-13
9.4183872945e-02 8.8586679041e-04 9.7292792826e-13
1.0443345556e-01 8.8586679041e-04 1.2069584810e-12
1.1579845146e-01 8.8586679041e-04 1.3628772517e-12
1.2840024578e-01 8.8586679041e-04 1.3731769476e-12
1.4237343339e-01 8.8586679041e-04 1.2027803999e-12
1.5786725650e-01 8.8586679041e-04 8.8029618295e-13
1.7504719864e-01 8.8586679041e-04 5.0860513223e-13
1.9409675211e-01 8.8586679041e-04 2.1230938638e-13
2.1521937781e-01 8.8586679041e-04 5.6103276315e-14
2.3864067833e-01 8.8586679041e-04 7.9615507044e-15
2.6461080752e-01 8.8586679041e-04 4.6301100741e-16
2.9340714225e-01 8.8586679041e-04 7.0998932191e-18
3.2533724503e-01 8.8586679041e-04 1.4713629461e-20
3.6074214893e-01 8.8586679041e-04 1.4528238214e-24
4.0000000000e-01 8.8586679041e-04 1.3970125649e-30
2.0000000000e-02 1.6237767392e-03 1.1173866102e-15
2.2176504808e-02 1.6237767392e-03 2.0713397293e-15
2.4589868274e-02 1.6237767392e-03 3.8331184868e-15
2.7265866600e-02 1.6237767392e-03 7.0825946983e-15
3.0233081086e-02 1.6237767392e-03 1.3048598935e-14
3.3523203403e-02 1.6237767392e-03 2.3952522228e-14
3.7171374071e-02 1.6237767392e-03 4.3702465923e-14
4.1216557790e-02 1.6237767392e-03 7.9021651542e-14
4.5701959599e-02 1.6237767392e-03 1.4126609206e-13
5.0675486338e-02 1.6237767392e-03 2.4792846055e-13
5.6190258320e-02 1.6237767392e-03 4.2476104591e-13
6.2305176688e-02 1.6237767392e-03 7.0465447097e-13
6.9085552518e-02 1.6237767392e-03 1.1218726557e-12
7.6603804377e-02 1.6237767392e-03 1.7008187698e-12
8.4940231802e-02 1.6237767392e-03 2.4367581582e-12
9.4183872945e-02 1.6237767392e-03 3.2688610446e-12
1.0443345556e-01 1.6237767392e-03 4.0551611754e-12
1.1579845146e-01 1.6237767392e-03 4.5790199123e-12
1.2840024578e-01 1.6237767392e-03 4.6136250189e-12
1.4237343339e-01 1.6237767392e-03 4.0411235820e-12
1.5786725650e-01 1.6237767392e-03 2.9576352128e-12
1.7504719864e-01 1.6237767392e-03 1.7088208238e-12
1.9409675211e-01 1.6237767392e-03 7.1332095870e-13
2.1521937781e-01 1.6237767392e-03 1.8849681368e-13
2.3864067833e-01 1.6237767392e-03 2.6749363644e-14
2.6461080752e-01 1.6237767392e-03 1.5556328494e-15
2.9340714225e-01 1.6237767392e-03 2.3854351068e-17
3.2533724503e-01 1.6237767392e-03 4.9435121321e-20
3.6074214893e-01 1.6237767392e-03 4.8812240418e-24
4.0000000000e-01 1.6237767392e-03 4.6937083617e-30
2.0000000000e-02 2.9763514416e-03 3.7542159658e-15
2.2176504808e-02 2.9763514416e-03 6.9593250995e-15
2.4589868274e-02 2.9763514416e-03 1.2878581586e-14
2.7265866600e-02 2.9763514416e-03 2.3796231182e-14
3.0233081086e-02 2.9763514416e-03 4.3840921312e-14
3.3523203403e-02 2.9763514416e-03 8.0476122183e-14
3.7171374071e-02 2.9763514416e-03 1.4683234416e-13
4.1216557790e-02 2.9763514416e-03 2.6549838986e-13
4.5701959599e-02 2.9763514416e-03 4.7462839935e-13
5.0675486338e-02 2.9763514416e-03 8.3299457545e-13
5.6190258320e-02 2.9763514416e-03 1.4271199293e-12
6.2305176688e-02 2.9763514416e-03 2.3675109771e-12
6.9085552518e-02 2.9763514416e-03 3.7692882634e-12
7.6603804377e-02 2.9763514416e-03 5.7144420043e-12
8.4940231802e-02 2.9763514416e-03 8.1870646193e-12
9.4183872945e-02 2.9763514416e-03 1.0982779113e-11
1.0443345556e-01 2.9763514416e-03 1.3624604671e-11
1.1579845146e-01 2.9763514416e-03 1.5384674835e-11
1.2840024578e-01 2.9763514416e-03 1.5500941705e-11
1.4237343339e-01 2.9763514416e-03 1.3577440908e-11
1.5786725650e-01 2.9763514416e-03 9.9371168722e-12
1.7504719864e-01 2.9763514416e-03 5.7413274517e-12
1.9409675211e-01 2.9763514416e-03 2.3966288010e-12
2.1521937781e-01 2.9763514416e-03 6.3331504152e-13
2.3864067833e-01 2.9763514416e-03 8.9873001117e-14
2.6461080752e-01 2.9763514416e-03 5.2266436943e-15
2.9340714225e-01 2.9763514416e-03 8.0146284926e-17
3.2533724503e-01 2.9763514416e-03 1.6609302460e-19
3.6074214893e-01 2.9763514416e-03 1.6400025795e-23
4.0000000000e-01 2.9763514416e-03 1.5770007184e-29
2.0000000000e-02 5.4555947812e-03 1.2613483453e-14
2.2176504808e-02 5.4555947812e-03 2.3382067730e-14
2.4589868274e-02 5.4555947812e-03 4.3269693913e-14
2.7265866600e-02 5.4555947812e-03 7.9951012669e-14
3.0233081086e-02 5.4555947812e-03 1.4729752911e-13
3.3523203403e-02 5.4555947812e-03 2.7038514692e-13
3.7171374071e-02 5.4555947812e-03 4.9332999494e-13
4.1216557790e-02 5.4555947812e-03 8.9202634524e-13
4.5701959599e-02 5.4555947812e-03 1.5946651753e-12
5.0675486338e-02 5.4555947812e-03 2.7987104070e-12
5.6190258320e-02 5.4555947812e-03 4.7948636353e-12
6.2305176688e-02 5.4555947812e-03 7.9544066738e-12
6.9085552518e-02 5.4555947812e-03 1.2664123634e-11
7.6603804377e-02 5.4555947812e-03 1.9199486742e-11
8.4940231802e-02 5.4555947812e-03 2.7507049419e-11
9.4183872945e-02 5.4555947812e-03 3.6900142098e-11
1.0443345556e-01 5.4555947812e-03 4.5776195916e-11
1.1579845146e-01 5.4555947812e-03 5.1689711838e-11
1.2840024578e-01 5.4555947812e-03 5.2080347394e-11
1.4237343339e-01 5.4555947812e-03 4.5617734243e-11
1.5786725650e-01 5.4555947812e-03 3.3386906980e-11
1.7504719864e-01 5.4555947812e-03 1.9289816960e-11
1.9409675211e-01 5.4555947812e-03 8.0522372711e-12
2.1521937781e-01 5.4555947812e-03 2.1278234575e-12
2.3864067833e-01 5.4555947812e-03 3.0195695260e-13
2.6461080752e-01 5.4555947812e-03 1.7560573060e-14
2.9340714225e-01 5.4555947812e-03 2.6927695367e-16
3.2533724503e-01 5.4555947812e-03 5.5804238127e-19
3.6074214893e-01 5.4555947812e-03 5.5101106562e-23
4.0000000000e-01 5.4555947812e-03 5.2984358511e-29
2.0000000000e-02 1.0000000000e-02 4.2379012358e-14
2.2176504808e-02 1.0000000000e-02 7.8559498729e-14
2.4589868274e-02 1.0000000000e-02 1.4537830885e-13
2.7265866600e-02 1.0000000000e-02 2.6862087437e-13
3.0233081086e-02 1.0000000000e-02 4.9489293184e-13
3.3523203403e-02 1.0000000000e-02 9.0844496096e-13
3.7171374071e-02 1.0000000000e-02 1.6574991382e-12
4.1216557790e-02 1.0000000000e-02 2.9970464266e-12
4.5701959599e-02 1.0000000000e-02 5.3577852165e-12
5.0675486338e-02 1.0000000000e-02 9.4031584034e-12
5.6190258320e-02 1.0000000000e-02 1.6109870522e-11
6.2305176688e-02 1.0000000000e-02 2.6725360999e-11
6.9085552518e-02 1.0000000000e-02 4.2549154164e-11
7.6603804377e-02 1.0000000000e-02 6.4506786643e-11
8.4940231802e-02 1.0000000000e-02 9.2418687640e-11
9.4183872945e-02 1.0000000000e-02 1.2397777219e-10
1.0443345556e-01 1.0000000000e-02 1.5379970012e-10
1.1579845146e-01 1.0000000000e-02 1.7366803904e-10
1.2840024578e-01 1.0000000000e-02 1.7498050353e-10
1.4237343339e-01 1.0000000000e-02 1.5326729769e-10
1.5786725650e-01 1.0000000000e-02 1.1217394059e-10
1.7504719864e-01 1.0000000000e-02 6.4810279760e-11
1.9409675211e-01 1.0000000000e-02 2.7054054029e-11
2.1521937781e-01 1.0000000000e-02 7.1491001625e-12
2.3864067833e-01 1.0000000000e-02 1.0145204910e-12
2.6461080752e-01 1.0000000000e-02 5.9000334484e-14
2.9340714225e-01 1.0000000000e-02 9.0472163302e-16
3.2533724503e-01 1.0000000000e-02 1.8749209971e-18
3.6074214893e-01 1.0000000000e-02 1.8512970542e-22
4.0000000000e-01 1.0000000000e-02 1.7801781661e-28
