0.08435568296374978 0.15540540540540543
0.14053073190922344 0.16891891891891891
0.24473877889512297 0.15405405405405406
0.3439331972470124 0.15000000000000002
0.44887064823383793 0.1337837837837838
0.5480958840706928 0.13783783783783785
0.6449555362813598 0.1337837837837838
0.7477874461164198 0.1283783783783784
0.8930509642855003 0.12027027027027028
1.0904646131712628 0.12297297297297298
1.3414031738490426 0.11216216216216217
1.7249702161513678 0.12432432432432433
2.251275844569999 0.13108108108108107