1.0 1.3369837418249452e-06
1.2909090909090908 1.056875971184805e-06
1.5818181818181818 8.708431497690724e-07
1.8727272727272728 7.479522515621828e-07
2.1636363636363636 6.51349094627281e-07
2.4545454545454546 5.791122647641759e-07
2.7454545454545456 5.25679112201842e-07
3.0363636363636366 4.771760948938751e-07
3.327272727272727 4.391800892596086e-07
3.618181818181818 4.0701424532194387e-07
3.9090909090909087 3.7982153061907363e-07
4.2 3.5444556739704353e-07
4.49090909090909 3.353710152002929e-07
4.781818181818182 3.1513634848664826e-07
5.072727272727273 3.0024617090855494e-07
5.363636363636364 2.840883690183301e-07
5.654545454545454 2.725432531281028e-07
5.945454545454545 2.5966559729348724e-07
6.236363636363636 2.491130026067786e-07
6.527272727272727 2.389892566231048e-07
6.8181818181818175 2.292769312865649e-07
7.109090909090909 2.2148552337263594e-07
7.4 2.1395888713434216e-07
7.690909090909091 2.066880249629082e-07
7.981818181818182 1.9966424501097934e-07
8.272727272727272 1.9421746814890244e-07
8.563636363636364 1.8761746914391194e-07
8.854545454545455 1.8249932448161506e-07
9.145454545454546 1.775208011717636e-07
9.436363636363636 1.7267809038843559e-07
9.727272727272727 1.6796748720926532e-07
10.018181818181818 1.6338538778098603e-07
10.30909090909091 1.5892828656229764e-07
10.600000000000001 1.556654359271062e-07
10.89090909090909 1.514189325304352e-07
11.181818181818182 1.483102514336103e-07
11.472727272727273 1.4526539259467813e-07
11.763636363636365 1.422830457214352e-07
12.054545454545453 1.3936192742241435e-07
12.345454545454546 1.365007806546014e-07
12.636363636363637 1.3369837418249454e-07
12.927272727272728 1.3095350204826676e-07
13.21818181818182 1.28264983052806e-07
13.509090909090908 1.2563166024741214e-07
13.799999999999999 1.2305240043592615e-07
14.090909090909092 1.2136237983442417e-07
14.381818181818183 1.1887076977119033e-07
14.672727272727272 1.1723818032865998e-07
14.963636363636363 1.1483124145435111e-07
15.254545454545454 1.1325413151528127e-07
15.545454545454547 1.1092898648952227e-07
15.836363636363638 1.0940547072057436e-07
16.127272727272725 1.0790287915161836e-07
16.418181818181818 1.056875971184805e-07
16.70909090909091 1.0423606739764012e-07
17.0 1.0280447320933098e-07
17.290909090909093 1.0139254075588143e-07
17.581818181818186 1e-07
17.87272727272727 9.86265846131283e-08
18.163636363636364 9.660174799522646e-08
18.454545454545457 9.5275004724273e-08
18.745454545454546 9.396648314954691e-08
19.036363636363635 9.267593301146884e-08
19.327272727272728 9.140310748756223e-08
19.61818181818182 9.014776314524918e-08
19.90909090909091 8.890965989529167e-08
20.200000000000003 8.829699955494083e-08
20.490909090909092 8.708431497690724e-08
20.78181818181818 8.588828559546258e-08
21.072727272727274 8.470868266557402e-08
21.363636363636367 8.354528058382872e-08
21.654545454545453 8.239785684528511e-08
21.945454545454545 8.126619200091946e-08
22.236363636363638 8.015006961565413e-08
22.52727272727273 7.959777002314978e-08
22.81818181818182 7.85045620020451e-08
23.10909090909091 7.742636826811277e-08
23.400000000000002 7.636298261282242e-08
23.69090909090909 7.531420165974376e-08
23.981818181818184 7.427982482564911e-08
24.272727272727273 7.32596542821523e-08
24.563636363636363 7.275483529196232e-08
24.854545454545455 7.17556091893692e-08
25.145454545454548 7.077010661181889e-08
25.436363636363637 6.979813907830668e-08
25.727272727272727 6.883952069645497e-08
26.01818181818182 6.789406812696113e-08
26.309090909090912 6.696160054853215e-08
26.6 6.558685659571435e-08
26.890909090909094 6.46860766154632e-08
27.181818181818183 6.379766808606282e-08
27.472727272727273 6.248788072006887e-08
27.763636363636365 6.120498372476703e-08
28.05454545454546 5.99484250318941e-08
28.345454545454544 5.871766390733261e-08
28.636363636363637 5.711586478126435e-08
28.92727272727273 5.555776222398878e-08
29.21818181818182 1
29.50909090909091 1
29.8 1
