1.0 5.479472336900293e-06
1.2909090909090908 4.331483223376394e-06
1.5818181818181818 3.5690493456752295e-06
1.8727272727272728 3.0653952950565237e-06
2.1636363636363636 2.669478494034318e-06
2.4545454545454546 2.373424250023866e-06
2.7454545454545456 2.1544346900318865e-06
3.0363636363636366 1.955650715865947e-06
3.327272727272727 1.7999285067824765e-06
3.618181818181818 1.6681005372000591e-06
3.9090909090909087 1.556654359271062e-06
4.2 1.4526539259467812e-06
4.49090909090909 1.3744790926775367e-06
4.781818181818182 1.2915496650148827e-06
5.072727272727273 1.2305240043592616e-06
5.363636363636364 1.1643031329208755e-06
5.654545454545454 1.1092898648952228e-06
5.945454545454545 1.0642092440647247e-06
6.236363636363636 1.0209606623060475e-06
6.527272727272727 9.794696670695385e-07
6.8181818181818175 9.39664831495469e-07
7.109090909090909 9.077326525210223e-07
7.4 8.768856094587427e-07
7.690909090909091 8.470868266557403e-07
7.981818181818182 8.18300681586739e-07
8.272727272727272 7.90492762269642e-07
8.563636363636364 7.689283720758306e-07
8.854545454545455 7.479522515621828e-07
9.145454545454546 7.225349491787222e-07
9.436363636363636 7.028244264308353e-07
9.727272727272727 6.836516004510239e-07
10.018181818181818 6.696160054853216e-07
10.30909090909091 6.51349094627281e-07
10.600000000000001 6.335804992658255e-07
10.89090909090909 6.205728806776501e-07
11.181818181818182 6.078323128297237e-07
11.472727272727273 5.912508413831881e-07
11.763636363636365 5.791122647641759e-07
12.054545454545453 5.672228971644549e-07
12.345454545454546 5.555776222398877e-07
12.636363636363637 5.441714286865887e-07
12.927272727272728 5.329994080844094e-07
13.21818181818182 5.220567527846975e-07
13.509090909090908 5.113387538414332e-07
13.799999999999999 5.043159487171359e-07
14.090909090909092 4.939621743878326e-07
14.381818181818183 4.838209664925957e-07
14.672727272727272 4.771760948938751e-07
14.963636363636363 4.673795107992464e-07
15.254545454545454 4.6096044868284387e-07
15.545454545454547 4.514967772036102e-07
15.836363636363638 4.45295850994266e-07
16.127272727272725 4.391800892596086e-07
16.418181818181818 4.3016357581067997e-07
16.70909090909091 4.242556430717777e-07
17.0 4.184288507901585e-07
17.290909090909093 4.1268208457029516e-07
17.581818181818186 4.04209583979631e-07
17.87272727272727 3.9865810735804386e-07
18.163636363636364 3.9318287557057704e-07
18.454545454545457 3.8778284145894615e-07
18.745454545454546 3.824569722466999e-07
19.036363636363635 3.7720424934169936e-07
19.327272727272728 3.7202366814130657e-07
19.61818181818182 3.669142378402494e-07
19.90909090909091 3.6187498124112843e-07
20.200000000000003 3.5690493456752296e-07
20.490909090909092 3.520031472796675e-07
20.78181818181818 3.471686818926559e-07
21.072727272727274 3.4240061379714254e-07
21.363636363636367 3.376980310825095e-07
21.654545454545453 3.3306003436245885e-07
21.945454545454545 3.28485736603004e-07
22.236363636363638 3.2397426295281954e-07
22.52727272727273 3.195247505759214e-07
22.81818181818182 3.1513634848664826e-07
23.10909090909091 3.108082173869064e-07
23.400000000000002 3.065395295056524e-07
23.69090909090909 3.0232946844057763e-07
23.981818181818184 2.9817722900196733e-07
24.272727272727273 2.9408201705870606e-07
24.563636363636363 2.9004304938639914e-07
24.854545454545455 2.860595535175739e-07
25.145454545454548 2.8213076759394705e-07
25.436363636363637 2.782559402207126e-07
25.727272727272727 2.7443433032283627e-07
26.01818181818182 2.6880010215376075e-07
26.309090909090912 2.651083601908536e-07
26.6 2.614673211801092e-07
26.890909090909094 2.560993100258457e-07
27.181818181818183 2.508415059277541e-07
27.472727272727273 2.45691646298279e-07
27.763636363636365 2.406475150015422e-07
28.05454545454546 2.357069413996728e-07
28.345454545454544 2.292769312865649e-07
28.636363636363637 2.2302232979659364e-07
28.92727272727273 2.1544346900318822e-07
29.21818181818182 1
29.50909090909091 1
29.8 1
