1.0 1.0069386314760271e-06
1.2909090909090908 7.90492762269642e-07
1.5818181818181818 6.558685659571436e-07
1.8727272727272728 5.594325706169378e-07
2.1636363636363636 4.905583706365046e-07
2.4545454545454546 4.3615377892080056e-07
2.7454545454545456 3.9318287557057704e-07
3.0363636363636366 3.5938136638046254e-07
3.327272727272727 3.28485736603004e-07
3.618181818181818 3.0442722120643057e-07
3.9090909090909087 2.840883690183301e-07
4.2 2.669478494034318e-07
4.49090909090909 2.508415059277541e-07
4.781818181818182 2.373424250023866e-07
5.072727272727273 2.2456979955397717e-07
5.363636363636364 2.1395888713434216e-07
5.654545454545454 2.038493398252464e-07
5.945454545454545 1.9421746814890244e-07
6.236363636363636 1.8632463119315597e-07
6.527272727272727 1.7875255259042355e-07
6.8181818181818175 1.7267809038843559e-07
7.109090909090909 1.6566059589499153e-07
7.4 1.6003103137387017e-07
7.690909090909091 1.5459277364194786e-07
7.981818181818182 1.4933932161242535e-07
8.272727272727272 1.4526539259467813e-07
8.563636363636364 1.4032890847858732e-07
8.854545454545455 1.365007806546014e-07
9.145454545454546 1.3277708293554292e-07
9.436363636363636 1.2915496650148827e-07
9.727272727272727 1.2563166024741214e-07
10.018181818181818 1.2220446866314887e-07
10.30909090909091 1.1969557023590428e-07
10.600000000000001 1.1643031329208756e-07
10.89090909090909 1.140399601970033e-07
11.181818181818182 1.1092898648952227e-07
11.472727272727273 1.0865157746525373e-07
11.763636363636365 1.0642092440647246e-07
12.054545454545453 1.0423606739764012e-07
12.345454545454546 1.0209606623060475e-07
12.636363636363637 1e-07
12.927272727272728 9.794696670695386e-08
13.21818181818182 9.593608287093146e-08
13.509090909090908 9.396648314954691e-08
13.799999999999999 9.267593301146884e-08
14.090909090909092 9.077326525210224e-08
14.381818181818183 8.890965989529167e-08
14.672727272727272 8.768856094587427e-08
14.963636363636363 8.588828559546258e-08
15.254545454545454 8.470868266557402e-08
15.545454545454547 8.296958520834915e-08
15.836363636363638 8.18300681586739e-08
16.127272727272725 8.070620141149507e-08
16.418181818181818 7.90492762269642e-08
16.70909090909091 7.796360130405237e-08
17.0 7.689283720758306e-08
17.290909090909093 7.58367791499719e-08
17.581818181818186 7.427982482564911e-08
17.87272727272727 7.32596542821523e-08
18.163636363636364 7.225349491787222e-08
18.454545454545457 7.126115430111745e-08
18.745454545454546 7.028244264308353e-08
19.036363636363635 6.931717276155401e-08
19.327272727272728 6.836516004510239e-08
19.61818181818182 6.742622241778349e-08
19.90909090909091 6.650018030431118e-08
20.200000000000003 6.558685659571435e-08
20.490909090909092 6.46860766154632e-08
20.78181818181818 6.379766808606282e-08
21.072727272727274 6.29214610961035e-08
21.363636363636367 6.2057288067765e-08
21.654545454545453 6.120498372476703e-08
21.945454545454545 6.078323128297236e-08
22.236363636363638 5.99484250318941e-08
22.52727272727273 5.9125084138318815e-08
22.81818181818182 5.831305113526219e-08
23.10909090909091 5.7512170718416136e-08
23.400000000000002 5.6722289716445493e-08
23.69090909090909 5.5943257061693776e-08
23.981818181818184 5.5174923761291284e-08
24.272727272727273 5.441714286865887e-08
24.563636363636363 5.366976945540476e-08
24.854545454545455 5.2932660583605667e-08
25.145454545454548 5.2205675278469754e-08
25.436363636363637 5.1488674501374975e-08
25.727272727272727 5.0781521123276706e-08
26.01818181818182 5.008407989848212e-08
26.309090909090912 4.939621743878326e-08
26.6 4.8382096649259575e-08
26.890909090909094 4.771760948938751e-08
27.181818181818183 4.7062248498412815e-08
27.472727272727273 4.609604486828439e-08
27.763636363636365 4.514967772036102e-08
28.05454545454546 4.422273980505897e-08
28.345454545454544 4.3016357581067994e-08
28.636363636363637 4.1842885079015845e-08
28.92727272727273 4.04209583979631e-08
29.21818181818182 1
29.50909090909091 1
29.8 1
