1.0 4.126820845702952e-06
1.2909090909090908 3.2397426295281954e-06
1.5818181818181818 2.6880010215376073e-06
1.8727272727272728 2.2927693128656486e-06
2.1636363636363636 2.010496416260501e-06
2.4545454545454546 1.7875255259042354e-06
2.7454545454545456 1.61141427725302e-06
3.0363636363636366 1.4728827239075018e-06
3.327272727272727 1.3462605792989111e-06
3.618181818181818 1.2476595526308684e-06
3.9090909090909087 1.1643031329208755e-06
4.2 1.0940547072057436e-06
4.49090909090909 1.0280447320933098e-06
4.781818181818182 9.727203192450538e-07
5.072727272727273 9.20373199661823e-07
5.363636363636364 8.768856094587427e-07
5.654545454545454 8.354528058382871e-07
5.945454545454545 7.959777002314978e-07
6.236363636363636 7.636298261282241e-07
6.527272727272727 7.32596542821523e-07
6.8181818181818175 7.077010661181889e-07
7.109090909090909 6.789406812696113e-07
7.4 6.558685659571436e-07
7.690909090909091 6.335804992658255e-07
7.981818181818182 6.120498372476703e-07
8.272727272727272 5.95353313081437e-07
8.563636363636364 5.751217071841613e-07
8.854545454545455 5.594325706169378e-07
9.145454545454546 5.441714286865887e-07
9.436363636363636 5.293266058360567e-07
9.727272727272727 5.148867450137498e-07
10.018181818181818 5.008407989848213e-07
10.30909090909091 4.87178021879463e-07
10.600000000000001 4.771760948938751e-07
10.89090909090909 4.641588833612782e-07
11.181818181818182 4.5462954695323996e-07
11.472727272727273 4.45295850994266e-07
11.763636363636365 4.3615377892080056e-07
12.054545454545453 4.242556430717777e-07
12.345454545454546 4.1554553347188797e-07
12.636363636363637 4.0701424532194387e-07
12.927272727272728 3.9865810735804386e-07
13.21818181818182 3.9318287557057704e-07
13.509090909090908 3.851107002325569e-07
13.799999999999999 3.7720424934169936e-07
14.090909090909092 3.6946012051993025e-07
14.381818181818183 3.643858983763541e-07
14.672727272727272 3.5690493456752296e-07
14.963636363636363 3.520031472796675e-07
15.254545454545454 3.447764054734464e-07
15.545454545454547 3.400411932703703e-07
15.836363636363638 3.3306003436245885e-07
16.127272727272725 3.28485736603004e-07
16.418181818181818 3.2397426295281954e-07
16.70909090909091 3.173229634734973e-07
17.0 3.12964801067075e-07
17.290909090909093 3.0866649433372745e-07
17.581818181818186 3.0442722120643057e-07
17.87272727272727 3.0024617090855494e-07
18.163636363636364 2.9408201705870606e-07
18.454545454545457 2.9004304938639914e-07
18.745454545454546 2.860595535175739e-07
19.036363636363635 2.8213076759394705e-07
19.327272727272728 2.782559402207126e-07
19.61818181818182 2.7443433032283627e-07
19.90909090909091 2.7066520700332413e-07
20.200000000000003 2.669478494034318e-07
20.490909090909092 2.63281546564802e-07
20.78181818181818 2.5966559729348724e-07
21.072727272727274 2.560993100258457e-07
21.363636363636367 2.5258200269627846e-07
21.654545454545453 2.491130026067786e-07
21.945454545454545 2.45691646298279e-07
22.236363636363638 2.423172794237601e-07
22.52727272727273 2.389892566231048e-07
22.81818181818182 2.357069413996728e-07
23.10909090909091 2.3246970599856455e-07
23.400000000000002 2.292769312865649e-07
23.69090909090909 2.2612800663372794e-07
23.981818181818184 2.2302232979659364e-07
24.272727272727273 2.1995930680300747e-07
24.563636363636363 2.169383518385182e-07
24.854545454545455 2.1395888713434216e-07
25.145454545454548 2.1102034285685966e-07
25.436363636363637 2.081221569986337e-07
25.727272727272727 2.0526377527092522e-07
26.01818181818182 2.0244465099768018e-07
26.309090909090912 1.9828839491270713e-07
26.6 1.955650715865947e-07
26.890909090909094 1.915500555573528e-07
27.181818181818183 1.8891927762076644e-07
27.472727272727273 1.850407019542302e-07
27.763636363636365 1.8124175473742359e-07
28.05454545454546 1.762975375287204e-07
28.345454545454544 1.714881969870541e-07
28.636363636363637 1.668100537200059e-07
28.92727272727273 1.61141427725302e-07
29.21818181818182 1
29.50909090909091 1
29.8 1
