2.0000000000e-02 1.0000000000e-07 6.9248963798e-27
2.2176504808e-02 1.0000000000e-07 1.1119156123e-26
2.4589868274e-02 1.0000000000e-07 1.7720111497e-26
2.7265866600e-02 1.0000000000e-07 2.7247242996e-26
3.0233081086e-02 1.0000000000e-07 4.2842019575e-26
3.3523203403e-02 1.0000000000e-07 6.6750886739e-26
3.7171374071e-02 1.0000000000e-07 1.0287661231e-25
4.1216557790e-02 1.0000000000e-07 1.5666174818e-25
4.5701959599e-02 1.0000000000e-07 2.3710586827e-25
5.0675486338e-02 1.0000000000e-07 3.5939406296e-25
5.6190258320e-02 1.0000000000e-07 5.4404279958e-25
6.2305176688e-02 1.0000000000e-07 8.0951493787e-25
6.9085552518e-02 1.0000000000e-07 1.1754188185e-24
7.6603804377e-02 1.0000000000e-07 1.6492565551e-24
8.4940231802e-02 1.0000000000e-07 2.2088750171e-24
9.4183872945e-02 1.0000000000e-07 2.7784860207e-24
1.0443345556e-01 1.0000000000e-07 3.2085289825e-24
1.1579845146e-01 1.0000000000e-07 3.2961922915e-24
1.2840024578e-01 1.0000000000e-07 2.8881942346e-24
1.4237343339e-01 1.0000000000e-07 2.0402055469e-24
1.5786725650e-01 1.0000000000e-07 1.0815623201e-24
1.7504719864e-01 1.0000000000e-07 3.9310675147e-25
1.9409675211e-01 1.0000000000e-07 8.5888028336e-26
2.1521937781e-01 1.0000000000e-07 8.8848493502e-27
2.3864067833e-01 1.0000000000e-07 3.0768107712e-28
2.6461080752e-01 1.0000000000e-07 1.9554892007e-30
2.9340714225e-01 1.0000000000e-07 8.6758893143e-34
3.2533724503e-01 1.0000000000e-07 7.8921712520e-39
3.6074214893e-01 1.0000000000e-07 1.6253258814e-46
4.0000000000e-01 1.0000000000e-07 nan
2.0000000000e-02 1.8329807108e-07 2.3266393488e-26
2.2176504808e-02 1.8329807108e-07 3.7358344070e-26
2.4589868274e-02 1.8329807108e-07 5.9536354641e-26
2.7265866600e-02 1.8329807108e-07 9.1545785268e-26
3.0233081086e-02 1.8329807108e-07 1.4394140079e-25
3.3523203403e-02 1.8329807108e-07 2.2427084989e-25
3.7171374071e-02 1.8329807108e-07 3.4564672326e-25
4.1216557790e-02 1.8329807108e-07 5.2635500629e-25
4.5701959599e-02 1.8329807108e-07 7.9663263201e-25
5.0675486338e-02 1.8329807108e-07 1.2074987447e-24
5.6190258320e-02 1.8329807108e-07 1.8278849465e-24
6.2305176688e-02 1.8329807108e-07 2.7198230913e-24
6.9085552518e-02 1.8329807108e-07 3.9491936405e-24
7.6603804377e-02 1.8329807108e-07 5.5412023327e-24
8.4940231802e-02 1.8329807108e-07 7.4214186747e-24
9.4183872945e-02 1.8329807108e-07 9.3352081405e-24
1.0443345556e-01 1.8329807108e-07 1.0780074347e-23
1.1579845146e-01 1.8329807108e-07 1.1074607136e-23
1.2840024578e-01 1.8329807108e-07 9.7038078038e-24
1.4237343339e-01 1.8329807108e-07 6.8547199043e-24
1.5786725650e-01 1.8329807108e-07 3.6338528607e-24
1.7504719864e-01 1.8329807108e-07 1.3207672520e-24
1.9409675211e-01 1.8329807108e-07 2.8856816818e-25
2.1521937781e-01 1.8329807108e-07 2.9851479318e-26
2.3864067833e-01 1.8329807108e-07 1.0337525092e-27
2.6461080752e-01 1.8329807108e-07 6.5700883751e-30
2.9340714225e-01 1.8329807108e-07 2.9149411568e-33
3.2533724503e-01 1.8329807108e-07 2.6516261291e-38
3.6074214893e-01 1.8329807108e-07 5.4607996174e-46
4.0000000000e-01 1.8329807108e-07 nan
2.0000000000e-02 3.3598182863e-07 7.8170854296e-26
2.2176504808e-02 3.3598182863e-07 1.2551724755e-25
2.4589868274e-02 3.3598182863e-07 2.0003133302e-25
2.7265866600e-02 3.3598182863e-07 3.0757720338e-25
3.0233081086e-02 3.3598182863e-07 4.8361695053e-25
3.3523203403e-02 3.3598182863e-07 7.5350930254e-25
3.7171374071e-02 3.3598182863e-07 1.1613101814e-24
4.1216557790e-02 3.3598182863e-07 1.7684571752e-24
4.5701959599e-02 3.3598182863e-07 2.6765408845e-24
5.0675486338e-02 3.3598182863e-07 4.0569763632e-24
5.6190258320e-02 3.3598182863e-07 6.1413612686e-24
6.2305176688e-02 3.3598182863e-07 9.1381113575e-24
6.9085552518e-02 3.3598182863e-07 1.3268573009e-23
7.6603804377e-02 3.3598182863e-07 1.8617432925e-23
8.4940231802e-02 3.3598182863e-07 2.4934618173e-23
9.4183872945e-02 3.3598182863e-07 3.1364603017e-23
1.0443345556e-01 3.3598182863e-07 3.6219090920e-23
1.1579845146e-01 3.3598182863e-07 3.7208667570e-23
1.2840024578e-01 3.3598182863e-07 3.2603030906e-23
1.4237343339e-01 3.3598182863e-07 2.3030613282e-23
1.5786725650e-01 3.3598182863e-07 1.2209085291e-23
1.7504719864e-01 3.3598182863e-07 4.4375379654e-24
1.9409675211e-01 3.3598182863e-07 9.6953660828e-25
2.1521937781e-01 3.3598182863e-07 1.0029554608e-25
2.3864067833e-01 3.3598182863e-07 3.4732205840e-27
2.6461080752e-01 3.3598182863e-07 2.2074303065e-29
2.9340714225e-01 3.3598182863e-07 9.7936726020e-33
3.2533724503e-01 3.3598182863e-07 8.9089819569e-38
3.6074214893e-01 3.3598182863e-07 1.8347294412e-45
4.0000000000e-01 3.3598182863e-07 nan
2.0000000000e-02 6.1584821107e-07 2.6263986572e-25
2.2176504808e-02 6.1584821107e-07 4.2171514357e-25
2.4589868274e-02 6.1584821107e-07 6.7206893052e-25
2.7265866600e-02 6.1584821107e-07 1.0334035124e-24
3.0233081086e-02 6.1584821107e-07 1.6248650740e-24
3.3523203403e-02 6.1584821107e-07 2.5316543336e-24
3.7171374071e-02 6.1584821107e-07 3.9017911835e-24
4.1216557790e-02 6.1584821107e-07 5.9416947558e-24
4.5701959599e-02 6.1584821107e-07 8.9926910077e-24
5.0675486338e-02 6.1584821107e-07 1.3630703372e-23
5.6190258320e-02 6.1584821107e-07 2.0633857893e-23
6.2305176688e-02 6.1584821107e-07 3.0702393641e-23
6.9085552518e-02 6.1584821107e-07 4.4579994230e-23
7.6603804377e-02 6.1584821107e-07 6.2551191586e-23
8.4940231802e-02 6.1584821107e-07 8.3775786100e-23
9.4183872945e-02 6.1584821107e-07 1.0537936676e-22
1.0443345556e-01 6.1584821107e-07 1.2168956399e-22
1.1579845146e-01 6.1584821107e-07 1.2501436171e-22
1.2840024578e-01 6.1584821107e-07 1.0954025943e-22
1.4237343339e-01 6.1584821107e-07 7.7378675648e-23
1.5786725650e-01 6.1584821107e-07 4.1020308020e-23
1.7504719864e-01 6.1584821107e-07 1.4909321202e-23
1.9409675211e-01 6.1584821107e-07 3.2574668257e-24
2.1521937781e-01 6.1584821107e-07 3.3697480977e-25
2.3864067833e-01 6.1584821107e-07 1.1669390031e-26
2.6461080752e-01 6.1584821107e-07 7.4165647095e-29
2.9340714225e-01 6.1584821107e-07 3.2904960298e-32
3.2533724503e-01 6.1584821107e-07 2.9932560491e-37
3.6074214893e-01 6.1584821107e-07 6.1643575270e-45
4.0000000000e-01 6.1584821107e-07 nan
2.0000000000e-02 1.1288378917e-06 8.8242222354e-25
2.2176504808e-02 1.1288378917e-06 1.4168862510e-24
2.4589868274e-02 1.1288378917e-06 2.2580294824e-24
2.7265866600e-02 1.1288378917e-06 3.4720480179e-24
3.0233081086e-02 1.1288378917e-06 5.4592513882e-24
3.3523203403e-02 1.1288378917e-06 8.5058985245e-24
3.7171374071e-02 1.1288378917e-06 1.3109309368e-23
4.1216557790e-02 1.1288378917e-06 1.9963014692e-23
4.5701959599e-02 1.1288378917e-06 3.0213807690e-23
5.0675486338e-02 1.1288378917e-06 4.5796686444e-23
5.6190258320e-02 1.1288378917e-06 6.9326013065e-23
6.2305176688e-02 1.1288378917e-06 1.0315446359e-22
6.9085552518e-02 1.1288378917e-06 1.4978067982e-22
7.6603804377e-02 1.1288378917e-06 2.1016063732e-22
8.4940231802e-02 1.1288378917e-06 2.8147141809e-22
9.4183872945e-02 1.1288378917e-06 3.5405552343e-22
1.0443345556e-01 1.1288378917e-06 4.0885482233e-22
1.1579845146e-01 1.1288378917e-06 4.2002553852e-22
1.2840024578e-01 1.1288378917e-06 3.6803536670e-22
1.4237343339e-01 1.1288378917e-06 2.5997828941e-22
1.5786725650e-01 1.1288378917e-06 1.3782078100e-22
1.7504719864e-01 1.1288378917e-06 5.0092610011e-23
1.9409675211e-01 1.1288378917e-06 1.0944496608e-23
2.1521937781e-01 1.1288378917e-06 1.1321741279e-24
2.3864067833e-01 1.1288378917e-06 3.9207030015e-26
2.6461080752e-01 1.1288378917e-06 2.4918309733e-28
2.9340714225e-01 1.1288378917e-06 1.1055468732e-31
3.2533724503e-01 1.1288378917e-06 1.0056796410e-36
3.6074214893e-01 1.1288378917e-06 2.0711121143e-44
4.0000000000e-01 1.1288378917e-06 nan
2.0000000000e-02 2.0691380811e-06 2.9647783229e-24
2.2176504808e-02 2.0691380811e-06 4.7604803355e-24
2.4589868274e-02 2.0691380811e-06 7.5865687459e-24
2.7265866600e-02 2.0691380811e-06 1.1665450421e-23
3.0233081086e-02 2.0691380811e-06 1.8342092644e-23
3.3523203403e-02 2.0691380811e-06 2.8578273404e-23
3.7171374071e-02 2.0691380811e-06 4.4044897334e-23
4.1216557790e-02 2.0691380811e-06 6.7072101812e-23
4.5701959599e-02 2.0691380811e-06 1.0151290358e-22
5.0675486338e-02 2.0691380811e-06 1.5386854457e-22
5.6190258320e-02 2.0691380811e-06 2.3292280641e-22
6.2305176688e-02 2.0691380811e-06 3.4658025308e-22
6.9085552518e-02 2.0691380811e-06 5.0323586698e-22
7.6603804377e-02 2.0691380811e-06 7.0610155233e-22
8.4940231802e-02 2.0691380811e-06 9.4569281756e-22
9.4183872945e-02 2.0691380811e-06 1.1895622220e-21
1.0443345556e-01 2.0691380811e-06 1.3736779085e-21
1.1579845146e-01 2.0691380811e-06 1.4112094850e-21
1.2840024578e-01 2.0691380811e-06 1.2365319551e-21
1.4237343339e-01 2.0691380811e-06 8.7347981082e-22
1.5786725650e-01 2.0691380811e-06 4.6305278023e-22
1.7504719864e-01 2.0691380811e-06 1.6830206713e-22
1.9409675211e-01 2.0691380811e-06 3.6771519839e-23
2.1521937781e-01 2.0691380811e-06 3.8038993383e-24
2.3864067833e-01 2.0691380811e-06 1.3172849640e-25
2.6461080752e-01 2.0691380811e-06 8.3720992708e-28
2.9340714225e-01 2.0691380811e-06 3.7144366012e-31
3.2533724503e-01 2.0691380811e-06 3.3789008480e-36
3.6074214893e-01 2.0691380811e-06 6.9585603549e-44
4.0000000000e-01 2.0691380811e-06 nan
2.0000000000e-02 3.7926901907e-06 9.9611164240e-24
2.2176504808e-02 3.7926901907e-06 1.5994348883e-23
2.4589868274e-02 3.7926901907e-06 2.5489492403e-23
2.7265866600e-02 3.7926901907e-06 3.9193793644e-23
3.0233081086e-02 3.7926901907e-06 6.1626098273e-23
3.3523203403e-02 3.7926901907e-06 9.6017805573e-23
3.7171374071e-02 3.7926901907e-06 1.4798285148e-22
4.1216557790e-02 3.7926901907e-06 2.2535007417e-22
4.5701959599e-02 3.7926901907e-06 3.4106490973e-22
5.0675486338e-02 3.7926901907e-06 5.1697034972e-22
5.6190258320e-02 3.7926901907e-06 7.8257830429e-22
6.2305176688e-02 3.7926901907e-06 1.1644466720e-21
6.9085552518e-02 3.7926901907e-06 1.6907810682e-21
7.6603804377e-02 3.7926901907e-06 2.3723729075e-21
8.4940231802e-02 3.7926901907e-06 3.1773560217e-21
9.4183872945e-02 3.7926901907e-06 3.9967129062e-21
1.0443345556e-01 3.7926901907e-06 4.6153081567e-21
1.1579845146e-01 3.7926901907e-06 4.7414074338e-21
1.2840024578e-01 3.7926901907e-06 4.1545226744e-21
1.4237343339e-01 3.7926901907e-06 2.9347334413e-21
1.5786725650e-01 3.7926901907e-06 1.5557731986e-21
1.7504719864e-01 3.7926901907e-06 5.6546436281e-22
1.9409675211e-01 3.7926901907e-06 1.2354562478e-22
2.1521937781e-01 3.7926901907e-06 1.2780410557e-23
2.3864067833e-01 3.7926901907e-06 4.4258381110e-25
2.6461080752e-01 3.7926901907e-06 2.8128732229e-27
2.9340714225e-01 3.7926901907e-06 1.2479832018e-30
3.2533724503e-01 3.7926901907e-06 1.1352492859e-35
3.6074214893e-01 3.7926901907e-06 2.3379498331e-43
4.0000000000e-01 3.7926901907e-06 nan
2.0000000000e-02 6.9519279618e-06 3.3467541113e-23
2.2176504808e-02 6.9519279618e-06 5.3738105854e-23
2.4589868274e-02 6.9519279618e-06 8.5640062684e-23
2.7265866600e-02 6.9519279618e-06 1.3168402459e-22
3.0233081086e-02 6.9519279618e-06 2.0705249189e-22
3.3523203403e-02 6.9519279618e-06 3.2260237898e-22
3.7171374071e-02 6.9519279618e-06 4.9719549047e-22
4.1216557790e-02 6.9519279618e-06 7.5713530002e-22
4.5701959599e-02 6.9519279618e-06 1.1459161206e-21
5.0675486338e-02 6.9519279618e-06 1.7369264345e-21
5.6190258320e-02 6.9519279618e-06 2.6293208973e-21
6.2305176688e-02 6.9519279618e-06 3.9123292221e-21
6.9085552518e-02 6.9519279618e-06 5.6807171515e-21
7.6603804377e-02 6.9519279618e-06 7.9707418772e-21
8.4940231802e-02 6.9519279618e-06 1.0675338865e-20
9.4183872945e-02 6.9519279618e-06 1.3428229109e-20
1.0443345556e-01 6.9519279618e-06 1.5506596743e-20
1.1579845146e-01 6.9519279618e-06 1.5930267401e-20
1.2840024578e-01 6.9519279618e-06 1.3958441255e-20
1.4237343339e-01 6.9519279618e-06 9.8601710834e-21
1.5786725650e-01 6.9519279618e-06 5.2271152434e-21
1.7504719864e-01 6.9519279618e-06 1.8998575070e-21
1.9409675211e-01 6.9519279618e-06 4.1509084948e-22
2.1521937781e-01 6.9519279618e-06 4.2939857115e-23
2.3864067833e-01 6.9519279618e-06 1.4870011825e-24
2.6461080752e-01 6.9519279618e-06 9.4507428967e-27
2.9340714225e-01 6.9519279618e-06 4.1929967851e-30
3.2533724503e-01 6.9519279618e-06 3.8142313127e-35
3.6074214893e-01 6.9519279618e-06 7.8550866064e-43
4.0000000000e-01 6.9519279618e-06 nan
2.0000000000e-02 1.2742749857e-05 1.1244485663e-22
2.2176504808e-02 1.2742749857e-05 1.8055027072e-22
2.4589868274e-02 1.2742749857e-05 2.8773504865e-22
2.7265866600e-02 1.2742749857e-05 4.4243439386e-22
3.0233081086e-02 1.2742749857e-05 6.9565874851e-22
3.3523203403e-02 1.2742749857e-05 1.0838853722e-21
3.7171374071e-02 1.2742749857e-05 1.6704865009e-21
4.1216557790e-02 1.2742749857e-05 2.5438370264e-21
4.5701959599e-02 1.2742749857e-05 3.8500699368e-21
5.0675486338e-02 1.2742749857e-05 5.8357571973e-21
5.6190258320e-02 1.2742749857e-05 8.8340404325e-21
6.2305176688e-02 1.2742749857e-05 1.3144715264e-20
6.9085552518e-02 1.2742749857e-05 1.9086177369e-20
7.6603804377e-02 1.2742749857e-05 2.6780244320e-20
8.4940231802e-02 1.2742749857e-05 3.5867198740e-20
9.4183872945e-02 1.2742749857e-05 4.5116409727e-20
1.0443345556e-01 1.2742749857e-05 5.2099347318e-20
1.1579845146e-01 1.2742749857e-05 5.3522803746e-20
1.2840024578e-01 1.2742749857e-05 4.6897826203e-20
1.4237343339e-01 1.2742749857e-05 3.3128383135e-20
1.5786725650e-01 1.2742749857e-05 1.7562157394e-20
1.7504719864e-01 1.2742749857e-05 6.3831759995e-21
1.9409675211e-01 1.2742749857e-05 1.3946298282e-21
2.1521937781e-01 1.2742749857e-05 1.4427011735e-22
2.3864067833e-01 1.2742749857e-05 4.9960537727e-24
2.6461080752e-01 1.2742749857e-05 3.1752778863e-26
2.9340714225e-01 1.2742749857e-05 1.4087707302e-29
3.2533724503e-01 1.2742749857e-05 1.2815124141e-34
3.6074214893e-01 1.2742749857e-05 2.6391663674e-42
4.0000000000e-01 1.2742749857e-05 nan
2.0000000000e-02 2.3357214691e-05 3.7779428554e-22
2.2176504808e-02 2.3357214691e-05 6.0661610123e-22
2.4589868274e-02 2.3357214691e-05 9.6673747818e-22
2.7265866600e-02 2.3357214691e-05 1.4864991672e-21
3.0233081086e-02 2.3357214691e-05 2.3372869846e-21
3.3523203403e-02 2.3357214691e-05 3.6416578943e-21
3.7171374071e-02 2.3357214691e-05 5.6125310938e-21
4.1216557790e-02 2.3357214691e-05 8.5468301610e-21
4.5701959599e-02 2.3357214691e-05 1.2935535381e-20
5.0675486338e-02 2.3357214691e-05 1.9607083753e-20
5.6190258320e-02 2.3357214691e-05 2.9680770600e-20
6.2305176688e-02 2.3357214691e-05 4.4163854738e-20
6.9085552518e-02 2.3357214691e-05 6.4126087780e-20
7.6603804377e-02 2.3357214691e-05 8.9976754650e-20
8.4940231802e-02 2.3357214691e-05 1.2050727032e-19
9.4183872945e-02 2.3357214691e-05 1.5158293858e-19
1.0443345556e-01 2.3357214691e-05 1.7504434006e-19
1.1579845146e-01 2.3357214691e-05 1.7982689505e-19
1.2840024578e-01 2.3357214691e-05 1.5756817437e-19
1.4237343339e-01 2.3357214691e-05 1.1130534771e-19
1.5786725650e-01 2.3357214691e-05 5.9005657723e-20
1.7504719864e-01 2.3357214691e-05 2.1446311519e-20
1.9409675211e-01 2.3357214691e-05 4.6857028179e-21
2.1521937781e-01 2.3357214691e-05 4.8472138069e-22
2.3864067833e-01 2.3357214691e-05 1.6785832916e-23
2.6461080752e-01 2.3357214691e-05 1.0668356773e-25
2.9340714225e-01 2.3357214691e-05 4.7332136936e-29
3.2533724503e-01 2.3357214691e-05 4.3056488746e-34
3.6074214893e-01 2.3357214691e-05 8.8671194828e-42
4.0000000000e-01 2.3357214691e-05 nan
2.0000000000e-02 4.2813323987e-05 1.2693201494e-21
2.2176504808e-02 4.2813323987e-05 2.0381198703e-21
2.4589868274e-02 4.2813323987e-05 3.2480622584e-21
2.7265866600e-02 4.2813323987e-05 4.9943670867e-21
3.0233081086e-02 4.2813323987e-05 7.8528595554e-21
3.3523203403e-02 4.2813323987e-05 1.2235308793e-20
3.7171374071e-02 4.2813323987e-05 1.8857084616e-20
4.1216557790e-02 4.2813323987e-05 2.8715796290e-20
4.5701959599e-02 4.2813323987e-05 4.3461048363e-20
5.0675486338e-02 4.2813323987e-05 6.5876238620e-20
5.6190258320e-02 4.2813323987e-05 9.9721995967e-20
6.2305176688e-02 4.2813323987e-05 1.4838252701e-19
6.9085552518e-02 4.2813323987e-05 2.1545200283e-19
7.6603804377e-02 4.2813323987e-05 3.0230554641e-19
8.4940231802e-02 4.2813323987e-05 4.0488253173e-19
9.4183872945e-02 4.2813323987e-05 5.0929113087e-19
1.0443345556e-01 4.2813323987e-05 5.8811717731e-19
1.1579845146e-01 4.2813323987e-05 6.0418569365e-19
1.2840024578e-01 4.2813323987e-05 5.2940043704e-19
1.4237343339e-01 4.2813323987e-05 3.7396574552e-19
1.5786725650e-01 4.2813323987e-05 1.9824828967e-19
1.7504719864e-01 4.2813323987e-05 7.2055710419e-20
1.9409675211e-01 4.2813323987e-05 1.5743110221e-20
2.1521937781e-01 4.2813323987e-05 1.6285757842e-21
2.3864067833e-01 4.2813323987e-05 5.6397349419e-23
2.6461080752e-01 4.2813323987e-05 3.5843740928e-25
2.9340714225e-01 4.2813323987e-05 1.5902738295e-28
3.2533724503e-01 4.2813323987e-05 1.4466198181e-33
3.6074214893e-01 4.2813323987e-05 2.9791910872e-41
4.0000000000e-01 4.2813323987e-05 nan
2.0000000000e-02 7.8475997035e-05 4.2646850528e-21
2.2176504808e-02 7.8475997035e-05 6.8477124172e-21
2.4589868274e-02 7.8475997035e-05 1.0912898985e-20
2.7265866600e-02 7.8475997035e-05 1.6780165891e-20
3.0233081086e-02 7.8475997035e-05 2.6384181181e-20
3.3523203403e-02 7.8475997035e-05 4.1108414309e-20
3.7171374071e-02 7.8475997035e-05 6.3356377878e-20
4.1216557790e-02 7.8475997035e-05 9.6479857773e-20
4.5701959599e-02 7.8475997035e-05 1.4602122556e-19
5.0675486338e-02 7.8475997035e-05 2.2133219210e-19
5.6190258320e-02 7.8475997035e-05 3.3504778733e-19
6.2305176688e-02 7.8475997035e-05 4.9853833071e-19
6.9085552518e-02 7.8475997035e-05 7.2387958427e-19
7.6603804377e-02 7.8475997035e-05 1.0156917119e-18
8.4940231802e-02 7.8475997035e-05 1.3603317484e-18
9.4183872945e-02 7.8475997035e-05 1.7111256764e-18
1.0443345556e-01 7.8475997035e-05 1.9759668770e-18
1.1579845146e-01 7.8475997035e-05 2.0299541790e-18
1.2840024578e-01 7.8475997035e-05 1.7786893082e-18
1.4237343339e-01 7.8475997035e-05 1.2564569833e-18
1.5786725650e-01 7.8475997035e-05 6.6607824977e-19
1.7504719864e-01 7.8475997035e-05 2.4209410258e-19
1.9409675211e-01 7.8475997035e-05 5.2893991963e-20
2.1521937781e-01 7.8475997035e-05 5.4717189889e-21
2.3864067833e-01 7.8475997035e-05 1.8948485757e-22
2.6461080752e-01 7.8475997035e-05 1.2042846476e-24
2.9340714225e-01 7.8475997035e-05 5.3430315143e-28
3.2533724503e-01 7.8475997035e-05 4.8603801220e-33
3.6074214893e-01 7.8475997035e-05 1.0009541469e-40
4.0000000000e-01 7.8475997035e-05 nan
2.0000000000e-02 1.4384498883e-04 1.4328566868e-20
2.2176504808e-02 1.4384498883e-04 2.3007069480e-20
2.4589868274e-02 1.4384498883e-04 3.6665357720e-20
2.7265866600e-02 1.4384498883e-04 5.6378308492e-20
3.0233081086e-02 1.4384498883e-04 8.8646054931e-20
3.3523203403e-02 1.4384498883e-04 1.3811680310e-19
3.7171374071e-02 1.4384498883e-04 2.1286591876e-19
4.1216557790e-02 1.4384498883e-04 3.2415479370e-19
4.5701959599e-02 1.4384498883e-04 4.9060478977e-19
5.0675486338e-02 1.4384498883e-04 7.4363595716e-19
5.6190258320e-02 1.4384498883e-04 1.1256997022e-18
6.2305176688e-02 1.4384498883e-04 1.6749982347e-18
6.9085552518e-02 1.4384498883e-04 2.4321039248e-18
7.6603804377e-02 1.4384498883e-04 3.4125396886e-18
8.4940231802e-02 1.4384498883e-04 4.5704676468e-18
9.4183872945e-02 1.4384498883e-04 5.7490715838e-18
1.0443345556e-01 1.4384498883e-04 6.6388899874e-18
1.1579845146e-01 1.4384498883e-04 6.8202775908e-18
1.2840024578e-01 1.4384498883e-04 5.9760733039e-18
1.4237343339e-01 1.4384498883e-04 4.2214675210e-18
1.5786725650e-01 1.4384498883e-04 2.2379021199e-18
1.7504719864e-01 1.4384498883e-04 8.1339229532e-19
1.9409675211e-01 1.4384498883e-04 1.7771422807e-19
2.1521937781e-01 1.4384498883e-04 1.8383984775e-20
2.3864067833e-01 1.4384498883e-04 6.3663482145e-22
2.6461080752e-01 1.4384498883e-04 4.0461785451e-24
2.9340714225e-01 1.4384498883e-04 1.7951619749e-27
3.2533724503e-01 1.4384498883e-04 1.6329998571e-32
3.6074214893e-01 1.4384498883e-04 3.3630249226e-40
4.0000000000e-01 1.4384498883e-04 nan
2.0000000000e-02 2.6366508987e-04 4.8141381466e-20
2.2176504808e-02 2.6366508987e-04 7.7299573678e-20
2.4589868274e-02 2.6366508987e-04 1.2318894109e-19
2.7265866600e-02 2.6366508987e-04 1.8942087502e-19
3.0233081086e-02 2.6366508987e-04 2.9783464235e-19
3.3523203403e-02 2.6366508987e-04 4.6404737182e-19
3.7171374071e-02 2.6366508987e-04 7.1519082681e-19
4.1216557790e-02 2.6366508987e-04 1.0891012406e-18
4.5701959599e-02 2.6366508987e-04 1.6483430112e-18
5.0675486338e-02 2.6366508987e-04 2.4984818090e-18
5.6190258320e-02 2.6366508987e-04 3.7821466648e-18
6.2305176688e-02 2.6366508987e-04 5.6276900913e-18
6.9085552518e-02 2.6366508987e-04 8.1714279238e-18
7.6603804377e-02 2.6366508987e-04 1.1465514397e-17
8.4940231802e-02 2.6366508987e-04 1.5355942620e-17
9.4183872945e-02 2.6366508987e-04 1.9315838616e-17
1.0443345556e-01 2.6366508987e-04 2.2305467828e-17
1.1579845146e-01 2.6366508987e-04 2.2914898106e-17
1.2840024578e-01 2.6366508987e-04 2.0078525342e-17
1.4237343339e-01 2.6366508987e-04 1.4183367979e-17
1.5786725650e-01 2.6366508987e-04 7.5189471321e-18
1.7504719864e-01 2.6366508987e-04 2.7328514646e-18
1.9409675211e-01 2.6366508987e-04 5.9708781390e-19
2.1521937781e-01 2.6366508987e-04 6.1766885004e-20
2.3864067833e-01 2.6366508987e-04 2.1389788050e-21
2.6461080752e-01 2.6366508987e-04 1.3594435549e-23
2.9340714225e-01 2.6366508987e-04 6.0314234065e-27
3.2533724503e-01 2.6366508987e-04 5.4865879282e-32
3.6074214893e-01 2.6366508987e-04 1.1299162521e-39
4.0000000000e-01 2.6366508987e-04 nan
2.0000000000e-02 4.8329302386e-04 1.6174629925e-19
2.2176504808e-02 4.8329302386e-04 2.5971253160e-19
2.4589868274e-02 4.8329302386e-04 4.1389247669e-19
2.7265866600e-02 4.8329302386e-04 6.3641975581e-19
3.0233081086e-02 4.8329302386e-04 1.0006703453e-18
3.3523203403e-02 4.8329302386e-04 1.5591149711e-18
3.7171374071e-02 4.8329302386e-04 2.4029114488e-18
4.1216557790e-02 4.8329302386e-04 3.6591826832e-18
4.5701959599e-02 4.8329302386e-04 5.5381337495e-18
5.0675486338e-02 4.8329302386e-04 8.3944462443e-18
5.6190258320e-02 4.8329302386e-04 1.2707328015e-17
6.2305176688e-02 4.8329302386e-04 1.8908020512e-17
6.9085552518e-02 4.8329302386e-04 2.7454520674e-17
7.6603804377e-02 4.8329302386e-04 3.8522057894e-17
8.4940231802e-02 4.8329302386e-04 5.1593197626e-17
9.4183872945e-02 4.8329302386e-04 6.4897739175e-17
1.0443345556e-01 4.8329302386e-04 7.4942362134e-17
1.1579845146e-01 4.8329302386e-04 7.6989947177e-17
1.2840024578e-01 4.8329302386e-04 6.7460252762e-17
1.4237343339e-01 4.8329302386e-04 4.7653586587e-17
1.5786725650e-01 4.8329302386e-04 2.5262326171e-17
1.7504719864e-01 4.8329302386e-04 9.1818973835e-18
1.9409675211e-01 4.8329302386e-04 2.0061099501e-18
2.1521937781e-01 4.8329302386e-04 2.0752592495e-19
2.3864067833e-01 4.8329302386e-04 7.1865969250e-21
2.6461080752e-01 4.8329302386e-04 4.5674956012e-23
2.9340714225e-01 4.8329302386e-04 2.0264547345e-26
3.2533724503e-01 4.8329302386e-04 1.8433996548e-31
3.6074214893e-01 4.8329302386e-04 3.7963244491e-39
4.0000000000e-01 4.8329302386e-04 nan
2.0000000000e-02 8.8586679041e-04 5.4343823577e-19
2.2176504808e-02 8.8586679041e-04 8.7258703059e-19
2.4589868274e-02 8.8586679041e-04 1.3906037347e-18
2.7265866600e-02 8.8586679041e-04 2.1382551410e-18
3.0233081086e-02 8.8586679041e-04 3.3620712877e-18
3.3523203403e-02 8.8586679041e-04 5.2383444071e-18
3.7171374071e-02 8.8586679041e-04 8.0733484303e-18
4.1216557790e-02 8.8586679041e-04 1.2294193626e-17
4.5701959599e-02 8.8586679041e-04 1.8607131604e-17
5.0675486338e-02 8.8586679041e-04 2.8203829512e-17
5.6190258320e-02 8.8586679041e-04 4.2694341136e-17
6.2305176688e-02 8.8586679041e-04 6.3527563126e-17
6.9085552518e-02 8.8586679041e-04 9.2242287641e-17
7.6603804377e-02 8.8586679041e-04 1.2942726086e-16
8.4940231802e-02 8.8586679041e-04 1.7334400372e-16
9.4183872945e-02 8.8586679041e-04 2.1804496502e-16
1.0443345556e-01 8.8586679041e-04 2.5179320908e-16
1.1579845146e-01 8.8586679041e-04 2.5867283623e-16
1.2840024578e-01 8.8586679041e-04 2.2665482475e-16
1.4237343339e-01 8.8586679041e-04 1.6010792771e-16
1.5786725650e-01 8.8586679041e-04 8.4877165239e-17
1.7504719864e-01 8.8586679041e-04 3.0849654148e-17
1.9409675211e-01 8.8586679041e-04 6.7402032125e-18
2.1521937781e-01 8.8586679041e-04 6.9725408476e-19
2.3864067833e-01 8.8586679041e-04 2.4145849658e-20
2.6461080752e-01 8.8586679041e-04 1.5346093935e-22
2.9340714225e-01 8.8586679041e-04 6.8085881840e-26
3.2533724503e-01 8.8586679041e-04 6.1935534518e-31
3.6074214893e-01 8.8586679041e-04 1.2755086317e-38
4.0000000000e-01 8.8586679041e-04 nan
2.0000000000e-02 1.6237767392e-03 1.8258544197e-18
2.2176504808e-02 1.6237767392e-03 2.9317351910e-18
2.4589868274e-02 1.6237767392e-03 4.6721783734e-18
2.7265866600e-02 1.6237767392e-03 7.1841533258e-18
3.0233081086e-02 1.6237767392e-03 1.1295957207e-17
3.3523203403e-02 1.6237767392e-03 1.7599901322e-17
3.7171374071e-02 1.6237767392e-03 2.7125013087e-17
4.1216557790e-02 1.6237767392e-03 4.1306310002e-17
4.5701959599e-02 1.6237767392e-03 6.2516677660e-17
5.0675486338e-02 1.6237767392e-03 9.4759917303e-17
5.6190258320e-02 1.6237767392e-03 1.4344554529e-16
6.2305176688e-02 1.6237767392e-03 2.1344163328e-16
6.9085552518e-02 1.6237767392e-03 3.0991830732e-16
7.6603804377e-02 1.6237767392e-03 4.3485372957e-16
8.4940231802e-02 1.6237767392e-03 5.8240700504e-16
9.4183872945e-02 1.6237767392e-03 7.3259545910e-16
1.0443345556e-01 1.6237767392e-03 8.4598496371e-16
1.1579845146e-01 1.6237767392e-03 8.6910054178e-16
1.2840024578e-01 1.6237767392e-03 7.6152618089e-16
1.4237343339e-01 1.6237767392e-03 5.3793959487e-16
1.5786725650e-01 1.6237767392e-03 2.8517568781e-16
1.7504719864e-01 1.6237767392e-03 1.0365089621e-16
1.9409675211e-01 1.6237767392e-03 2.2646290552e-17
2.1521937781e-01 1.6237767392e-03 2.3426999352e-18
2.3864067833e-01 1.6237767392e-03 8.1127810790e-20
2.6461080752e-01 1.6237767392e-03 5.1561652611e-22
2.9340714225e-01 1.6237767392e-03 2.2876392448e-25
3.2533724503e-01 1.6237767392e-03 2.0809954446e-30
3.6074214893e-01 1.6237767392e-03 4.2856194647e-38
4.0000000000e-01 1.6237767392e-03 nan
2.0000000000e-02 2.9763514416e-03 6.1345469429e-18
2.2176504808e-02 2.9763514416e-03 9.8501125107e-18
2.4589868274e-02 2.9763514416e-03 1.5697698744e-17
2.7265866600e-02 2.9763514416e-03 2.4137501668e-17
3.0233081086e-02 2.9763514416e-03 3.7952460830e-17
3.3523203403e-02 2.9763514416e-03 5.9132650844e-17
3.7171374071e-02 2.9763514416e-03 9.1135446851e-17
4.1216557790e-02 2.9763514416e-03 1.3878229896e-16
4.5701959599e-02 2.9763514416e-03 2.1004576771e-16
5.0675486338e-02 2.9763514416e-03 3.1837808029e-16
5.6190258320e-02 2.9763514416e-03 4.8195454703e-16
6.2305176688e-02 2.9763514416e-03 7.1713148059e-16
6.9085552518e-02 2.9763514416e-03 1.0412802874e-15
7.6603804377e-02 2.9763514416e-03 1.4610481584e-15
8.4940231802e-02 2.9763514416e-03 1.9568116369e-15
9.4183872945e-02 2.9763514416e-03 2.4614327552e-15
1.0443345556e-01 2.9763514416e-03 2.8424182374e-15
1.1579845146e-01 2.9763514416e-03 2.9200968395e-15
1.2840024578e-01 2.9763514416e-03 2.5586703678e-15
1.4237343339e-01 2.9763514416e-03 1.8074476000e-15
1.5786725650e-01 2.9763514416e-03 9.5818179236e-16
1.7504719864e-01 2.9763514416e-03 3.4826696122e-16
1.9409675211e-01 2.9763514416e-03 7.6092303827e-17
2.1521937781e-01 2.9763514416e-03 7.8716433573e-18
2.3864067833e-01 2.9763514416e-03 2.7259889935e-19
2.6461080752e-01 2.9763514416e-03 1.7325545583e-21
2.9340714225e-01 2.9763514416e-03 7.6869251317e-25
3.2533724503e-01 2.9763514416e-03 6.9926021587e-30
3.6074214893e-01 2.9763514416e-03 1.4400508010e-37
4.0000000000e-01 2.9763514416e-03 nan
2.0000000000e-02 5.4555947812e-03 2.0611051899e-17
2.2176504808e-02 5.4555947812e-03 3.3094757522e-17
2.4589868274e-02 5.4555947812e-03 5.2741735981e-17
2.7265866600e-02 5.4555947812e-03 8.1098205941e-17
3.0233081086e-02 5.4555947812e-03 1.2751446965e-16
3.3523203403e-02 5.4555947812e-03 1.9867699967e-16
3.7171374071e-02 5.4555947812e-03 3.0620228710e-16
4.1216557790e-02 5.4555947812e-03 4.6629011590e-16
4.5701959599e-02 5.4555947812e-03 7.0572792589e-16
5.0675486338e-02 5.4555947812e-03 1.0697148169e-15
5.6190258320e-02 5.4555947812e-03 1.6193201227e-15
6.2305176688e-02 5.4555947812e-03 2.4095034598e-15
6.9085552518e-02 5.4555947812e-03 3.4986377523e-15
7.6603804377e-02 5.4555947812e-03 4.9090668023e-15
8.4940231802e-02 5.4555947812e-03 6.5748693968e-15
9.4183872945e-02 5.4555947812e-03 8.2704762848e-15
1.0443345556e-01 5.4555947812e-03 9.5507141408e-15
1.1579845146e-01 5.4555947812e-03 9.8118633593e-15
1.2840024578e-01 5.4555947812e-03 8.5975793594e-15
1.4237343339e-01 5.4555947812e-03 6.0734666293e-15
1.5786725650e-01 5.4555947812e-03 3.2198055097e-15
1.7504719864e-01 5.4555947812e-03 1.1703257519e-15
1.9409675211e-01 5.4555947812e-03 2.5571143089e-16
2.1521937781e-01 5.4555947812e-03 2.6454033394e-17
2.3864067833e-01 5.4555947812e-03 9.1615590121e-19
2.6461080752e-01 5.4555947812e-03 5.8230632706e-21
2.9340714225e-01 5.4555947812e-03 2.5836524538e-24
3.2533724503e-01 5.4555947812e-03 2.3503302602e-29
3.6074214893e-01 5.4555947812e-03 4.8401201076e-37
4.0000000000e-01 5.4555947812e-03 nan
2.0000000000e-02 1.0000000000e-02 6.9250392637e-17
2.2176504808e-02 1.0000000000e-02 1.1119428360e-16
2.4589868274e-02 1.0000000000e-02 1.7720626904e-16
2.7265866600e-02 1.0000000000e-02 2.7248185542e-16
3.0233081086e-02 1.0000000000e-02 4.2843783863e-16
3.3523203403e-02 1.0000000000e-02 6.6754162275e-16
3.7171374071e-02 1.0000000000e-02 1.0288263324e-15
4.1216557790e-02 1.0000000000e-02 1.5667269322e-15
4.5701959599e-02 1.0000000000e-02 2.3712566023e-15
5.0675486338e-02 1.0000000000e-02 3.5942993688e-15
5.6190258320e-02 1.0000000000e-02 5.4410776625e-15
6.2305176688e-02 1.0000000000e-02 8.0963065204e-15
6.9085552518e-02 1.0000000000e-02 1.1756200418e-14
7.6603804377e-02 1.0000000000e-02 1.6495948413e-14
8.4940231802e-02 1.0000000000e-02 2.2094180495e-14
9.4183872945e-02 1.0000000000e-02 2.7793048906e-14
1.0443345556e-01 1.0000000000e-02 3.2096626458e-14
1.1579845146e-01 1.0000000000e-02 3.2975882961e-14
1.2840024578e-01 1.0000000000e-02 2.8896597775e-14
1.4237343339e-01 1.0000000000e-02 2.0414448938e-14
1.5786725650e-01 1.0000000000e-02 1.0823479091e-14
1.7504719864e-01 1.0000000000e-02 3.9344754486e-15
1.9409675211e-01 1.0000000000e-02 8.5976609033e-16
2.1521937781e-01 1.0000000000e-02 8.8956845865e-17
2.3864067833e-01 1.0000000000e-02 3.0812001349e-18
2.6461080752e-01 1.0000000000e-02 1.9586946379e-20
2.9340714225e-01 1.0000000000e-02 8.6917196450e-24
3.2533724503e-01 1.0000000000e-02 7.9073173562e-29
3.6074214893e-01 1.0000000000e-02 1.6282326563e-36
4.0000000000e-01 1.0000000000e-02 nan
