2.0000000000e-02 1.0000000000e-07 4.5402679356e-26
2.2176504808e-02 1.0000000000e-07 7.2207980939e-26
2.4589868274e-02 1.0000000000e-07 1.1439337424e-25
2.7265866600e-02 1.0000000000e-07 1.7868069069e-25
3.0233081086e-02 1.0000000000e-07 2.7775696450e-25
3.3523203403e-02 1.0000000000e-07 4.3034203345e-25
3.7171374071e-02 1.0000000000e-07 6.7047260911e-25
4.1216557790e-02 1.0000000000e-07 1.0287019395e-24
4.5701959599e-02 1.0000000000e-07 1.5660296085e-24
5.0675486338e-02 1.0000000000e-07 2.3718223138e-24
5.6190258320e-02 1.0000000000e-07 3.6061013883e-24
6.2305176688e-02 1.0000000000e-07 5.3844372296e-24
6.9085552518e-02 1.0000000000e-07 7.8380192392e-24
7.6603804377e-02 1.0000000000e-07 1.1017641227e-23
8.4940231802e-02 1.0000000000e-07 1.4775335641e-23
9.4183872945e-02 1.0000000000e-07 1.8603895218e-23
1.0443345556e-01 1.0000000000e-07 2.1493478363e-23
1.1579845146e-01 1.0000000000e-07 2.2045406104e-23
1.2840024578e-01 1.0000000000e-07 1.9194852705e-23
1.4237343339e-01 1.0000000000e-07 1.3385095590e-23
1.5786725650e-01 1.0000000000e-07 6.9569873770e-24
1.7504719864e-01 1.0000000000e-07 2.4610709839e-24
1.9409675211e-01 1.0000000000e-07 5.1586647553e-25
2.1521937781e-01 1.0000000000e-07 5.0332405468e-26
2.3864067833e-01 1.0000000000e-07 1.5931061114e-27
2.6461080752e-01 1.0000000000e-07 8.8643610123e-30
2.9340714225e-01 1.0000000000e-07 3.4093827583e-33
3.2533724503e-01 1.0000000000e-07 2.2436979860e-38
3.6074214893e-01 1.0000000000e-07 2.9595441826e-46
4.0000000000e-01 1.0000000000e-07 nan
2.0000000000e-02 1.8329807108e-07 1.5254475235e-25
2.2176504808e-02 1.8329807108e-07 2.4260569477e-25
2.4589868274e-02 1.8329807108e-07 3.8434095060e-25
2.7265866600e-02 1.8329807108e-07 6.0033465200e-25
3.0233081086e-02 1.8329807108e-07 9.3321292848e-25
3.3523203403e-02 1.8329807108e-07 1.4458710333e-24
3.7171374071e-02 1.8329807108e-07 2.2526661326e-24
4.1216557790e-02 1.8329807108e-07 3.4562515875e-24
4.5701959599e-02 1.8329807108e-07 5.2615749155e-24
5.0675486338e-02 1.8329807108e-07 7.9688919818e-24
5.6190258320e-02 1.8329807108e-07 1.2115845386e-23
6.2305176688e-02 1.8329807108e-07 1.8090730666e-23
6.9085552518e-02 1.8329807108e-07 2.6334320368e-23
7.6603804377e-02 1.8329807108e-07 3.7017272467e-23
8.4940231802e-02 1.8329807108e-07 4.9642442872e-23
9.4183872945e-02 1.8329807108e-07 6.2505707349e-23
1.0443345556e-01 1.8329807108e-07 7.2214181639e-23
1.1579845146e-01 1.8329807108e-07 7.4068558556e-23
1.2840024578e-01 1.8329807108e-07 6.4491217121e-23
1.4237343339e-01 1.8329807108e-07 4.4971488928e-23
1.5786725650e-01 1.8329807108e-07 2.3374213407e-23
1.7504719864e-01 1.8329807108e-07 8.2687512956e-24
1.9409675211e-01 1.8329807108e-07 1.7332176178e-24
2.1521937781e-01 1.8329807108e-07 1.6910773628e-25
2.3864067833e-01 1.8329807108e-07 5.3525470451e-27
2.6461080752e-01 1.8329807108e-07 2.9782642225e-29
2.9340714225e-01 1.8329807108e-07 1.1454906536e-32
3.2533724503e-01 1.8329807108e-07 7.5384175223e-38
3.6074214893e-01 1.8329807108e-07 9.9435306637e-46
4.0000000000e-01 1.8329807108e-07 nan
2.0000000000e-02 3.3598182863e-07 5.1252264841e-25
2.2176504808e-02 3.3598182863e-07 8.1511104966e-25
2.4589868274e-02 3.3598182863e-07 1.2913157540e-24
2.7265866600e-02 3.3598182863e-07 2.0170153417e-24
3.0233081086e-02 3.3598182863e-07 3.1354258621e-24
3.3523203403e-02 3.3598182863e-07 4.8578639375e-24
3.7171374071e-02 3.3598182863e-07 7.5685488650e-24
4.1216557790e-02 3.3598182863e-07 1.1612377286e-23
4.5701959599e-02 3.3598182863e-07 1.7677935616e-23
5.0675486338e-02 3.3598182863e-07 2.6774029002e-23
5.6190258320e-02 3.3598182863e-07 4.0707038883e-23
6.2305176688e-02 3.3598182863e-07 6.0781567702e-23
6.9085552518e-02 3.3598182863e-07 8.8478531129e-23
7.6603804377e-02 3.3598182863e-07 1.2437130894e-22
8.4940231802e-02 3.3598182863e-07 1.6678958734e-22
9.4183872945e-02 3.3598182863e-07 2.1000781855e-22
1.0443345556e-01 3.3598182863e-07 2.4262652800e-22
1.1579845146e-01 3.3598182863e-07 2.4885689747e-22
1.2840024578e-01 3.3598182863e-07 2.1667877059e-22
1.4237343339e-01 3.3598182863e-07 1.5109603086e-22
1.5786725650e-01 3.3598182863e-07 7.8533109631e-23
1.7504719864e-01 3.3598182863e-07 2.7781501808e-23
1.9409675211e-01 3.3598182863e-07 5.8232962463e-24
2.1521937781e-01 3.3598182863e-07 5.6817126472e-25
2.3864067833e-01 3.3598182863e-07 1.7983585440e-26
2.6461080752e-01 3.3598182863e-07 1.0006426596e-28
2.9340714225e-01 3.3598182863e-07 3.8486404449e-32
3.2533724503e-01 3.3598182863e-07 2.5327713041e-37
3.6074214893e-01 3.3598182863e-07 3.3408456154e-45
4.0000000000e-01 3.3598182863e-07 nan
2.0000000000e-02 6.1584821107e-07 1.7219829663e-24
2.2176504808e-02 6.1584821107e-07 2.7386250100e-24
2.4589868274e-02 6.1584821107e-07 4.3385862836e-24
2.7265866600e-02 6.1584821107e-07 6.7768050286e-24
3.0233081086e-02 6.1584821107e-07 1.0534461147e-23
3.3523203403e-02 6.1584821107e-07 1.6321540089e-23
3.7171374071e-02 6.1584821107e-07 2.5428948877e-23
4.1216557790e-02 6.1584821107e-07 3.9015477552e-23
4.5701959599e-02 6.1584821107e-07 5.9394651346e-23
5.0675486338e-02 6.1584821107e-07 8.9955872238e-23
5.6190258320e-02 6.1584821107e-07 1.3676825362e-22
6.2305176688e-02 6.1584821107e-07 2.0421502264e-22
6.9085552518e-02 6.1584821107e-07 2.9727178683e-22
7.6603804377e-02 6.1584821107e-07 4.1786499808e-22
8.4940231802e-02 6.1584821107e-07 5.6038270549e-22
9.4183872945e-02 6.1584821107e-07 7.0558810902e-22
1.0443345556e-01 6.1584821107e-07 8.1518104551e-22
1.1579845146e-01 6.1584821107e-07 8.3611395480e-22
1.2840024578e-01 6.1584821107e-07 7.2800129567e-22
1.4237343339e-01 6.1584821107e-07 5.0765520747e-22
1.5786725650e-01 6.1584821107e-07 2.6385697782e-22
1.7504719864e-01 6.1584821107e-07 9.3340797795e-23
1.9409675211e-01 6.1584821107e-07 1.9565217215e-23
2.1521937781e-01 6.1584821107e-07 1.9089522050e-24
2.3864067833e-01 6.1584821107e-07 6.0421579216e-26
2.6461080752e-01 6.1584821107e-07 3.3619775059e-28
2.9340714225e-01 6.1584821107e-07 1.2930732544e-31
3.2533724503e-01 6.1584821107e-07 8.5096513426e-37
3.6074214893e-01 6.1584821107e-07 1.1224634190e-44
4.0000000000e-01 6.1584821107e-07 nan
2.0000000000e-02 1.1288378917e-06 5.7855498587e-24
2.2176504808e-02 1.1288378917e-06 9.2012823879e-24
2.4589868274e-02 1.1288378917e-06 1.4576861532e-23
2.7265866600e-02 1.1288378917e-06 2.2768833458e-23
3.0233081086e-02 1.1288378917e-06 3.5393875197e-23
3.3523203403e-02 1.1288378917e-06 5.4837408853e-23
3.7171374071e-02 1.1288378917e-06 8.5436647439e-23
4.1216557790e-02 1.1288378917e-06 1.3108491493e-22
4.5701959599e-02 1.1288378917e-06 1.9955523570e-22
5.0675486338e-02 1.1288378917e-06 3.0223538450e-22
5.6190258320e-02 1.1288378917e-06 4.5951647950e-22
6.2305176688e-02 1.1288378917e-06 6.8612536738e-22
6.9085552518e-02 1.1288378917e-06 9.9877918540e-22
7.6603804377e-02 1.1288378917e-06 1.4039504617e-21
8.4940231802e-02 1.1288378917e-06 1.8827840612e-21
9.4183872945e-02 1.1288378917e-06 2.3706478313e-21
1.0443345556e-01 1.1288378917e-06 2.7388601833e-21
1.1579845146e-01 1.1288378917e-06 2.8091909548e-21
1.2840024578e-01 1.1288378917e-06 2.4459520656e-21
1.4237343339e-01 1.1288378917e-06 1.7056292492e-21
1.5786725650e-01 1.1288378917e-06 8.8651149905e-22
1.7504719864e-01 1.1288378917e-06 3.1360811929e-22
1.9409675211e-01 1.1288378917e-06 6.5735574574e-23
2.1521937781e-01 1.1288378917e-06 6.4137325259e-24
2.3864067833e-01 1.1288378917e-06 2.0300552674e-25
2.6461080752e-01 1.1288378917e-06 1.1295633502e-27
2.9340714225e-01 1.1288378917e-06 4.3444911657e-31
3.2533724503e-01 1.1288378917e-06 2.8590882191e-36
3.6074214893e-01 1.1288378917e-06 3.7712731210e-44
4.0000000000e-01 1.1288378917e-06 nan
2.0000000000e-02 2.0691380811e-06 1.9438396211e-23
2.2176504808e-02 2.0691380811e-06 3.0914636824e-23
2.4589868274e-02 2.0691380811e-06 4.8975605933e-23
2.7265866600e-02 2.0691380811e-06 7.6499143009e-23
3.0233081086e-02 2.0691380811e-06 1.1891698911e-22
3.3523203403e-02 2.0691380811e-06 1.8424372904e-22
3.7171374071e-02 2.0691380811e-06 2.8705161039e-22
4.1216557790e-02 2.0691380811e-06 4.4042149423e-22
4.5701959599e-02 2.0691380811e-06 6.7046933003e-22
5.0675486338e-02 2.0691380811e-06 1.0154559716e-21
5.6190258320e-02 2.0691380811e-06 1.5438918707e-21
6.2305176688e-02 2.0691380811e-06 2.3052565560e-21
6.9085552518e-02 2.0691380811e-06 3.3557165711e-21
7.6603804377e-02 2.0691380811e-06 4.7170184344e-21
8.4940231802e-02 2.0691380811e-06 6.3258123181e-21
9.4183872945e-02 2.0691380811e-06 7.9649459339e-21
1.0443345556e-01 2.0691380811e-06 9.2020725276e-21
1.1579845146e-01 2.0691380811e-06 9.4383711396e-21
1.2840024578e-01 2.0691380811e-06 8.2179544776e-21
1.4237343339e-01 2.0691380811e-06 5.7306043412e-21
1.5786725650e-01 2.0691380811e-06 2.9785175456e-21
1.7504719864e-01 2.0691380811e-06 1.0536662939e-21
1.9409675211e-01 2.0691380811e-06 2.2085958552e-22
2.1521937781e-01 2.0691380811e-06 2.1548975825e-23
2.3864067833e-01 2.0691380811e-06 6.8206168098e-25
2.6461080752e-01 2.0691380811e-06 3.7951275999e-27
2.9340714225e-01 2.0691380811e-06 1.4596700864e-30
3.2533724503e-01 2.0691380811e-06 9.6060168813e-36
3.6074214893e-01 2.0691380811e-06 1.2670792395e-43
4.0000000000e-01 2.0691380811e-06 nan
2.0000000000e-02 3.7926901907e-06 6.5309479047e-23
2.2176504808e-02 3.7926901907e-06 1.0386756212e-22
2.4589868274e-02 3.7926901907e-06 1.6454913640e-22
2.7265866600e-02 3.7926901907e-06 2.5702321957e-22
3.0233081086e-02 3.7926901907e-06 3.9953947456e-22
3.3523203403e-02 3.7926901907e-06 6.1902544995e-22
3.7171374071e-02 3.7926901907e-06 9.6444124969e-22
4.1216557790e-02 3.7926901907e-06 1.4797361900e-21
4.5701959599e-02 3.7926901907e-06 2.2526551154e-21
5.0675486338e-02 3.7926901907e-06 3.4117475424e-21
5.6190258320e-02 3.7926901907e-06 5.1871961392e-21
6.2305176688e-02 3.7926901907e-06 7.7452431316e-21
6.9085552518e-02 3.7926901907e-06 1.1274597899e-20
7.6603804377e-02 3.7926901907e-06 1.5848324793e-20
8.4940231802e-02 3.7926901907e-06 2.1253579903e-20
9.4183872945e-02 3.7926901907e-06 2.6760770999e-20
1.0443345556e-01 3.7926901907e-06 3.0917291551e-20
1.1579845146e-01 3.7926901907e-06 3.1711211949e-20
1.2840024578e-01 3.7926901907e-06 2.7610833731e-20
1.4237343339e-01 3.7926901907e-06 1.9253789258e-20
1.5786725650e-01 3.7926901907e-06 1.0007277716e-20
1.7504719864e-01 3.7926901907e-06 3.5401272823e-21
1.9409675211e-01 3.7926901907e-06 7.4204807421e-22
2.1521937781e-01 3.7926901907e-06 7.2400643036e-23
2.3864067833e-01 3.7926901907e-06 2.2916033085e-24
2.6461080752e-01 3.7926901907e-06 1.2750939111e-26
2.9340714225e-01 3.7926901907e-06 4.9042262491e-30
3.2533724503e-01 3.7926901907e-06 3.2274471182e-35
3.6074214893e-01 3.7926901907e-06 4.2571559999e-43
4.0000000000e-01 3.7926901907e-06 nan
2.0000000000e-02 6.9519279618e-06 2.1942798197e-22
2.2176504808e-02 6.9519279618e-06 3.4897613455e-22
2.4589868274e-02 6.9519279618e-06 5.5285519746e-22
2.7265866600e-02 6.9519279618e-06 8.6355131311e-22
3.0233081086e-02 6.9519279618e-06 1.3423800328e-21
3.3523203403e-02 6.9519279618e-06 2.0798130264e-21
3.7171374071e-02 6.9519279618e-06 3.2403473468e-21
4.1216557790e-02 6.9519279618e-06 4.9716447101e-21
4.5701959599e-02 6.9519279618e-06 7.5685118497e-21
5.0675486338e-02 6.9519279618e-06 1.1462851782e-20
5.6190258320e-02 6.9519279618e-06 1.7428036444e-20
6.2305176688e-02 6.9519279618e-06 2.6022609507e-20
6.9085552518e-02 6.9519279618e-06 3.7880600195e-20
7.6603804377e-02 6.9519279618e-06 5.3247491450e-20
8.4940231802e-02 6.9519279618e-06 7.1408166412e-20
9.4183872945e-02 6.9519279618e-06 8.9911327766e-20
1.0443345556e-01 6.9519279618e-06 1.0387648153e-19
1.1579845146e-01 6.9519279618e-06 1.0654390980e-19
1.2840024578e-01 6.9519279618e-06 9.2767384086e-20
1.4237343339e-01 6.9519279618e-06 6.4689233244e-20
1.5786725650e-01 6.9519279618e-06 3.3622634676e-20
1.7504719864e-01 6.9519279618e-06 1.1894184382e-20
1.9409675211e-01 6.9519279618e-06 2.4931466899e-21
2.1521937781e-01 6.9519279618e-06 2.4325300451e-22
2.3864067833e-01 6.9519279618e-06 7.6993707045e-24
2.6461080752e-01 6.9519279618e-06 4.2840838416e-26
2.9340714225e-01 6.9519279618e-06 1.6477309042e-29
3.2533724503e-01 6.9519279618e-06 1.0843635853e-34
3.6074214893e-01 6.9519279618e-06 1.4303270585e-42
4.0000000000e-01 6.9519279618e-06 nan
2.0000000000e-02 1.2742749857e-05 7.3723814637e-22
2.2176504808e-02 1.2742749857e-05 1.1724963984e-21
2.4589868274e-02 1.2742749857e-05 1.8574930022e-21
2.7265866600e-02 1.2742749857e-05 2.9013754931e-21
3.0233081086e-02 1.2742749857e-05 4.5101529814e-21
3.3523203403e-02 1.2742749857e-05 6.9877938387e-21
3.7171374071e-02 1.2742749857e-05 1.0886978270e-20
4.1216557790e-02 1.2742749857e-05 1.6703822811e-20
4.5701959599e-02 1.2742749857e-05 2.5428824515e-20
5.0675486338e-02 1.2742749857e-05 3.8513099033e-20
5.6190258320e-02 1.2742749857e-05 5.8555035546e-20
6.2305176688e-02 1.2742749857e-05 8.7431239292e-20
6.9085552518e-02 1.2742749857e-05 1.2727193325e-19
7.6603804377e-02 1.2742749857e-05 1.7890189552e-19
8.4940231802e-02 1.2742749857e-05 2.3991846337e-19
9.4183872945e-02 1.2742749857e-05 3.0208572327e-19
1.0443345556e-01 1.2742749857e-05 3.4900610230e-19
1.1579845146e-01 1.2742749857e-05 3.5796817662e-19
1.2840024578e-01 1.2742749857e-05 3.1168155360e-19
1.4237343339e-01 1.2742749857e-05 2.1734406893e-19
1.5786725650e-01 1.2742749857e-05 1.1296594291e-19
1.7504719864e-01 1.2742749857e-05 3.9962298229e-20
1.9409675211e-01 1.2742749857e-05 8.3765198491e-21
2.1521937781e-01 1.2742749857e-05 8.1728589390e-22
2.3864067833e-01 1.2742749857e-05 2.5868486528e-23
2.6461080752e-01 1.2742749857e-05 1.4393743258e-25
2.9340714225e-01 1.2742749857e-05 5.5360764344e-29
3.2533724503e-01 1.2742749857e-05 3.6432646108e-34
3.6074214893e-01 1.2742749857e-05 4.8056390161e-42
4.0000000000e-01 1.2742749857e-05 nan
2.0000000000e-02 2.3357214691e-05 2.4769862057e-21
2.2176504808e-02 2.3357214691e-05 3.9393748402e-21
2.4589868274e-02 2.3357214691e-05 6.2408389560e-21
2.7265866600e-02 2.3357214691e-05 9.7480944382e-21
3.0233081086e-02 2.3357214691e-05 1.5153294463e-20
3.3523203403e-02 2.3357214691e-05 2.3477717525e-20
3.7171374071e-02 2.3357214691e-05 3.6578268684e-20
4.1216557790e-02 2.3357214691e-05 5.6121809347e-20
4.5701959599e-02 2.3357214691e-05 8.5436229632e-20
5.0675486338e-02 2.3357214691e-05 1.2939701444e-19
5.6190258320e-02 2.3357214691e-05 1.9673427927e-19
6.2305176688e-02 2.3357214691e-05 2.9375307673e-19
6.9085552518e-02 2.3357214691e-05 4.2761056896e-19
7.6603804377e-02 2.3357214691e-05 6.0107786048e-19
8.4940231802e-02 2.3357214691e-05 8.0608244120e-19
9.4183872945e-02 2.3357214691e-05 1.0149531382e-18
1.0443345556e-01 2.3357214691e-05 1.1725970861e-18
1.1579845146e-01 2.3357214691e-05 1.2027080277e-18
1.2840024578e-01 2.3357214691e-05 1.0471933853e-18
1.4237343339e-01 2.3357214691e-05 7.3023657892e-19
1.5786725650e-01 2.3357214691e-05 3.7954504178e-19
1.7504719864e-01 2.3357214691e-05 1.3426606080e-19
1.9409675211e-01 2.3357214691e-05 2.8143584676e-20
2.1521937781e-01 2.3357214691e-05 2.7459321044e-21
2.3864067833e-01 2.3357214691e-05 8.6913414554e-23
2.6461080752e-01 2.3357214691e-05 4.8360362112e-25
2.9340714225e-01 2.3357214691e-05 1.8600210969e-28
3.2533724503e-01 2.3357214691e-05 1.2240707151e-33
3.6074214893e-01 2.3357214691e-05 1.6146073954e-41
4.0000000000e-01 2.3357214691e-05 nan
2.0000000000e-02 4.2813323987e-05 8.3222235511e-21
2.2176504808e-02 4.2813323987e-05 1.3235583629e-20
2.4589868274e-02 4.2813323987e-05 2.0968084854e-20
2.7265866600e-02 4.2813323987e-05 3.2751825965e-20
3.0233081086e-02 4.2813323987e-05 5.0912315862e-20
3.3523203403e-02 4.2813323987e-05 7.8880864709e-20
3.7171374071e-02 4.2813323987e-05 1.2289633610e-19
4.1216557790e-02 4.2813323987e-05 1.8855908147e-19
4.5701959599e-02 4.2813323987e-05 2.8705020694e-19
5.0675486338e-02 4.2813323987e-05 4.3475045588e-19
5.6190258320e-02 4.2813323987e-05 6.6099143005e-19
6.2305176688e-02 4.2813323987e-05 9.8695696067e-19
6.9085552518e-02 4.2813323987e-05 1.4366938122e-18
7.6603804377e-02 4.2813323987e-05 2.0195123925e-18
8.4940231802e-02 4.2813323987e-05 2.7082905348e-18
9.4183872945e-02 4.2813323987e-05 3.4100581266e-18
1.0443345556e-01 4.2813323987e-05 3.9397131504e-18
1.1579845146e-01 4.2813323987e-05 4.0408804466e-18
1.2840024578e-01 4.2813323987e-05 3.5183795085e-18
1.4237343339e-01 4.2813323987e-05 2.4534622305e-18
1.5786725650e-01 4.2813323987e-05 1.2752023839e-18
1.7504719864e-01 4.2813323987e-05 4.5110957137e-19
1.9409675211e-01 4.2813323987e-05 9.4557331701e-20
2.1521937781e-01 4.2813323987e-05 9.2258330429e-21
2.3864067833e-01 4.2813323987e-05 2.9201328494e-22
2.6461080752e-01 4.2813323987e-05 1.6248203240e-24
2.9340714225e-01 4.2813323987e-05 6.2493330417e-28
3.2533724503e-01 4.2813323987e-05 4.1126552740e-33
3.6074214893e-01 4.2813323987e-05 5.4247875761e-41
4.0000000000e-01 4.2813323987e-05 nan
2.0000000000e-02 7.8475997035e-05 2.7961158894e-20
2.2176504808e-02 7.8475997035e-05 4.4469155953e-20
2.4589868274e-02 7.8475997035e-05 7.0448955010e-20
2.7265866600e-02 7.8475997035e-05 1.1004018395e-19
3.0233081086e-02 7.8475997035e-05 1.7105613014e-19
3.3523203403e-02 7.8475997035e-05 2.6502537225e-19
3.7171374071e-02 7.8475997035e-05 4.1290935839e-19
4.1216557790e-02 7.8475997035e-05 6.3352425191e-19
4.5701959599e-02 7.8475997035e-05 9.6443653786e-19
5.0675486338e-02 7.8475997035e-05 1.4606825380e-18
5.6190258320e-02 7.8475997035e-05 2.2208111053e-18
6.2305176688e-02 7.8475997035e-05 3.3159960648e-18
6.9085552518e-02 7.8475997035e-05 4.8270301780e-18
7.6603804377e-02 7.8475997035e-05 6.7851947262e-18
8.4940231802e-02 7.8475997035e-05 9.0993641609e-18
9.4183872945e-02 7.8475997035e-05 1.1457175798e-17
1.0443345556e-01 7.8475997035e-05 1.3236720489e-17
1.1579845146e-01 7.8475997035e-05 1.3576624268e-17
1.2840024578e-01 7.8475997035e-05 1.1821116072e-17
1.4237343339e-01 7.8475997035e-05 8.2431874848e-18
1.5786725650e-01 7.8475997035e-05 4.2844484236e-18
1.7504719864e-01 7.8475997035e-05 1.5156462443e-18
1.9409675211e-01 7.8475997035e-05 3.1769546643e-19
2.1521937781e-01 7.8475997035e-05 3.0997124210e-20
2.3864067833e-01 7.8475997035e-05 9.8111163549e-22
2.6461080752e-01 7.8475997035e-05 5.4591014257e-24
2.9340714225e-01 7.8475997035e-05 2.0996625094e-27
3.2533724503e-01 7.8475997035e-05 1.3817775542e-32
3.6074214893e-01 7.8475997035e-05 1.8226301897e-40
4.0000000000e-01 7.8475997035e-05 nan
2.0000000000e-02 1.4384498883e-04 9.3944413242e-20
2.2176504808e-02 1.4384498883e-04 1.4940828388e-19
2.4589868274e-02 1.4384498883e-04 2.3669568830e-19
2.7265866600e-02 1.4384498883e-04 3.6971502413e-19
3.0233081086e-02 1.4384498883e-04 5.7471751747e-19
3.3523203403e-02 1.4384498883e-04 8.9043709841e-19
3.7171374071e-02 1.4384498883e-04 1.3873004248e-18
4.1216557790e-02 1.4384498883e-04 2.1285263881e-18
4.5701959599e-02 1.4384498883e-04 3.2403315554e-18
5.0675486338e-02 1.4384498883e-04 4.9076279731e-18
5.6190258320e-02 1.4384498883e-04 7.4615218923e-18
6.2305176688e-02 1.4384498883e-04 1.1141144449e-17
6.9085552518e-02 1.4384498883e-04 1.6217944666e-17
7.6603804377e-02 1.4384498883e-04 2.2797022001e-17
8.4940231802e-02 1.4384498883e-04 3.0572211201e-17
9.4183872945e-02 1.4384498883e-04 3.8494030416e-17
1.0443345556e-01 1.4384498883e-04 4.4472977850e-17
1.1579845146e-01 1.4384498883e-04 4.5614993309e-17
1.2840024578e-01 1.4384498883e-04 3.9716804893e-17
1.4237343339e-01 1.4384498883e-04 2.7695614511e-17
1.5786725650e-01 1.4384498883e-04 1.4394969691e-17
1.7504719864e-01 1.4384498883e-04 5.0922966132e-18
1.9409675211e-01 1.4384498883e-04 1.0673991987e-18
2.1521937781e-01 1.4384498883e-04 1.0414472333e-19
2.3864067833e-01 1.4384498883e-04 3.2963575015e-21
2.6461080752e-01 1.4384498883e-04 1.8341593189e-23
2.9340714225e-01 1.4384498883e-04 7.0544863724e-27
3.2533724503e-01 1.4384498883e-04 4.6425227893e-32
3.6074214893e-01 1.4384498883e-04 6.1237078208e-40
4.0000000000e-01 1.4384498883e-04 nan
2.0000000000e-02 2.6366508987e-04 3.1563616070e-19
2.2176504808e-02 2.6366508987e-04 5.0198469034e-19
2.4589868274e-02 2.6366508987e-04 7.9525451318e-19
2.7265866600e-02 2.6366508987e-04 1.2421753199e-18
3.0233081086e-02 2.6366508987e-04 1.9309464637e-18
3.3523203403e-02 2.6366508987e-04 2.9917069181e-18
3.7171374071e-02 2.6366508987e-04 4.6610774696e-18
4.1216557790e-02 2.6366508987e-04 7.1514621269e-18
4.5701959599e-02 2.6366508987e-04 1.0886925660e-17
5.0675486338e-02 2.6366508987e-04 1.6488739015e-17
5.6190258320e-02 2.6366508987e-04 2.5069359168e-17
6.2305176688e-02 2.6366508987e-04 3.7432223478e-17
6.9085552518e-02 2.6366508987e-04 5.4489351640e-17
7.6603804377e-02 2.6366508987e-04 7.6593859114e-17
8.4940231802e-02 2.6366508987e-04 1.0271708666e-16
9.4183872945e-02 2.6366508987e-04 1.2933296604e-16
1.0443345556e-01 2.6366508987e-04 1.4942115018e-16
1.1579845146e-01 2.6366508987e-04 1.5325812056e-16
1.2840024578e-01 2.6366508987e-04 1.3344128065e-16
1.4237343339e-01 2.6366508987e-04 9.3052259884e-17
1.5786725650e-01 2.6366508987e-04 4.8364499674e-17
1.7504719864e-01 2.6366508987e-04 1.7109198575e-17
1.9409675211e-01 2.6366508987e-04 3.5862691653e-18
2.1521937781e-01 2.6366508987e-04 3.4990755562e-19
2.3864067833e-01 2.6366508987e-04 1.1075169974e-20
2.6461080752e-01 2.6366508987e-04 6.1624469778e-23
2.9340714225e-01 2.6366508987e-04 2.3701813516e-26
3.2533724503e-01 2.6366508987e-04 1.5598047581e-31
3.6074214893e-01 2.6366508987e-04 2.0574563354e-39
4.0000000000e-01 2.6366508987e-04 nan
2.0000000000e-02 4.8329302386e-04 1.0604801806e-18
2.2176504808e-02 4.8329302386e-04 1.6865774101e-18
2.4589868274e-02 4.8329302386e-04 2.6719107837e-18
2.7265866600e-02 4.8329302386e-04 4.1734835925e-18
3.0233081086e-02 4.8329302386e-04 6.4876296790e-18
3.3523203403e-02 4.8329302386e-04 1.0051592424e-17
3.7171374071e-02 4.8329302386e-04 1.5660374828e-17
4.1216557790e-02 4.8329302386e-04 2.4027615997e-17
4.5701959599e-02 4.8329302386e-04 3.6578096951e-17
5.0675486338e-02 4.8329302386e-04 5.5399175986e-17
5.6190258320e-02 4.8329302386e-04 8.4228507959e-17
6.2305176688e-02 4.8329302386e-04 1.2576549861e-16
6.9085552518e-02 4.8329302386e-04 1.8307437179e-16
7.6603804377e-02 4.8329302386e-04 2.5734153563e-16
8.4940231802e-02 4.8329302386e-04 3.4511088618e-16
9.4183872945e-02 4.8329302386e-04 4.3453547586e-16
1.0443345556e-01 4.8329302386e-04 5.0202820578e-16
1.1579845146e-01 4.8329302386e-04 5.1491979630e-16
1.2840024578e-01 4.8329302386e-04 4.4833883077e-16
1.4237343339e-01 4.8329302386e-04 3.1263899814e-16
1.5786725650e-01 4.8329302386e-04 1.6249612544e-16
1.7504719864e-01 4.8329302386e-04 5.7483880583e-17
1.9409675211e-01 4.8329302386e-04 1.2049233253e-17
2.1521937781e-01 4.8329302386e-04 1.1756281718e-18
2.3864067833e-01 4.8329302386e-04 3.7210646233e-20
2.6461080752e-01 4.8329302386e-04 2.0704758015e-22
2.9340714225e-01 4.8329302386e-04 7.9634025796e-26
3.2533724503e-01 4.8329302386e-04 5.2406770523e-31
3.6074214893e-01 4.8329302386e-04 6.9126995554e-39
4.0000000000e-01 4.8329302386e-04 nan
2.0000000000e-02 8.8586679041e-04 3.5630211100e-18
2.2176504808e-02 8.8586679041e-04 5.6665943919e-18
2.4589868274e-02 8.8586679041e-04 8.9771361565e-18
2.7265866600e-02 8.8586679041e-04 1.4022149178e-17
3.0233081086e-02 8.8586679041e-04 2.1797261803e-17
3.3523203403e-02 8.8586679041e-04 3.3771533216e-17
3.7171374071e-02 8.8586679041e-04 5.2616030783e-17
4.1216557790e-02 8.8586679041e-04 8.0728454865e-17
4.5701959599e-02 8.8586679041e-04 1.2289581589e-16
5.0675486338e-02 8.8586679041e-04 1.8613126754e-16
5.6190258320e-02 8.8586679041e-04 2.8299266867e-16
6.2305176688e-02 8.8586679041e-04 4.2254955702e-16
6.9085552518e-02 8.8586679041e-04 6.1509720620e-16
7.6603804377e-02 8.8586679041e-04 8.6462178112e-16
8.4940231802e-02 8.8586679041e-04 1.1595114479e-15
9.4183872945e-02 8.8586679041e-04 1.4599626257e-15
1.0443345556e-01 8.8586679041e-04 1.6867268539e-15
1.1579845146e-01 8.8586679041e-04 1.7300410148e-15
1.2840024578e-01 8.8586679041e-04 1.5063412452e-15
1.4237343339e-01 8.8586679041e-04 1.0504137653e-15
1.5786725650e-01 8.8586679041e-04 5.4595965529e-16
1.7504719864e-01 8.8586679041e-04 1.9313632271e-16
1.9409675211e-01 8.8586679041e-04 4.0483465987e-17
2.1521937781e-01 8.8586679041e-04 3.9499237598e-18
2.3864067833e-01 8.8586679041e-04 1.2502199885e-19
2.6461080752e-01 8.8586679041e-04 6.9564856410e-22
2.9340714225e-01 8.8586679041e-04 2.6755855770e-25
3.2533724503e-01 8.8586679041e-04 1.7607908883e-30
3.6074214893e-01 8.8586679041e-04 2.3225641677e-38
4.0000000000e-01 8.8586679041e-04 nan
2.0000000000e-02 1.6237767392e-03 1.1971108074e-17
2.2176504808e-02 1.6237767392e-03 1.9038736131e-17
2.4589868274e-02 1.6237767392e-03 3.0161562541e-17
2.7265866600e-02 1.6237767392e-03 4.7111903551e-17
3.0233081086e-02 1.6237767392e-03 7.3234894935e-17
3.3523203403e-02 1.6237767392e-03 1.1346631852e-16
3.7171374071e-02 1.6237767392e-03 1.7678049503e-16
4.1216557790e-02 1.6237767392e-03 2.7123329178e-16
4.5701959599e-02 1.6237767392e-03 4.1290825150e-16
5.0675486338e-02 1.6237767392e-03 6.2536839918e-16
5.6190258320e-02 1.6237767392e-03 9.5080605850e-16
6.2305176688e-02 1.6237767392e-03 1.4196935101e-15
6.9085552518e-02 1.6237767392e-03 2.0666214348e-15
7.6603804377e-02 1.6237767392e-03 2.9049831775e-15
8.4940231802e-02 1.6237767392e-03 3.8957656206e-15
9.4183872945e-02 1.6237767392e-03 4.9052360823e-15
1.0443345556e-01 1.6237767392e-03 5.6671330680e-15
1.1579845146e-01 1.6237767392e-03 5.8126693502e-15
1.2840024578e-01 1.6237767392e-03 5.0610807596e-15
1.4237343339e-01 1.6237767392e-03 3.5292393642e-15
1.5786725650e-01 1.6237767392e-03 1.8343500857e-15
1.7504719864e-01 1.6237767392e-03 6.4891344202e-16
1.9409675211e-01 1.6237767392e-03 1.3601970559e-16
2.1521937781e-01 1.6237767392e-03 1.3271327818e-17
2.3864067833e-01 1.6237767392e-03 4.2006236426e-19
2.6461080752e-01 1.6237767392e-03 2.3373240879e-21
2.9340714225e-01 1.6237767392e-03 8.9897863134e-25
3.2533724503e-01 1.6237767392e-03 5.9161477104e-30
3.6074214893e-01 1.6237767392e-03 7.8036501361e-38
4.0000000000e-01 1.6237767392e-03 nan
2.0000000000e-02 2.9763514416e-03 4.0220799680e-17
2.2176504808e-02 2.9763514416e-03 6.3966791694e-17
2.4589868274e-02 2.9763514416e-03 1.0133755364e-16
2.7265866600e-02 2.9763514416e-03 1.5828777742e-16
3.0233081086e-02 2.9763514416e-03 2.4605657289e-16
3.3523203403e-02 2.9763514416e-03 3.8122738200e-16
3.7171374071e-02 2.9763514416e-03 5.9395251458e-16
4.1216557790e-02 2.9763514416e-03 9.1129855726e-16
4.5701959599e-02 2.9763514416e-03 1.3873039409e-15
5.0675486338e-02 2.9763514416e-03 2.1011373100e-15
5.6190258320e-02 2.9763514416e-03 3.1945594618e-15
6.2305176688e-02 2.9763514416e-03 4.7699549036e-15
6.9085552518e-02 2.9763514416e-03 6.9435469187e-15
7.6603804377e-02 2.9763514416e-03 9.7603409766e-15
8.4940231802e-02 2.9763514416e-03 1.3089266123e-14
9.4183872945e-02 2.9763514416e-03 1.6481006168e-14
1.0443345556e-01 2.9763514416e-03 1.9040958825e-14
1.1579845146e-01 2.9763514416e-03 1.9530031054e-14
1.2840024578e-01 2.9763514416e-03 1.7004852381e-14
1.4237343339e-01 2.9763514416e-03 1.1858054345e-14
1.5786725650e-01 2.9763514416e-03 6.1633635022e-15
1.7504719864e-01 2.9763514416e-03 2.1803497000e-15
1.9409675211e-01 2.9763514416e-03 4.5703102760e-16
2.1521937781e-01 2.9763514416e-03 4.4592656028e-17
2.3864067833e-01 2.9763514416e-03 1.4114592611e-18
2.6461080752e-01 2.9763514416e-03 7.8537892971e-21
2.9340714225e-01 2.9763514416e-03 3.0207490861e-24
3.2533724503e-01 2.9763514416e-03 1.9879554845e-29
3.6074214893e-01 2.9763514416e-03 2.6221742202e-37
4.0000000000e-01 2.9763514416e-03 nan
2.0000000000e-02 5.4555947812e-03 1.3513516372e-16
2.2176504808e-02 5.4555947812e-03 2.1491790151e-16
2.4589868274e-02 5.4555947812e-03 3.4047784590e-16
2.7265866600e-02 5.4555947812e-03 5.3182203383e-16
3.0233081086e-02 5.4555947812e-03 8.2671252650e-16
3.3523203403e-02 5.4555947812e-03 1.2808679387e-15
3.7171374071e-02 5.4555947812e-03 1.9955970688e-15
4.1216557790e-02 5.4555947812e-03 3.0618425263e-15
4.5701959599e-02 5.4555947812e-03 4.6611709557e-15
5.0675486338e-02 5.4555947812e-03 7.0595877368e-15
5.6190258320e-02 5.4555947812e-03 1.0733408861e-14
6.2305176688e-02 5.4555947812e-03 1.6026663582e-14
6.9085552518e-02 5.4555947812e-03 2.3329896115e-14
7.6603804377e-02 5.4555947812e-03 3.2794387379e-14
8.4940231802e-02 5.4555947812e-03 4.3979830866e-14
9.4183872945e-02 5.4555947812e-03 5.5376620723e-14
1.0443345556e-01 5.4555947812e-03 6.3978919835e-14
1.1579845146e-01 5.4555947812e-03 6.5623205988e-14
1.2840024578e-01 5.4555947812e-03 5.7139317558e-14
1.4237343339e-01 5.4555947812e-03 3.9846003296e-14
1.5786725650e-01 5.4555947812e-03 2.0710948236e-14
1.7504719864e-01 5.4555947812e-03 7.3269159046e-15
1.9409675211e-01 5.4555947812e-03 1.5358745841e-15
2.1521937781e-01 5.4555947812e-03 1.4986167005e-16
2.3864067833e-01 5.4555947812e-03 4.7436694571e-18
2.6461080752e-01 5.4555947812e-03 2.6396392315e-20
2.9340714225e-01 5.4555947812e-03 1.0153053388e-23
3.2533724503e-01 5.4555947812e-03 6.6818478154e-29
3.6074214893e-01 5.4555947812e-03 8.8132957322e-37
4.0000000000e-01 5.4555947812e-03 nan
2.0000000000e-02 1.0000000000e-02 4.5403620322e-16
2.2176504808e-02 1.0000000000e-02 7.2209756989e-16
2.4589868274e-02 1.0000000000e-02 1.1439671737e-15
2.7265866600e-02 1.0000000000e-02 1.7868690211e-15
3.0233081086e-02 1.0000000000e-02 2.7776846146e-15
3.3523203403e-02 1.0000000000e-02 4.3036326352e-15
3.7171374071e-02 1.0000000000e-02 6.7051206430e-15
4.1216557790e-02 1.0000000000e-02 1.0287742140e-14
4.5701959599e-02 1.0000000000e-02 1.5661610874e-14
5.0675486338e-02 1.0000000000e-02 2.3720604690e-14
5.6190258320e-02 1.0000000000e-02 3.6065346306e-14
6.2305176688e-02 1.0000000000e-02 5.3852116926e-14
6.9085552518e-02 1.0000000000e-02 7.8393696146e-14
7.6603804377e-02 1.0000000000e-02 1.1019915867e-13
8.4940231802e-02 1.0000000000e-02 1.4778992317e-13
9.4183872945e-02 1.0000000000e-02 1.8609415649e-13
1.0443345556e-01 1.0000000000e-02 2.1501125689e-13
1.1579845146e-01 1.0000000000e-02 2.2054809012e-13
1.2840024578e-01 1.0000000000e-02 1.9204662300e-13
1.4237343339e-01 1.0000000000e-02 1.3393284949e-13
1.5786725650e-01 1.0000000000e-02 6.9620770440e-14
1.7504719864e-01 1.0000000000e-02 2.4632199440e-14
1.9409675211e-01 1.0000000000e-02 5.1640226599e-15
2.1521937781e-01 1.0000000000e-02 5.0394197067e-16
2.3864067833e-01 1.0000000000e-02 1.5953926481e-17
2.6461080752e-01 1.0000000000e-02 8.8789637570e-20
2.9340714225e-01 1.0000000000e-02 3.4156252764e-23
3.2533724503e-01 1.0000000000e-02 2.2480002856e-28
3.6074214893e-01 1.0000000000e-02 2.9647872795e-36
4.0000000000e-01 1.0000000000e-02 nan
