2.0000000000e-02 1.0000000000e-07 2.5201774317e-35
2.2176504808e-02 1.0000000000e-07 4.6707298434e-35
2.4589868274e-02 1.0000000000e-07 8.4831675752e-35
2.7265866600e-02 1.0000000000e-07 1.5315575362e-34
3.0233081086e-02 1.0000000000e-07 2.8112659634e-34
3.3523203403e-02 1.0000000000e-07 5.0549521938e-34
3.7171374071e-02 1.0000000000e-07 8.7659670335e-34
4.1216557790e-02 1.0000000000e-07 1.5003004073e-33
4.5701959599e-02 1.0000000000e-07 2.5369024020e-33
5.0675486338e-02 1.0000000000e-07 4.2060985051e-33
5.6190258320e-02 1.0000000000e-07 6.8983307023e-33
6.2305176688e-02 1.0000000000e-07 1.1069104926e-32
6.9085552518e-02 1.0000000000e-07 1.7288178041e-32
7.6603804377e-02 1.0000000000e-07 2.6141324712e-32
8.4940231802e-02 1.0000000000e-07 3.7983225123e-32
9.4183872945e-02 1.0000000000e-07 5.2398226176e-32
1.0443345556e-01 1.0000000000e-07 6.7869519337e-32
1.1579845146e-01 1.0000000000e-07 8.0283409377e-32
1.2840024578e-01 1.0000000000e-07 8.3986621051e-32
1.4237343339e-01 1.0000000000e-07 7.3613863124e-32
1.5786725650e-01 1.0000000000e-07 5.0094173312e-32
1.7504719864e-01 1.0000000000e-07 2.3837057978e-32
1.9409675211e-01 1.0000000000e-07 6.6506624207e-33
2.1521937781e-01 1.0000000000e-07 8.4586149493e-34
2.3864067833e-01 1.0000000000e-07 3.3172003951e-35
2.6461080752e-01 1.0000000000e-07 2.2144414246e-37
2.9340714225e-01 1.0000000000e-07 1.0252606542e-40
3.2533724503e-01 1.0000000000e-07 8.9112833093e-46
3.6074214893e-01 1.0000000000e-07 1.9179602622e-53
4.0000000000e-01 1.0000000000e-07 4.1058070697e-65
2.0000000000e-02 1.8329807108e-07 8.4673382197e-35
2.2176504808e-02 1.8329807108e-07 1.5692803538e-34
2.4589868274e-02 1.8329807108e-07 2.8501901545e-34
2.7265866600e-02 1.8329807108e-07 5.1457550166e-34
3.0233081086e-02 1.8329807108e-07 9.4453427916e-34
3.3523203403e-02 1.8329807108e-07 1.6983720817e-33
3.7171374071e-02 1.8329807108e-07 2.9452056336e-33
4.1216557790e-02 1.8329807108e-07 5.0407367435e-33
4.5701959599e-02 1.8329807108e-07 8.5235310806e-33
5.0675486338e-02 1.8329807108e-07 1.4131726671e-32
5.6190258320e-02 1.8329807108e-07 2.3177137638e-32
6.2305176688e-02 1.8329807108e-07 3.7190181143e-32
6.9085552518e-02 1.8329807108e-07 5.8085136720e-32
7.6603804377e-02 1.8329807108e-07 8.7830100796e-32
8.4940231802e-02 1.8329807108e-07 1.2761673434e-31
9.4183872945e-02 1.8329807108e-07 1.7604851847e-31
1.0443345556e-01 1.8329807108e-07 2.2802925215e-31
1.1579845146e-01 1.8329807108e-07 2.6973766691e-31
1.2840024578e-01 1.8329807108e-07 2.8217978521e-31
1.4237343339e-01 1.8329807108e-07 2.4732920345e-31
1.5786725650e-01 1.8329807108e-07 1.6830731953e-31
1.7504719864e-01 1.8329807108e-07 8.0088183285e-32
1.9409675211e-01 1.8329807108e-07 2.2345017217e-32
2.1521937781e-01 1.8329807108e-07 2.8419409183e-33
2.3864067833e-01 1.8329807108e-07 1.1145190547e-34
2.6461080752e-01 1.8329807108e-07 7.4401207923e-37
2.9340714225e-01 1.8329807108e-07 3.4446894943e-40
3.2533724503e-01 1.8329807108e-07 2.9940292617e-45
3.6074214893e-01 1.8329807108e-07 6.4439979613e-53
4.0000000000e-01 1.8329807108e-07 1.3794765673e-64
2.0000000000e-02 3.3598182863e-07 2.8448717787e-34
2.2176504808e-02 3.3598182863e-07 5.2724968290e-34
2.4589868274e-02 3.3598182863e-07 9.5761210004e-34
2.7265866600e-02 3.3598182863e-07 1.7288801802e-33
3.0233081086e-02 3.3598182863e-07 3.1734635431e-33
3.3523203403e-02 3.3598182863e-07 5.7062215770e-33
3.7171374071e-02 3.3598182863e-07 9.8953557447e-33
4.1216557790e-02 3.3598182863e-07 1.6935959487e-32
4.5701959599e-02 3.3598182863e-07 2.8637515588e-32
5.0675486338e-02 3.3598182863e-07 4.7480033687e-32
5.6190258320e-02 3.3598182863e-07 7.7870970861e-32
6.2305176688e-02 3.3598182863e-07 1.2495225067e-31
6.9085552518e-02 3.3598182863e-07 1.9515550451e-31
7.6603804377e-02 3.3598182863e-07 2.9509317874e-31
8.4940231802e-02 3.3598182863e-07 4.2876903768e-31
9.4183872945e-02 3.3598182863e-07 5.9149103164e-31
1.0443345556e-01 3.3598182863e-07 7.6613685118e-31
1.1579845146e-01 3.3598182863e-07 9.0626954578e-31
1.2840024578e-01 3.3598182863e-07 9.4807280237e-31
1.4237343339e-01 3.3598182863e-07 8.3098118048e-31
1.5786725650e-01 3.3598182863e-07 5.6548200988e-31
1.7504719864e-01 3.3598182863e-07 2.6908174272e-31
1.9409675211e-01 3.3598182863e-07 7.5075197453e-32
2.1521937781e-01 3.3598182863e-07 9.5484050659e-33
2.3864067833e-01 3.3598182863e-07 3.7445815003e-34
2.6461080752e-01 3.3598182863e-07 2.4997453890e-36
2.9340714225e-01 3.3598182863e-07 1.1573530754e-39
3.2533724503e-01 3.3598182863e-07 1.0059394263e-44
3.6074214893e-01 3.3598182863e-07 2.1650662187e-52
4.0000000000e-01 3.3598182863e-07 4.6347905962e-64
2.0000000000e-02 6.1584821107e-07 9.5582522241e-34
2.2176504808e-02 6.1584821107e-07 1.7714631261e-33
2.4589868274e-02 6.1584821107e-07 3.2174026449e-33
2.7265866600e-02 6.1584821107e-07 5.8087232441e-33
3.0233081086e-02 6.1584821107e-07 1.0662260843e-32
3.3523203403e-02 6.1584821107e-07 1.9171867600e-32
3.7171374071e-02 6.1584821107e-07 3.3246597180e-32
4.1216557790e-02 6.1584821107e-07 5.6901746381e-32
4.5701959599e-02 6.1584821107e-07 9.6216848548e-32
5.0675486338e-02 6.1584821107e-07 1.5952428541e-31
5.6190258320e-02 6.1584821107e-07 2.6163231187e-31
6.2305176688e-02 6.1584821107e-07 4.1981685673e-31
6.9085552518e-02 6.1584821107e-07 6.5568703273e-31
7.6603804377e-02 6.1584821107e-07 9.9145945809e-31
8.4940231802e-02 6.1584821107e-07 1.4405860534e-30
9.4183872945e-02 6.1584821107e-07 1.9873023843e-30
1.0443345556e-01 6.1584821107e-07 2.5740806024e-30
1.1579845146e-01 6.1584821107e-07 3.0449009922e-30
1.2840024578e-01 6.1584821107e-07 3.1853523381e-30
1.4237343339e-01 6.1584821107e-07 2.7919457657e-30
1.5786725650e-01 6.1584821107e-07 1.8999167973e-30
1.7504719864e-01 6.1584821107e-07 9.0406575968e-31
1.9409675211e-01 6.1584821107e-07 2.5223902125e-31
2.1521937781e-01 6.1584821107e-07 3.2080905945e-32
2.3864067833e-01 6.1584821107e-07 1.2581113399e-33
2.6461080752e-01 6.1584821107e-07 8.3986902690e-36
2.9340714225e-01 6.1584821107e-07 3.8884960263e-39
3.2533724503e-01 6.1584821107e-07 3.3797736794e-44
3.6074214893e-01 6.1584821107e-07 7.2742290727e-52
4.0000000000e-01 6.1584821107e-07 1.5572054198e-63
2.0000000000e-02 1.1288378917e-06 3.2113990607e-33
2.2176504808e-02 1.1288378917e-06 5.9517942044e-33
2.4589868274e-02 1.1288378917e-06 1.0809888241e-32
2.7265866600e-02 1.1288378917e-06 1.9516254575e-32
3.0233081086e-02 1.1288378917e-06 3.5823258954e-32
3.3523203403e-02 1.1288378917e-06 6.4413991344e-32
3.7171374071e-02 1.1288378917e-06 1.1170252516e-31
4.1216557790e-02 1.1288378917e-06 1.9117952801e-31
4.5701959599e-02 1.1288378917e-06 3.2327112720e-31
5.0675486338e-02 1.1288378917e-06 5.3597261124e-31
5.6190258320e-02 1.1288378917e-06 8.7903702570e-31
6.2305176688e-02 1.1288378917e-06 1.4105083521e-30
6.9085552518e-02 1.1288378917e-06 2.2029892826e-30
7.6603804377e-02 1.1288378917e-06 3.3311236174e-30
8.4940231802e-02 1.1288378917e-06 4.8401073651e-30
9.4183872945e-02 1.1288378917e-06 6.6769748911e-30
1.0443345556e-01 1.1288378917e-06 8.6484430783e-30
1.1579845146e-01 1.1288378917e-06 1.0230314034e-29
1.2840024578e-01 1.1288378917e-06 1.0702205034e-29
1.4237343339e-01 1.1288378917e-06 9.3804304380e-30
1.5786725650e-01 1.1288378917e-06 6.3833751981e-30
1.7504719864e-01 1.1288378917e-06 3.0374966714e-30
1.9409675211e-01 1.1288378917e-06 8.4747727610e-31
2.1521937781e-01 1.1288378917e-06 1.0778601444e-31
2.3864067833e-01 1.1288378917e-06 4.2270254860e-33
2.6461080752e-01 1.1288378917e-06 2.8218073147e-35
2.9340714225e-01 1.1288378917e-06 1.3064640055e-38
3.2533724503e-01 1.1288378917e-06 1.1355425412e-43
3.6074214893e-01 1.1288378917e-06 2.4440087857e-51
4.0000000000e-01 1.1288378917e-06 5.2319272450e-63
2.0000000000e-02 2.0691380811e-06 1.0789717289e-32
2.2176504808e-02 2.0691380811e-06 1.9996947004e-32
2.4589868274e-02 2.0691380811e-06 3.6319260184e-32
2.7265866600e-02 2.0691380811e-06 6.5571069002e-32
3.0233081086e-02 2.0691380811e-06 1.2035964051e-31
3.3523203403e-02 2.0691380811e-06 2.1641930601e-31
3.7171374071e-02 2.0691380811e-06 3.7530018667e-31
4.1216557790e-02 2.0691380811e-06 6.4232847418e-31
4.5701959599e-02 2.0691380811e-06 1.0861322446e-30
5.0675486338e-02 2.0691380811e-06 1.8007705802e-30
5.6190258320e-02 2.0691380811e-06 2.9534046733e-30
6.2305176688e-02 2.0691380811e-06 4.7390517544e-30
6.9085552518e-02 2.0691380811e-06 7.4016436763e-30
7.6603804377e-02 2.0691380811e-06 1.1191970044e-29
8.4940231802e-02 2.0691380811e-06 1.6261881233e-29
9.4183872945e-02 2.0691380811e-06 2.2433422336e-29
1.0443345556e-01 2.0691380811e-06 2.9057197202e-29
1.1579845146e-01 2.0691380811e-06 3.4371996164e-29
1.2840024578e-01 2.0691380811e-06 3.5957464177e-29
1.4237343339e-01 2.0691380811e-06 3.1516541719e-29
1.5786725650e-01 2.0691380811e-06 2.1446980719e-29
1.7504719864e-01 2.0691380811e-06 1.0205436861e-29
1.9409675211e-01 2.0691380811e-06 2.8473696495e-30
2.1521937781e-01 2.0691380811e-06 3.6214142231e-31
2.3864067833e-01 2.0691380811e-06 1.4202037524e-32
2.6461080752e-01 2.0691380811e-06 9.4807598162e-35
2.9340714225e-01 2.0691380811e-06 4.3894816561e-38
3.2533724503e-01 2.0691380811e-06 3.8152165946e-43
3.6074214893e-01 2.0691380811e-06 8.2114254100e-51
4.0000000000e-01 2.0691380811e-06 1.7578324830e-62
2.0000000000e-02 3.7926901907e-06 3.6251489451e-32
2.2176504808e-02 3.7926901907e-06 6.7186108214e-32
2.4589868274e-02 3.7926901907e-06 1.2202611451e-31
2.7265866600e-02 3.7926901907e-06 2.2030687669e-31
3.0233081086e-02 3.7926901907e-06 4.0438652111e-31
3.3523203403e-02 3.7926901907e-06 7.2712954184e-31
3.7171374071e-02 3.7926901907e-06 1.2609404300e-30
4.1216557790e-02 3.7926901907e-06 2.1581069533e-30
4.5701959599e-02 3.7926901907e-06 3.6492069767e-30
5.0675486338e-02 3.7926901907e-06 6.0502619247e-30
5.6190258320e-02 3.7926901907e-06 9.9229030280e-30
6.2305176688e-02 3.7926901907e-06 1.5922352744e-29
6.9085552518e-02 3.7926901907e-06 2.4868177772e-29
7.6603804377e-02 3.7926901907e-06 3.7602985612e-29
8.4940231802e-02 3.7926901907e-06 5.4636965935e-29
9.4183872945e-02 3.7926901907e-06 7.5372222589e-29
1.0443345556e-01 3.7926901907e-06 9.7626902509e-29
1.1579845146e-01 3.7926901907e-06 1.1548366125e-28
1.2840024578e-01 3.7926901907e-06 1.2081054567e-28
1.4237343339e-01 3.7926901907e-06 1.0588985319e-28
1.5786725650e-01 3.7926901907e-06 7.2057958005e-29
1.7504719864e-01 3.7926901907e-06 3.4288413385e-29
1.9409675211e-01 3.7926901907e-06 9.5666446161e-30
2.1521937781e-01 3.7926901907e-06 1.2167293729e-30
2.3864067833e-01 3.7926901907e-06 4.7716265377e-32
2.6461080752e-01 3.7926901907e-06 3.1853630198e-34
2.9340714225e-01 3.7926901907e-06 1.4747860736e-37
3.2533724503e-01 3.7926901907e-06 1.2818434481e-42
3.6074214893e-01 3.7926901907e-06 2.7588897249e-50
4.0000000000e-01 3.7926901907e-06 5.9059977207e-62
2.0000000000e-02 6.9519279618e-06 1.2179841716e-31
2.2176504808e-02 6.9519279618e-06 2.2573311496e-31
2.4589868274e-02 6.9519279618e-06 4.0998557093e-31
2.7265866600e-02 6.9519279618e-06 7.4019107288e-31
3.0233081086e-02 6.9519279618e-06 1.3586652283e-30
3.3523203403e-02 6.9519279618e-06 2.4430231312e-30
3.7171374071e-02 6.9519279618e-06 4.2365307147e-30
4.1216557790e-02 6.9519279618e-06 7.2508472056e-30
4.5701959599e-02 6.9519279618e-06 1.2260672331e-29
5.0675486338e-02 6.9519279618e-06 2.0327780652e-29
5.6190258320e-02 6.9519279618e-06 3.3339151047e-29
6.2305176688e-02 6.9519279618e-06 5.3496211910e-29
6.9085552518e-02 6.9519279618e-06 8.3552558425e-29
7.6603804377e-02 6.9519279618e-06 1.2633919868e-28
8.4940231802e-02 6.9519279618e-06 1.8357027726e-28
9.4183872945e-02 6.9519279618e-06 2.5323697173e-28
1.0443345556e-01 6.9519279618e-06 3.2800865228e-28
1.1579845146e-01 6.9519279618e-06 3.8800411683e-28
1.2840024578e-01 6.9519279618e-06 4.0590148051e-28
1.4237343339e-01 6.9519279618e-06 3.5577066507e-28
1.5786725650e-01 6.9519279618e-06 2.4210164498e-28
1.7504719864e-01 6.9519279618e-06 1.1520283830e-28
1.9409675211e-01 6.9519279618e-06 3.2142187519e-29
2.1521937781e-01 6.9519279618e-06 4.0879895965e-30
2.3864067833e-01 6.9519279618e-06 1.6031798097e-31
2.6461080752e-01 6.9519279618e-06 1.0702240922e-33
2.9340714225e-01 6.9519279618e-06 4.9550132183e-37
3.2533724503e-01 6.9519279618e-06 4.3067610570e-42
3.6074214893e-01 6.9519279618e-06 9.2693681476e-50
4.0000000000e-01 6.9519279618e-06 1.9843079141e-61
2.0000000000e-02 1.2742749857e-05 4.0922054922e-31
2.2176504808e-02 1.2742749857e-05 7.5842224747e-31
2.4589868274e-02 1.2742749857e-05 1.3774770183e-30
2.7265866600e-02 1.2742749857e-05 2.4869075020e-30
3.0233081086e-02 1.2742749857e-05 4.5648682791e-30
3.3523203403e-02 1.2742749857e-05 8.2081137899e-30
3.7171374071e-02 1.2742749857e-05 1.4233973365e-29
4.1216557790e-02 1.2742749857e-05 2.4361529032e-29
4.5701959599e-02 1.2742749857e-05 4.1193631099e-29
5.0675486338e-02 1.2742749857e-05 6.8297649153e-29
5.6190258320e-02 1.2742749857e-05 1.1201348934e-28
6.2305176688e-02 1.2742749857e-05 1.7973755102e-28
6.9085552518e-02 1.2742749857e-05 2.8072141366e-28
7.6603804377e-02 1.2742749857e-05 4.2447674999e-28
8.4940231802e-02 1.2742749857e-05 6.1676277435e-28
9.4183872945e-02 1.2742749857e-05 8.5083020839e-28
1.0443345556e-01 1.2742749857e-05 1.1020494680e-27
1.1579845146e-01 1.2742749857e-05 1.3036233269e-27
1.2840024578e-01 1.2742749857e-05 1.3637552167e-27
1.4237343339e-01 1.2742749857e-05 1.1953247862e-27
1.5786725650e-01 1.2742749857e-05 8.1341753393e-28
1.7504719864e-01 1.2742749857e-05 3.8706060275e-28
1.9409675211e-01 1.2742749857e-05 1.0799190939e-28
2.1521937781e-01 1.2742749857e-05 1.3734902200e-29
2.3864067833e-01 1.2742749857e-05 5.3863928407e-31
2.6461080752e-01 1.2742749857e-05 3.5957584756e-33
2.9340714225e-01 1.2742749857e-05 1.6647944020e-36
3.2533724503e-01 1.2742749857e-05 1.4469934554e-41
3.6074214893e-01 1.2742749857e-05 3.1143392605e-49
4.0000000000e-01 1.2742749857e-05 6.6669140153e-61
2.0000000000e-02 2.3357214691e-05 1.3749066844e-30
2.2176504808e-02 2.3357214691e-05 2.5481609358e-30
2.4589868274e-02 2.3357214691e-05 4.6280724751e-30
2.7265866600e-02 2.3357214691e-05 8.3555573016e-30
3.0233081086e-02 2.3357214691e-05 1.5337127919e-29
3.3523203403e-02 2.3357214691e-05 2.7577770807e-29
3.7171374071e-02 2.3357214691e-05 4.7823564000e-29
4.1216557790e-02 2.3357214691e-05 8.1850310725e-29
4.5701959599e-02 2.3357214691e-05 1.3840311504e-28
5.0675486338e-02 2.3357214691e-05 2.2946769053e-28
5.6190258320e-02 2.3357214691e-05 3.7634496978e-28
6.2305176688e-02 2.3357214691e-05 6.0388551066e-28
6.9085552518e-02 2.3357214691e-05 9.4317293898e-28
7.6603804377e-02 2.3357214691e-05 1.4261647467e-27
8.4940231802e-02 2.3357214691e-05 2.0722108475e-27
9.4183872945e-02 2.3357214691e-05 2.8586348927e-27
1.0443345556e-01 2.3357214691e-05 3.7026859550e-27
1.1579845146e-01 2.3357214691e-05 4.3799374921e-27
1.2840024578e-01 2.3357214691e-05 4.5819697150e-27
1.4237343339e-01 2.3357214691e-05 4.0160740748e-27
1.5786725650e-01 2.3357214691e-05 2.7329351049e-27
1.7504719864e-01 2.3357214691e-05 1.3004532910e-27
1.9409675211e-01 2.3357214691e-05 3.6283319194e-28
2.1521937781e-01 2.3357214691e-05 4.6146775573e-29
2.3864067833e-01 2.3357214691e-05 1.8097301163e-30
2.6461080752e-01 2.3357214691e-05 1.2081095079e-32
2.9340714225e-01 2.3357214691e-05 5.5934066746e-36
3.2533724503e-01 2.3357214691e-05 4.8616350716e-41
3.6074214893e-01 2.3357214691e-05 1.0463613997e-48
4.0000000000e-01 2.3357214691e-05 2.2399619622e-60
2.0000000000e-02 4.2813323987e-05 4.6194366202e-30
2.2176504808e-02 4.2813323987e-05 8.5613577084e-30
2.4589868274e-02 4.2813323987e-05 1.5549482532e-29
2.7265866600e-02 4.2813323987e-05 2.8073154214e-29
3.0233081086e-02 4.2813323987e-05 5.1529962840e-29
3.3523203403e-02 4.2813323987e-05 9.2656298653e-29
3.7171374071e-02 4.2813323987e-05 1.6067848484e-28
4.1216557790e-02 4.2813323987e-05 2.7500217071e-28
4.5701959599e-02 4.2813323987e-05 4.6500931681e-28
5.0675486338e-02 4.2813323987e-05 7.7096974277e-28
5.6190258320e-02 4.2813323987e-05 1.2644507114e-27
6.2305176688e-02 4.2813323987e-05 2.0289455815e-27
6.9085552518e-02 4.2813323987e-05 3.1688896875e-27
7.6603804377e-02 4.2813323987e-05 4.7916543953e-27
8.4940231802e-02 4.2813323987e-05 6.9622518986e-27
9.4183872945e-02 4.2813323987e-05 9.6044937862e-27
1.0443345556e-01 4.2813323987e-05 1.2440351980e-26
1.1579845146e-01 4.2813323987e-05 1.4715794079e-26
1.2840024578e-01 4.2813323987e-05 1.5394585635e-26
1.4237343339e-01 4.2813323987e-05 1.3493279116e-26
1.5786725650e-01 4.2813323987e-05 9.1821653407e-27
1.7504719864e-01 4.2813323987e-05 4.3692867476e-27
1.9409675211e-01 4.2813323987e-05 1.2190535931e-27
2.1521937781e-01 4.2813323987e-05 1.5504478042e-28
2.3864067833e-01 4.2813323987e-05 6.0803643381e-30
2.6461080752e-01 4.2813323987e-05 4.0590284166e-32
2.9340714225e-01 4.2813323987e-05 1.8792830028e-35
3.2533724503e-01 4.2813323987e-05 1.6334210415e-40
3.6074214893e-01 4.2813323987e-05 3.5155841648e-48
4.0000000000e-01 4.2813323987e-05 7.5258651611e-60
2.0000000000e-02 7.8475997035e-05 1.5520467629e-29
2.2176504808e-02 7.8475997035e-05 2.8764606184e-29
2.4589868274e-02 7.8475997035e-05 5.2243435754e-29
2.7265866600e-02 7.8475997035e-05 9.4320696881e-29
3.0233081086e-02 7.8475997035e-05 1.7313131144e-28
3.3523203403e-02 7.8475997035e-05 3.1130832656e-28
3.7171374071e-02 7.8475997035e-05 5.3985051158e-28
4.1216557790e-02 7.8475997035e-05 9.2395732192e-28
4.5701959599e-02 7.8475997035e-05 1.5623468059e-27
5.0675486338e-02 7.8475997035e-05 2.5903182399e-27
5.6190258320e-02 7.8475997035e-05 4.2483246223e-27
6.2305176688e-02 7.8475997035e-05 6.8168884667e-27
6.9085552518e-02 7.8475997035e-05 1.0646893519e-26
7.6603804377e-02 7.8475997035e-05 1.6099088059e-26
8.4940231802e-02 7.8475997035e-05 2.3391901243e-26
9.4183872945e-02 7.8475997035e-05 3.2269353853e-26
1.0443345556e-01 7.8475997035e-05 4.1797322070e-26
1.1579845146e-01 7.8475997035e-05 4.9442394043e-26
1.2840024578e-01 7.8475997035e-05 5.1723010328e-26
1.4237343339e-01 7.8475997035e-05 4.5334965915e-26
1.5786725650e-01 7.8475997035e-05 3.0850407019e-26
1.7504719864e-01 7.8475997035e-05 1.4680009513e-26
1.9409675211e-01 7.8475997035e-05 4.0957985542e-27
2.1521937781e-01 7.8475997035e-05 5.2092228846e-28
2.3864067833e-01 7.8475997035e-05 2.0428919290e-29
2.6461080752e-01 7.8475997035e-05 1.3637597898e-31
2.9340714225e-01 7.8475997035e-05 6.3140493979e-35
3.2533724503e-01 7.8475997035e-05 5.4879978843e-40
3.6074214893e-01 7.8475997035e-05 1.1811723964e-47
4.0000000000e-01 7.8475997035e-05 2.5285539388e-59
2.0000000000e-02 1.4384498883e-04 5.2145950951e-29
2.2176504808e-02 1.4384498883e-04 9.6643849855e-29
2.4589868274e-02 1.4384498883e-04 1.7552845078e-28
2.7265866600e-02 1.4384498883e-04 3.1690040216e-28
3.0233081086e-02 1.4384498883e-04 5.8168974611e-28
3.3523203403e-02 1.4384498883e-04 1.0459394082e-27
3.7171374071e-02 1.4384498883e-04 1.8137996207e-27
4.1216557790e-02 1.4384498883e-04 3.1043287059e-27
4.5701959599e-02 1.4384498883e-04 5.2492013680e-27
5.0675486338e-02 1.4384498883e-04 8.7029985898e-27
5.6190258320e-02 1.4384498883e-04 1.4273598752e-26
6.2305176688e-02 1.4384498883e-04 2.2903506526e-26
6.9085552518e-02 1.4384498883e-04 3.5771627538e-26
7.6603804377e-02 1.4384498883e-04 5.4090010453e-26
8.4940231802e-02 1.4384498883e-04 7.8592537546e-26
9.4183872945e-02 1.4384498883e-04 1.0841916516e-25
1.0443345556e-01 1.4384498883e-04 1.4043140701e-25
1.1579845146e-01 1.4384498883e-04 1.6611745962e-25
1.2840024578e-01 1.4384498883e-04 1.7377991592e-25
1.4237343339e-01 1.4384498883e-04 1.5231724749e-25
1.5786725650e-01 1.4384498883e-04 1.0365176164e-25
1.7504719864e-01 1.4384498883e-04 4.9322164403e-26
1.9409675211e-01 1.4384498883e-04 1.3761138879e-26
2.1521937781e-01 1.4384498883e-04 1.7502042305e-27
2.3864067833e-01 1.4384498883e-04 6.8637456601e-29
2.6461080752e-01 1.4384498883e-04 4.5819850800e-31
2.9340714225e-01 1.4384498883e-04 2.1214058628e-34
3.2533724503e-01 1.4384498883e-04 1.8438675647e-39
3.6074214893e-01 1.4384498883e-04 3.9685246166e-47
4.0000000000e-01 1.4384498883e-04 8.4954817616e-59
2.0000000000e-02 2.6366508987e-04 1.7520091956e-28
2.2176504808e-02 2.6366508987e-04 3.2470577400e-28
2.4589868274e-02 2.6366508987e-04 5.8974369871e-28
2.7265866600e-02 2.6366508987e-04 1.0647277661e-27
3.0233081086e-02 2.6366508987e-04 1.9543718459e-27
3.3523203403e-02 2.6366508987e-04 3.5141663501e-27
3.7171374071e-02 2.6366508987e-04 6.0940371332e-27
4.1216557790e-02 2.6366508987e-04 1.0429980353e-26
4.5701959599e-02 2.6366508987e-04 1.7636362744e-26
5.0675486338e-02 2.6366508987e-04 2.9240493807e-26
5.6190258320e-02 2.6366508987e-04 4.7956698099e-26
6.2305176688e-02 2.6366508987e-04 7.6951620046e-26
6.9085552518e-02 2.6366508987e-04 1.2018616833e-25
7.6603804377e-02 2.6366508987e-04 1.8173260623e-25
8.4940231802e-02 2.6366508987e-04 2.6405664481e-25
9.4183872945e-02 2.6366508987e-04 3.6426869370e-25
1.0443345556e-01 2.6366508987e-04 4.7182400923e-25
1.1579845146e-01 2.6366508987e-04 5.5812447851e-25
1.2840024578e-01 2.6366508987e-04 5.8386893930e-25
1.4237343339e-01 2.6366508987e-04 5.1175827343e-25
1.5786725650e-01 2.6366508987e-04 3.4825108417e-25
1.7504719864e-01 2.6366508987e-04 1.6571350988e-25
1.9409675211e-01 2.6366508987e-04 4.6234926047e-26
2.1521937781e-01 2.6366508987e-04 5.8803681784e-27
2.3864067833e-01 2.6366508987e-04 2.3060938181e-28
2.6461080752e-01 2.6366508987e-04 1.5394637259e-30
2.9340714225e-01 2.6366508987e-04 7.1275382103e-34
3.2533724503e-01 2.6366508987e-04 6.1950599613e-39
3.6074214893e-01 2.6366508987e-04 1.3333521576e-46
4.0000000000e-01 2.6366508987e-04 2.8543274973e-58
2.0000000000e-02 4.8329302386e-04 5.8864325331e-28
2.2176504808e-02 4.8329302386e-04 1.0909523971e-27
2.4589868274e-02 4.8329302386e-04 1.9814316631e-27
2.7265866600e-02 4.8329302386e-04 3.5772918185e-27
3.0233081086e-02 4.8329302386e-04 6.5663342661e-27
3.3523203403e-02 4.8329302386e-04 1.1806960364e-26
3.7171374071e-02 4.8329302386e-04 2.0474857397e-26
4.1216557790e-02 4.8329302386e-04 3.5042838715e-26
4.5701959599e-02 4.8329302386e-04 5.9254974052e-26
5.0675486338e-02 4.8329302386e-04 9.8242745794e-26
5.6190258320e-02 4.8329302386e-04 1.6112579122e-25
6.2305176688e-02 4.8329302386e-04 2.5854346019e-25
6.9085552518e-02 4.8329302386e-04 4.0380368612e-25
7.6603804377e-02 4.8329302386e-04 6.1058853361e-25
8.4940231802e-02 4.8329302386e-04 8.8718234386e-25
9.4183872945e-02 4.8329302386e-04 1.2238766182e-24
1.0443345556e-01 4.8329302386e-04 1.5852429341e-24
1.1579845146e-01 4.8329302386e-04 1.8751968289e-24
1.2840024578e-01 4.8329302386e-04 1.9616935391e-24
1.4237343339e-01 4.8329302386e-04 1.7194148052e-24
1.5786725650e-01 4.8329302386e-04 1.1700603608e-24
1.7504719864e-01 4.8329302386e-04 5.5676728079e-25
1.9409675211e-01 4.8329302386e-04 1.5534095000e-25
2.1521937781e-01 4.8329302386e-04 1.9756968536e-26
2.3864067833e-01 4.8329302386e-04 7.7480561800e-28
2.6461080752e-01 4.8329302386e-04 5.1723183775e-30
2.9340714225e-01 4.8329302386e-04 2.3947233215e-33
3.2533724503e-01 4.8329302386e-04 2.0814275743e-38
3.6074214893e-01 4.8329302386e-04 4.4798209613e-46
4.0000000000e-01 4.8329302386e-04 9.5900217206e-58
2.0000000000e-02 8.8586679041e-04 1.9777343666e-27
2.2176504808e-02 8.8586679041e-04 3.6654018134e-27
2.4589868274e-02 8.8586679041e-04 6.6572503348e-27
2.7265866600e-02 8.8586679041e-04 1.2019050467e-26
3.0233081086e-02 8.8586679041e-04 2.2061689941e-26
3.3523203403e-02 8.8586679041e-04 3.9669241337e-26
3.7171374071e-02 8.8586679041e-04 6.8791800293e-26
4.1216557790e-02 8.8586679041e-04 1.1773757032e-25
4.5701959599e-02 8.8586679041e-04 1.9908594537e-25
5.0675486338e-02 8.8586679041e-04 3.3007777381e-25
5.6190258320e-02 8.8586679041e-04 5.4135337974e-25
6.2305176688e-02 8.8586679041e-04 8.6865904535e-25
6.9085552518e-02 8.8586679041e-04 1.3567070087e-24
7.6603804377e-02 8.8586679041e-04 2.0514665206e-24
8.4940231802e-02 8.8586679041e-04 2.9807714622e-24
9.4183872945e-02 8.8586679041e-04 4.1120030420e-24
1.0443345556e-01 8.8586679041e-04 5.3261281983e-24
1.1579845146e-01 8.8586679041e-04 6.3003205962e-24
1.2840024578e-01 8.8586679041e-04 6.5909338246e-24
1.4237343339e-01 8.8586679041e-04 5.7769213043e-24
1.5786725650e-01 8.8586679041e-04 3.9311901963e-24
1.7504719864e-01 8.8586679041e-04 1.8706368912e-24
1.9409675211e-01 8.8586679041e-04 5.2191736441e-25
2.1521937781e-01 8.8586679041e-04 6.6379824168e-26
2.3864067833e-01 8.8586679041e-04 2.6032060837e-27
2.6461080752e-01 8.8586679041e-04 1.7378049867e-29
2.9340714225e-01 8.8586679041e-04 8.0458352062e-33
3.2533724503e-01 8.8586679041e-04 6.9932184256e-38
3.6074214893e-01 8.8586679041e-04 1.5051384385e-45
4.0000000000e-01 8.8586679041e-04 3.2220730343e-57
2.0000000000e-02 1.6237767392e-03 6.6448280902e-27
2.2176504808e-02 1.6237767392e-03 1.2315084039e-26
2.4589868274e-02 1.6237767392e-03 2.2367151411e-26
2.7265866600e-02 1.6237767392e-03 4.0381825543e-26
3.0233081086e-02 1.6237767392e-03 7.4123269291e-26
3.3523203403e-02 1.6237767392e-03 1.3328144245e-25
3.7171374071e-02 1.6237767392e-03 2.3112794857e-25
4.1216557790e-02 1.6237767392e-03 3.9557684174e-25
4.5701959599e-02 1.6237767392e-03 6.6889259981e-25
5.0675486338e-02 1.6237767392e-03 1.1090013404e-24
5.6190258320e-02 1.6237767392e-03 1.8188489846e-24
6.2305176688e-02 1.6237767392e-03 2.9185365451e-24
6.9085552518e-02 1.6237767392e-03 4.5582890170e-24
7.6603804377e-02 1.6237767392e-03 6.8925547297e-24
8.4940231802e-02 1.6237767392e-03 1.0014850466e-23
9.4183872945e-02 1.6237767392e-03 1.3815583014e-23
1.0443345556e-01 1.6237767392e-03 1.7894822916e-23
1.1579845146e-01 1.6237767392e-03 2.1167932349e-23
1.2840024578e-01 1.6237767392e-03 2.2144339988e-23
1.4237343339e-01 1.6237767392e-03 1.9409405837e-23
1.5786725650e-01 1.6237767392e-03 1.3208084709e-23
1.7504719864e-01 1.6237767392e-03 6.2850000340e-24
1.9409675211e-01 1.6237767392e-03 1.7535475049e-24
2.1521937781e-01 1.6237767392e-03 2.2302414708e-25
2.3864067833e-01 1.6237767392e-03 8.7462994029e-27
2.6461080752e-01 1.6237767392e-03 5.8387089724e-29
2.9340714225e-01 1.6237767392e-03 2.7032544254e-32
3.2533724503e-01 1.6237767392e-03 2.3495943146e-37
3.6074214893e-01 1.6237767392e-03 5.0569916491e-45
4.0000000000e-01 1.6237767392e-03 1.0825579900e-56
2.0000000000e-02 2.9763514416e-03 2.2325414927e-26
2.2176504808e-02 2.9763514416e-03 4.1376444552e-26
2.4589868274e-02 2.9763514416e-03 7.5149564324e-26
2.7265866600e-02 2.9763514416e-03 1.3567559589e-25
3.0233081086e-02 2.9763514416e-03 2.4904071560e-25
3.3523203403e-02 2.9763514416e-03 4.4780142756e-25
3.7171374071e-02 2.9763514416e-03 7.7654790808e-25
4.1216557790e-02 2.9763514416e-03 1.3290663065e-24
4.5701959599e-02 2.9763514416e-03 2.2473575884e-24
5.0675486338e-02 2.9763514416e-03 3.7260429828e-24
5.6190258320e-02 2.9763514416e-03 6.1110020784e-24
6.2305176688e-02 2.9763514416e-03 9.8057524534e-24
6.9085552518e-02 2.9763514416e-03 1.5315022793e-23
7.6603804377e-02 2.9763514416e-03 2.3157731420e-23
8.4940231802e-02 2.9763514416e-03 3.3648077729e-23
9.4183872945e-02 2.9763514416e-03 4.6417848445e-23
1.0443345556e-01 2.9763514416e-03 6.0123353262e-23
1.1579845146e-01 2.9763514416e-03 7.1120406188e-23
1.2840024578e-01 2.9763514416e-03 7.4400958428e-23
1.4237343339e-01 2.9763514416e-03 6.5212076656e-23
1.5786725650e-01 2.9763514416e-03 4.4376764530e-23
1.7504719864e-01 2.9763514416e-03 2.1116458044e-23
1.9409675211e-01 2.9763514416e-03 5.8916009727e-24
2.1521937781e-01 2.9763514416e-03 7.4932060764e-25
2.3864067833e-01 2.9763514416e-03 2.9385976671e-26
2.6461080752e-01 2.9763514416e-03 1.9617001174e-28
2.9340714225e-01 2.9763514416e-03 9.0824436510e-32
3.2533724503e-01 2.9763514416e-03 7.8942099436e-37
3.6074214893e-01 2.9763514416e-03 1.6990573016e-44
4.0000000000e-01 2.9763514416e-03 3.6371981309e-56
2.0000000000e-02 5.4555947812e-03 7.5009337320e-26
2.2176504808e-02 5.4555947812e-03 1.3901733503e-25
2.4589868274e-02 5.4555947812e-03 2.5248888042e-25
2.7265866600e-02 5.4555947812e-03 4.5584534808e-25
3.0233081086e-02 5.4555947812e-03 8.3673155031e-25
3.3523203403e-02 5.4555947812e-03 1.5045314249e-24
3.7171374071e-02 5.4555947812e-03 2.6090598617e-24
4.1216557790e-02 5.4555947812e-03 4.4654212803e-24
4.5701959599e-02 5.4555947812e-03 7.5507131213e-24
5.0675486338e-02 5.4555947812e-03 1.2518827349e-23
5.6190258320e-02 5.4555947812e-03 2.0531856531e-23
6.2305176688e-02 5.4555947812e-03 3.2945546404e-23
6.9085552518e-02 5.4555947812e-03 5.1455693636e-23
7.6603804377e-02 5.4555947812e-03 7.7805769494e-23
8.4940231802e-02 5.4555947812e-03 1.1305142685e-22
9.4183872945e-02 5.4555947812e-03 1.5595553602e-22
1.0443345556e-01 5.4555947812e-03 2.0200354172e-22
1.1579845146e-01 5.4555947812e-03 2.3895164124e-22
1.2840024578e-01 5.4555947812e-03 2.4997370064e-22
1.4237343339e-01 5.4555947812e-03 2.1910072763e-22
1.5786725650e-01 5.4555947812e-03 1.4909786496e-22
1.7504719864e-01 5.4555947812e-03 7.0947461876e-23
1.9409675211e-01 5.4555947812e-03 1.9794708684e-23
2.1521937781e-01 5.4555947812e-03 2.5175810799e-24
2.3864067833e-01 5.4555947812e-03 9.8731541780e-26
2.6461080752e-01 5.4555947812e-03 6.5909559265e-28
2.9340714225e-01 5.4555947812e-03 3.0515360263e-31
3.2533724503e-01 5.4555947812e-03 2.6523110924e-36
3.6074214893e-01 5.4555947812e-03 5.7085237914e-44
4.0000000000e-01 5.4555947812e-03 1.2220324791e-55
2.0000000000e-02 1.0000000000e-02 2.5201774317e-25
2.2176504808e-02 1.0000000000e-02 4.6707298434e-25
2.4589868274e-02 1.0000000000e-02 8.4831675752e-25
2.7265866600e-02 1.0000000000e-02 1.5315575362e-24
3.0233081086e-02 1.0000000000e-02 2.8112659634e-24
3.3523203403e-02 1.0000000000e-02 5.0549521938e-24
3.7171374071e-02 1.0000000000e-02 8.7659670335e-24
4.1216557790e-02 1.0000000000e-02 1.5003004073e-23
4.5701959599e-02 1.0000000000e-02 2.5369024020e-23
5.0675486338e-02 1.0000000000e-02 4.2060985051e-23
5.6190258320e-02 1.0000000000e-02 6.8983307023e-23
6.2305176688e-02 1.0000000000e-02 1.1069104926e-22
6.9085552518e-02 1.0000000000e-02 1.7288178041e-22
7.6603804377e-02 1.0000000000e-02 2.6141324712e-22
8.4940231802e-02 1.0000000000e-02 3.7983225123e-22
9.4183872945e-02 1.0000000000e-02 5.2398226176e-22
1.0443345556e-01 1.0000000000e-02 6.7869519337e-22
1.1579845146e-01 1.0000000000e-02 8.0283409377e-22
1.2840024578e-01 1.0000000000e-02 8.3986621051e-22
1.4237343339e-01 1.0000000000e-02 7.3613863124e-22
1.5786725650e-01 1.0000000000e-02 5.0094173312e-22
1.7504719864e-01 1.0000000000e-02 2.3837057978e-22
1.9409675211e-01 1.0000000000e-02 6.6506624207e-23
2.1521937781e-01 1.0000000000e-02 8.4586149493e-24
2.3864067833e-01 1.0000000000e-02 3.3172003951e-25
2.6461080752e-01 1.0000000000e-02 2.2144414246e-27
2.9340714225e-01 1.0000000000e-02 1.0252606542e-30
3.2533724503e-01 1.0000000000e-02 8.9112833093e-36
3.6074214893e-01 1.0000000000e-02 1.9179602622e-43
4.0000000000e-01 1.0000000000e-02 4.1058070697e-55
