2.0000000000e-02 1.0000000000e-07 3.5570483599e-29
2.2176504808e-02 1.0000000000e-07 6.8894159413e-29
2.4589868274e-02 1.0000000000e-07 1.3265711697e-28
2.7265866600e-02 1.0000000000e-07 2.5124627111e-28
3.0233081086e-02 1.0000000000e-07 4.7221239435e-28
3.3523203403e-02 1.0000000000e-07 8.8157347774e-28
3.7171374071e-02 1.0000000000e-07 1.6484625147e-27
4.1216557790e-02 1.0000000000e-07 3.0210875382e-27
4.5701959599e-02 1.0000000000e-07 5.4628292545e-27
5.0675486338e-02 1.0000000000e-07 9.7649677932e-27
5.6190258320e-02 1.0000000000e-07 1.7403169461e-26
6.2305176688e-02 1.0000000000e-07 3.0221062278e-26
6.9085552518e-02 1.0000000000e-07 5.0722891771e-26
7.6603804377e-02 1.0000000000e-07 8.1447335490e-26
8.4940231802e-02 1.0000000000e-07 1.2355424222e-25
9.4183872945e-02 1.0000000000e-07 1.7420932830e-25
1.0443345556e-01 1.0000000000e-07 2.2311343996e-25
1.1579845146e-01 1.0000000000e-07 2.5119010225e-25
1.2840024578e-01 1.0000000000e-07 2.3783222793e-25
1.4237343339e-01 1.0000000000e-07 1.7880028468e-25
1.5786725650e-01 1.0000000000e-07 9.9427823304e-26
1.7504719864e-01 1.0000000000e-07 3.7395389469e-26
1.9409675211e-01 1.0000000000e-07 8.2997984810e-27
2.1521937781e-01 1.0000000000e-07 8.5550924899e-28
2.3864067833e-01 1.0000000000e-07 2.8772888210e-29
2.6461080752e-01 1.0000000000e-07 1.7189368169e-31
2.9340714225e-01 1.0000000000e-07 7.2603207641e-35
3.2533724503e-01 1.0000000000e-07 5.5155498361e-40
3.6074214893e-01 1.0000000000e-07 9.8809571259e-48
4.0000000000e-01 1.0000000000e-07 1.6919477773e-59
2.0000000000e-02 1.8329807108e-07 1.1951036125e-28
2.2176504808e-02 1.8329807108e-07 2.3147185661e-28
2.4589868274e-02 1.8329807108e-07 4.4570380739e-28
2.7265866600e-02 1.8329807108e-07 8.4414181605e-28
3.0233081086e-02 1.8329807108e-07 1.5865478375e-27
3.3523203403e-02 1.8329807108e-07 2.9619266912e-27
3.7171374071e-02 1.8329807108e-07 5.5385345010e-27
4.1216557790e-02 1.8329807108e-07 1.0150305155e-26
4.5701959599e-02 1.8329807108e-07 1.8354113624e-26
5.0675486338e-02 1.8329807108e-07 3.2808517357e-26
5.6190258320e-02 1.8329807108e-07 5.8471486994e-26
6.2305176688e-02 1.8329807108e-07 1.0153727767e-25
6.9085552518e-02 1.8329807108e-07 1.7041969931e-25
7.6603804377e-02 1.8329807108e-07 2.7364824715e-25
8.4940231802e-02 1.8329807108e-07 4.1511980235e-25
9.4183872945e-02 1.8329807108e-07 5.8531168686e-25
1.0443345556e-01 1.8329807108e-07 7.4962061548e-25
1.1579845146e-01 1.8329807108e-07 8.4395309888e-25
1.2840024578e-01 1.8329807108e-07 7.9907306847e-25
1.4237343339e-01 1.8329807108e-07 6.0073646607e-25
1.5786725650e-01 1.8329807108e-07 3.3405941890e-25
1.7504719864e-01 1.8329807108e-07 1.2564171336e-25
1.9409675211e-01 1.8329807108e-07 2.7885814709e-26
2.1521937781e-01 1.8329807108e-07 2.8743556188e-27
2.3864067833e-01 1.8329807108e-07 9.6671675958e-29
2.6461080752e-01 1.8329807108e-07 5.7753153503e-31
2.9340714225e-01 1.8329807108e-07 2.4393358468e-34
3.2533724503e-01 1.8329807108e-07 1.8531245198e-39
3.6074214893e-01 1.8329807108e-07 3.3198220438e-47
4.0000000000e-01 1.8329807108e-07 5.6846370818e-59
2.0000000000e-02 3.3598182863e-07 4.0153309712e-28
2.2176504808e-02 3.3598182863e-07 7.7770337661e-28
2.4589868274e-02 3.3598182863e-07 1.4974838023e-27
2.7265866600e-02 3.3598182863e-07 2.8361631098e-27
3.0233081086e-02 3.3598182863e-07 5.3305124367e-27
3.3523203403e-02 3.3598182863e-07 9.9515354598e-27
3.7171374071e-02 3.3598182863e-07 1.8608469496e-26
4.1216557790e-02 3.3598182863e-07 3.4103180872e-26
4.5701959599e-02 3.3598182863e-07 6.1666486583e-26
5.0675486338e-02 3.3598182863e-07 1.1023065656e-25
5.6190258320e-02 3.3598182863e-07 1.9645357123e-25
6.2305176688e-02 3.3598182863e-07 3.4114680226e-25
6.9085552518e-02 3.3598182863e-07 5.7257922207e-25
7.6603804377e-02 3.3598182863e-07 9.1940838478e-25
8.4940231802e-02 3.3598182863e-07 1.3947271029e-24
9.4183872945e-02 3.3598182863e-07 1.9665409087e-24
1.0443345556e-01 3.3598182863e-07 2.5185890517e-24
1.1579845146e-01 3.3598182863e-07 2.8355290544e-24
1.2840024578e-01 3.3598182863e-07 2.6847403075e-24
1.4237343339e-01 3.3598182863e-07 2.0183653639e-24
1.5786725650e-01 3.3598182863e-07 1.1223789443e-24
1.7504719864e-01 3.3598182863e-07 4.2213332607e-25
1.9409675211e-01 3.3598182863e-07 9.3691270188e-26
2.1521937781e-01 3.3598182863e-07 9.6573125694e-27
2.3864067833e-01 3.3598182863e-07 3.2479926465e-28
2.6461080752e-01 3.3598182863e-07 1.9404010123e-30
2.9340714225e-01 3.3598182863e-07 8.1957251844e-34
3.2533724503e-01 3.3598182863e-07 6.2261616485e-39
3.6074214893e-01 3.3598182863e-07 1.1153998810e-46
4.0000000000e-01 3.3598182863e-07 1.9099347618e-58
2.0000000000e-02 6.1584821107e-07 1.3490782422e-27
2.2176504808e-02 6.1584821107e-07 2.6129420260e-27
2.4589868274e-02 6.1584821107e-07 5.0312734625e-27
2.7265866600e-02 6.1584821107e-07 9.5289926791e-27
3.0233081086e-02 6.1584821107e-07 1.7909553160e-26
3.3523203403e-02 6.1584821107e-07 3.3435350814e-26
3.7171374071e-02 6.1584821107e-07 6.2521076091e-26
4.1216557790e-02 6.1584821107e-07 1.1458049071e-25
4.5701959599e-02 6.1584821107e-07 2.0718818927e-25
5.0675486338e-02 6.1584821107e-07 3.7035497562e-25
5.6190258320e-02 6.1584821107e-07 6.6004830102e-25
6.2305176688e-02 6.1584821107e-07 1.1461912646e-24
6.9085552518e-02 6.1584821107e-07 1.9237621407e-24
7.6603804377e-02 6.1584821107e-07 3.0890451037e-24
8.4940231802e-02 6.1584821107e-07 4.6860296248e-24
9.4183872945e-02 6.1584821107e-07 6.6072201057e-24
1.0443345556e-01 6.1584821107e-07 8.4620015515e-24
1.1579845146e-01 6.1584821107e-07 9.5268623682e-24
1.2840024578e-01 6.1584821107e-07 9.0202395792e-24
1.4237343339e-01 6.1584821107e-07 6.7813408582e-24
1.5786725650e-01 6.1584821107e-07 3.7709893013e-24
1.7504719864e-01 6.1584821107e-07 1.4182912682e-24
1.9409675211e-01 6.1584821107e-07 3.1478564284e-25
2.1521937781e-01 6.1584821107e-07 3.2446815367e-26
2.3864067833e-01 6.1584821107e-07 1.0912665088e-27
2.6461080752e-01 6.1584821107e-07 6.5193948039e-30
2.9340714225e-01 6.1584821107e-07 2.7536147344e-33
3.2533724503e-01 6.1584821107e-07 2.0918771760e-38
3.6074214893e-01 6.1584821107e-07 3.7475409167e-46
4.0000000000e-01 6.1584821107e-07 6.4170337384e-58
2.0000000000e-02 1.1288378917e-06 4.5326577479e-27
2.2176504808e-02 1.1288378917e-06 8.7790104001e-27
2.4589868274e-02 1.1288378917e-06 1.6904164583e-26
2.7265866600e-02 1.1288378917e-06 3.2015683853e-26
3.0233081086e-02 1.1288378917e-06 6.0172844206e-26
3.3523203403e-02 1.1288378917e-06 1.1233670307e-25
3.7171374071e-02 1.1288378917e-06 2.1005945473e-25
4.1216557790e-02 1.1288378917e-06 3.8496962795e-25
4.5701959599e-02 1.1288378917e-06 6.9611466702e-25
5.0675486338e-02 1.1288378917e-06 1.2443254195e-24
5.6190258320e-02 1.1288378917e-06 2.2176423516e-24
6.2305176688e-02 1.1288378917e-06 3.8509943702e-24
6.9085552518e-02 1.1288378917e-06 6.4634912187e-24
7.6603804377e-02 1.1288378917e-06 1.0378630227e-23
8.4940231802e-02 1.1288378917e-06 1.5744208024e-23
9.4183872945e-02 1.1288378917e-06 2.2199058933e-23
1.0443345556e-01 1.1288378917e-06 2.8430787551e-23
1.1579845146e-01 1.1288378917e-06 3.2008526396e-23
1.2840024578e-01 1.1288378917e-06 3.0306365885e-23
1.4237343339e-01 1.1288378917e-06 2.2784073021e-23
1.5786725650e-01 1.1288378917e-06 1.2669838812e-23
1.7504719864e-01 1.1288378917e-06 4.7652009381e-24
1.9409675211e-01 1.1288378917e-06 1.0576225591e-24
2.1521937781e-01 1.1288378917e-06 1.0901540360e-25
2.3864067833e-01 1.1288378917e-06 3.6664571714e-27
2.6461080752e-01 1.1288378917e-06 2.1903981878e-29
2.9340714225e-01 1.1288378917e-06 9.2516451381e-33
3.2533724503e-01 1.1288378917e-06 7.0283271887e-38
3.6074214893e-01 1.1288378917e-06 1.2591056501e-45
4.0000000000e-01 1.1288378917e-06 2.1560067298e-57
2.0000000000e-02 2.0691380811e-06 1.5228906387e-26
2.2176504808e-02 2.0691380811e-06 2.9495879678e-26
2.4589868274e-02 2.0691380811e-06 5.6794921279e-26
2.7265866600e-02 2.0691380811e-06 1.0756688006e-25
3.0233081086e-02 2.0691380811e-06 2.0216982230e-25
3.3523203403e-02 2.0691380811e-06 3.7743090921e-25
3.7171374071e-02 2.0691380811e-06 7.0576159721e-25
4.1216557790e-02 2.0691380811e-06 1.2934279957e-24
4.5701959599e-02 2.0691380811e-06 2.3388187876e-24
5.0675486338e-02 2.0691380811e-06 4.1807072986e-24
5.6190258320e-02 2.0691380811e-06 7.4508753254e-24
6.2305176688e-02 2.0691380811e-06 1.2938641306e-23
6.9085552518e-02 2.0691380811e-06 2.1716155990e-23
7.6603804377e-02 2.0691380811e-06 3.4870311623e-23
8.4940231802e-02 2.0691380811e-06 5.2897678021e-23
9.4183872945e-02 2.0691380811e-06 7.4584804142e-23
1.0443345556e-01 2.0691380811e-06 9.5522279909e-23
1.1579845146e-01 2.0691380811e-06 1.0754283230e-22
1.2840024578e-01 2.0691380811e-06 1.0182388229e-22
1.4237343339e-01 2.0691380811e-06 7.6550345174e-23
1.5786725650e-01 2.0691380811e-06 4.2568356126e-23
1.7504719864e-01 2.0691380811e-06 1.6010209250e-23
1.9409675211e-01 2.0691380811e-06 3.5534196141e-24
2.1521937781e-01 2.0691380811e-06 3.6627194653e-25
2.3864067833e-01 2.0691380811e-06 1.2318629851e-26
2.6461080752e-01 2.0691380811e-06 7.3593398859e-29
2.9340714225e-01 2.0691380811e-06 3.1083846515e-32
3.2533724503e-01 2.0691380811e-06 2.3613902212e-37
3.6074214893e-01 2.0691380811e-06 4.2303661877e-45
4.0000000000e-01 2.0691380811e-06 7.2437908364e-57
2.0000000000e-02 3.7926901907e-06 5.1166358159e-26
2.2176504808e-02 3.7926901907e-06 9.9100795912e-26
2.4589868274e-02 3.7926901907e-06 1.9082061508e-25
2.7265866600e-02 3.7926901907e-06 3.6140517062e-25
3.0233081086e-02 3.7926901907e-06 6.7925386590e-25
3.3523203403e-02 3.7926901907e-06 1.2680992706e-24
3.7171374071e-02 3.7926901907e-06 2.3712307201e-24
4.1216557790e-02 3.7926901907e-06 4.3456830318e-24
4.5701959599e-02 3.7926901907e-06 7.8580061310e-24
5.0675486338e-02 3.7926901907e-06 1.4046416831e-23
5.6190258320e-02 3.7926901907e-06 2.5033587167e-23
6.2305176688e-02 3.7926901907e-06 4.3471483659e-23
6.9085552518e-02 3.7926901907e-06 7.2962338004e-23
7.6603804377e-02 3.7926901907e-06 1.1715791064e-22
8.4940231802e-02 3.7926901907e-06 1.7772658592e-22
9.4183872945e-02 3.7926901907e-06 2.5059138884e-22
1.0443345556e-01 3.7926901907e-06 3.2093750280e-22
1.1579845146e-01 3.7926901907e-06 3.6132437455e-22
1.2840024578e-01 3.7926901907e-06 3.4210974172e-22
1.4237343339e-01 3.7926901907e-06 2.5719524955e-22
1.5786725650e-01 3.7926901907e-06 1.4302194134e-22
1.7504719864e-01 3.7926901907e-06 5.3791393810e-23
1.9409675211e-01 3.7926901907e-06 1.1938844200e-23
2.1521937781e-01 3.7926901907e-06 1.2306071838e-24
2.3864067833e-01 3.7926901907e-06 4.1388357840e-26
2.6461080752e-01 3.7926901907e-06 2.4726044728e-28
2.9340714225e-01 3.7926901907e-06 1.0443607595e-31
3.2533724503e-01 3.7926901907e-06 7.9338420478e-37
3.6074214893e-01 3.7926901907e-06 1.4213261678e-44
4.0000000000e-01 3.7926901907e-06 2.4337820917e-56
2.0000000000e-02 6.9519279618e-06 1.7190966579e-25
2.2176504808e-02 6.9519279618e-06 3.3296066629e-25
2.4589868274e-02 6.9519279618e-06 6.4112259196e-25
2.7265866600e-02 6.9519279618e-06 1.2142557010e-24
3.0233081086e-02 6.9519279618e-06 2.2821695597e-24
3.3523203403e-02 6.9519279618e-06 4.2605831182e-24
3.7171374071e-02 6.9519279618e-06 7.9669043345e-24
4.1216557790e-02 6.9519279618e-06 1.4600705317e-23
4.5701959599e-02 6.9519279618e-06 2.6401472693e-23
5.0675486338e-02 6.9519279618e-06 4.7193408129e-23
5.6190258320e-02 6.9519279618e-06 8.4108303940e-23
6.2305176688e-02 6.9519279618e-06 1.4605628574e-22
6.9085552518e-02 6.9519279618e-06 2.4514019745e-22
7.6603804377e-02 6.9519279618e-06 3.9362929058e-22
8.4940231802e-02 6.9519279618e-06 5.9712903339e-22
9.4183872945e-02 6.9519279618e-06 8.4194153070e-22
1.0443345556e-01 6.9519279618e-06 1.0782916908e-21
1.1579845146e-01 6.9519279618e-06 1.2139842411e-21
1.2840024578e-01 6.9519279618e-06 1.1494265664e-21
1.4237343339e-01 6.9519279618e-06 8.6412930277e-22
1.5786725650e-01 6.9519279618e-06 4.8052773397e-22
1.7504719864e-01 6.9519279618e-06 1.8072930862e-22
1.9409675211e-01 6.9519279618e-06 4.0112347073e-23
2.1521937781e-01 6.9519279618e-06 4.1346165212e-24
2.3864067833e-01 6.9519279618e-06 1.3905736158e-25
2.6461080752e-01 6.9519279618e-06 8.3075017270e-28
2.9340714225e-01 6.9519279618e-06 3.5088623794e-31
3.2533724503e-01 6.9519279618e-06 2.6656267610e-36
3.6074214893e-01 6.9519279618e-06 4.7753976520e-44
4.0000000000e-01 6.9519279618e-06 8.1770655797e-56
2.0000000000e-02 1.2742749857e-05 5.7758523871e-25
2.2176504808e-02 1.2742749857e-05 1.1186873353e-24
2.4589868274e-02 1.2742749857e-05 2.1540554083e-24
2.7265866600e-02 1.2742749857e-05 4.0796785087e-24
3.0233081086e-02 1.2742749857e-05 7.6676750195e-24
3.3523203403e-02 1.2742749857e-05 1.4314785072e-23
3.7171374071e-02 1.2742749857e-05 2.6767350870e-23
4.1216557790e-02 1.2742749857e-05 4.9055716721e-23
4.5701959599e-02 1.2742749857e-05 8.8704150748e-23
5.0675486338e-02 1.2742749857e-05 1.5856127564e-22
5.6190258320e-02 1.2742749857e-05 2.8258861764e-22
6.2305176688e-02 1.2742749857e-05 4.9072257972e-22
6.9085552518e-02 1.2742749857e-05 8.2362651826e-22
7.6603804377e-02 1.2742749857e-05 1.3225228888e-21
8.4940231802e-02 1.2742749857e-05 2.0062450462e-21
9.4183872945e-02 1.2742749857e-05 2.8287705518e-21
1.0443345556e-01 1.2742749857e-05 3.6228641421e-21
1.1579845146e-01 1.2742749857e-05 4.0787664543e-21
1.2840024578e-01 1.2742749857e-05 3.8618643986e-21
1.4237343339e-01 1.2742749857e-05 2.9033174352e-21
1.5786725650e-01 1.2742749857e-05 1.6144858690e-21
1.7504719864e-01 1.2742749857e-05 6.0721763657e-22
1.9409675211e-01 1.2742749857e-05 1.3477019736e-22
2.1521937781e-01 1.2742749857e-05 1.3891560214e-23
2.3864067833e-01 1.2742749857e-05 4.6720746703e-25
2.6461080752e-01 1.2742749857e-05 2.7911696268e-27
2.9340714225e-01 1.2742749857e-05 1.1789140011e-30
3.2533724503e-01 1.2742749857e-05 8.9560215554e-36
3.6074214893e-01 1.2742749857e-05 1.6044468388e-43
4.0000000000e-01 1.2742749857e-05 2.7473454498e-55
2.0000000000e-02 2.3357214691e-05 1.9405814471e-24
2.2176504808e-02 2.3357214691e-05 3.7585861660e-24
2.4589868274e-02 2.3357214691e-05 7.2372347512e-24
2.7265866600e-02 2.3357214691e-05 1.3706978457e-23
3.0233081086e-02 2.3357214691e-05 2.5761994748e-23
3.3523203403e-02 2.3357214691e-05 4.8095076657e-23
3.7171374071e-02 2.3357214691e-05 8.9933434948e-23
4.1216557790e-02 2.3357214691e-05 1.6481829413e-22
4.5701959599e-02 2.3357214691e-05 2.9802982785e-22
5.0675486338e-02 2.3357214691e-05 5.3273707360e-22
5.6190258320e-02 2.3357214691e-05 9.4944640549e-22
6.2305176688e-02 2.3357214691e-05 1.6487386977e-21
6.9085552518e-02 2.3357214691e-05 2.7672354389e-21
7.6603804377e-02 2.3357214691e-05 4.4434365894e-21
8.4940231802e-02 2.3357214691e-05 6.7406187994e-21
9.4183872945e-02 2.3357214691e-05 9.5041550383e-21
1.0443345556e-01 2.3357214691e-05 1.2172165210e-20
1.1579845146e-01 2.3357214691e-05 1.3703914141e-20
1.2840024578e-01 2.3357214691e-05 1.2975162651e-20
1.4237343339e-01 2.3357214691e-05 9.7546190322e-21
1.5786725650e-01 2.3357214691e-05 5.4243791607e-21
1.7504719864e-01 2.3357214691e-05 2.0401409259e-21
1.9409675211e-01 2.3357214691e-05 4.5280337533e-22
2.1521937781e-01 2.3357214691e-05 4.6673118250e-23
2.3864067833e-01 2.3357214691e-05 1.5697321998e-24
2.6461080752e-01 2.3357214691e-05 9.3778228109e-27
2.9340714225e-01 2.3357214691e-05 3.9609368463e-30
3.2533724503e-01 2.3357214691e-05 3.0090605214e-35
3.6074214893e-01 2.3357214691e-05 5.3906498647e-43
4.0000000000e-01 2.3357214691e-05 9.2305815209e-55
2.0000000000e-02 4.2813323987e-05 6.5200010336e-24
2.2176504808e-02 4.2813323987e-05 1.2628166535e-23
2.4589868274e-02 4.2813323987e-05 2.4315793668e-23
2.7265866600e-02 4.2813323987e-05 4.6052956891e-23
3.0233081086e-02 4.2813323987e-05 8.6555621091e-23
3.3523203403e-02 4.2813323987e-05 1.6159071813e-22
3.7171374071e-02 4.2813323987e-05 3.0215999951e-22
4.1216557790e-02 4.2813323987e-05 5.5375951903e-22
4.5701959599e-02 4.2813323987e-05 1.0013260665e-21
5.0675486338e-02 4.2813323987e-05 1.7898997640e-21
5.6190258320e-02 4.2813323987e-05 3.1899673999e-21
6.2305176688e-02 4.2813323987e-05 5.5394624362e-21
6.9085552518e-02 4.2813323987e-05 9.2974082506e-21
7.6603804377e-02 4.2813323987e-05 1.4929139546e-20
8.4940231802e-02 4.2813323987e-05 2.2647254375e-20
9.4183872945e-02 4.2813323987e-05 3.1932234014e-20
1.0443345556e-01 4.2813323987e-05 4.0896263442e-20
1.1579845146e-01 4.2813323987e-05 4.6042661576e-20
1.2840024578e-01 4.2813323987e-05 4.3594189027e-20
1.4237343339e-01 4.2813323987e-05 3.2773747656e-20
1.5786725650e-01 4.2813323987e-05 1.8224928466e-20
1.7504719864e-01 4.2813323987e-05 6.8545028659e-21
1.9409675211e-01 4.2813323987e-05 1.5213370807e-21
2.1521937781e-01 4.2813323987e-05 1.5681319863e-22
2.3864067833e-01 4.2813323987e-05 5.2740150461e-24
2.6461080752e-01 4.2813323987e-05 3.1507781229e-26
2.9340714225e-01 4.2813323987e-05 1.3308028359e-29
3.2533724503e-01 4.2813323987e-05 1.0109896812e-34
3.6074214893e-01 4.2813323987e-05 1.8111604401e-42
4.0000000000e-01 4.2813323987e-05 3.1013077037e-54
2.0000000000e-02 7.8475997035e-05 2.1906018719e-23
2.2176504808e-02 7.8475997035e-05 4.2428344891e-23
2.4589868274e-02 7.8475997035e-05 8.1696648315e-23
2.7265866600e-02 7.8475997035e-05 1.5472956693e-22
3.0233081086e-02 7.8475997035e-05 2.9081115904e-22
3.3523203403e-02 7.8475997035e-05 5.4291545083e-22
3.7171374071e-02 7.8475997035e-05 1.0152026943e-21
4.1216557790e-02 7.8475997035e-05 1.8605313639e-21
4.5701959599e-02 7.8475997035e-05 3.3642736410e-21
5.0675486338e-02 7.8475997035e-05 6.0137379835e-21
5.6190258320e-02 7.8475997035e-05 1.0717710858e-20
6.2305176688e-02 7.8475997035e-05 1.8611587304e-20
6.9085552518e-02 7.8475997035e-05 3.1237602487e-20
7.6603804377e-02 7.8475997035e-05 5.0159196491e-20
8.4940231802e-02 7.8475997035e-05 7.6090660191e-20
9.4183872945e-02 7.8475997035e-05 1.0728650513e-19
1.0443345556e-01 7.8475997035e-05 1.3740401585e-19
1.1579845146e-01 7.8475997035e-05 1.5469497914e-19
1.2840024578e-01 7.8475997035e-05 1.4646855668e-19
1.4237343339e-01 7.8475997035e-05 1.1011383958e-19
1.5786725650e-01 7.8475997035e-05 6.1232449850e-20
1.7504719864e-01 7.8475997035e-05 2.3029884935e-20
1.9409675211e-01 7.8475997035e-05 5.1114163712e-21
2.1521937781e-01 7.8475997035e-05 5.2686388006e-22
2.3864067833e-01 7.8475997035e-05 1.7719733286e-23
2.6461080752e-01 7.8475997035e-05 1.0586042702e-25
2.9340714225e-01 7.8475997035e-05 4.4712560549e-29
3.2533724503e-01 7.8475997035e-05 3.3967418981e-34
3.6074214893e-01 7.8475997035e-05 6.0851704299e-42
4.0000000000e-01 7.8475997035e-05 1.0419830843e-53
2.0000000000e-02 1.4384498883e-04 7.3600242492e-23
2.2176504808e-02 1.4384498883e-04 1.4255152953e-22
2.4589868274e-02 1.4384498883e-04 2.7448589410e-22
2.7265866600e-02 1.4384498883e-04 5.1986323102e-22
3.0233081086e-02 1.4384498883e-04 9.7707265585e-22
3.3523203403e-02 1.4384498883e-04 1.8240972726e-21
3.7171374071e-02 1.4384498883e-04 3.4108966057e-21
4.1216557790e-02 1.4384498883e-04 6.2510473620e-21
4.5701959599e-02 1.4384498883e-04 1.1303348236e-20
5.0675486338e-02 1.4384498883e-04 2.0205067139e-20
5.6190258320e-02 1.4384498883e-04 3.6009561554e-20
6.2305176688e-02 1.4384498883e-04 6.2531552661e-20
6.9085552518e-02 1.4384498883e-04 1.0495267067e-19
7.6603804377e-02 1.4384498883e-04 1.6852579062e-19
8.4940231802e-02 1.4384498883e-04 2.5565080066e-19
9.4183872945e-02 1.4384498883e-04 3.6046317725e-19
1.0443345556e-01 1.4384498883e-04 4.6165254878e-19
1.1579845146e-01 1.4384498883e-04 5.1974705172e-19
1.2840024578e-01 1.4384498883e-04 4.9210777139e-19
1.4237343339e-01 1.4384498883e-04 3.6996252444e-19
1.5786725650e-01 1.4384498883e-04 2.0572992643e-19
1.7504719864e-01 1.4384498883e-04 7.7376238281e-20
1.9409675211e-01 1.4384498883e-04 1.7173432765e-20
2.1521937781e-01 1.4384498883e-04 1.7701672120e-21
2.3864067833e-01 1.4384498883e-04 5.9535096244e-23
2.6461080752e-01 1.4384498883e-04 3.5567188300e-25
2.9340714225e-01 1.4384498883e-04 1.5022611825e-28
3.2533724503e-01 1.4384498883e-04 1.1412438702e-33
3.6074214893e-01 1.4384498883e-04 2.0445072121e-41
4.0000000000e-01 1.4384498883e-04 3.5008743943e-53
2.0000000000e-02 2.6366508987e-04 2.4728344309e-22
2.2176504808e-02 2.6366508987e-04 4.7894724138e-22
2.4589868274e-02 2.6366508987e-04 9.2222273941e-22
2.7265866600e-02 2.6366508987e-04 1.7466460195e-21
3.0233081086e-02 2.6366508987e-04 3.2827866422e-21
3.3523203403e-02 2.6366508987e-04 6.1286355194e-21
3.7171374071e-02 2.6366508987e-04 1.1459993116e-20
4.1216557790e-02 2.6366508987e-04 2.1002383952e-20
4.5701959599e-02 2.6366508987e-04 3.7977197649e-20
5.0675486338e-02 2.6366508987e-04 6.7885357358e-20
5.6190258320e-02 2.6366508987e-04 1.2098559044e-19
6.2305176688e-02 2.6366508987e-04 2.1009466876e-19
6.9085552518e-02 2.6366508987e-04 3.5262193158e-19
7.6603804377e-02 2.6366508987e-04 5.6621608975e-19
8.4940231802e-02 2.6366508987e-04 8.5894033807e-19
9.4183872945e-02 2.6366508987e-04 1.2110909487e-18
1.0443345556e-01 2.6366508987e-04 1.5510689429e-18
1.1579845146e-01 2.6366508987e-04 1.7462560097e-18
1.2840024578e-01 2.6366508987e-04 1.6533930988e-18
1.4237343339e-01 2.6366508987e-04 1.2430072235e-18
1.5786725650e-01 2.6366508987e-04 6.9121541393e-19
1.7504719864e-01 2.6366508987e-04 2.5997021030e-19
1.9409675211e-01 2.6366508987e-04 5.7699642479e-20
2.1521937781e-01 2.6366508987e-04 5.9474437064e-21
2.3864067833e-01 2.6366508987e-04 2.0002724414e-22
2.6461080752e-01 2.6366508987e-04 1.1949938504e-24
2.9340714225e-01 2.6366508987e-04 5.0473290715e-28
3.2533724503e-01 2.6366508987e-04 3.8343755907e-33
3.6074214893e-01 2.6366508987e-04 6.8691786277e-41
4.0000000000e-01 2.6366508987e-04 1.1762308285e-52
2.0000000000e-02 4.8329302386e-04 8.3082746212e-22
2.2176504808e-02 4.8329302386e-04 1.6091757644e-21
2.4589868274e-02 4.8329302386e-04 3.0985009718e-21
2.7265866600e-02 4.8329302386e-04 5.8684135689e-21
3.0233081086e-02 4.8329302386e-04 1.1029567336e-20
3.3523203403e-02 4.8329302386e-04 2.0591103346e-20
3.7171374071e-02 4.8329302386e-04 3.8503498129e-20
4.1216557790e-02 4.8329302386e-04 7.0564201745e-20
4.5701959599e-02 4.8329302386e-04 1.2759650060e-19
5.0675486338e-02 4.8329302386e-04 2.2808250238e-19
5.6190258320e-02 4.8329302386e-04 4.0648967879e-19
6.2305176688e-02 4.8329302386e-04 7.0588007550e-19
6.9085552518e-02 4.8329302386e-04 1.1847459466e-18
7.6603804377e-02 4.8329302386e-04 1.9023838125e-18
8.4940231802e-02 4.8329302386e-04 2.8858846186e-18
9.4183872945e-02 4.8329302386e-04 4.0690474834e-18
1.0443345556e-01 4.8329302386e-04 5.2113128184e-18
1.1579845146e-01 4.8329302386e-04 5.8671069504e-18
1.2840024578e-01 4.8329302386e-04 5.5551049915e-18
1.4237343339e-01 4.8329302386e-04 4.1762825605e-18
1.5786725650e-01 4.8329302386e-04 2.3223609539e-18
1.7504719864e-01 4.8329302386e-04 8.7345390816e-19
1.9409675211e-01 4.8329302386e-04 1.9386064169e-19
2.1521937781e-01 4.8329302386e-04 1.9982370056e-20
2.3864067833e-01 4.8329302386e-04 6.7205676289e-22
2.6461080752e-01 4.8329302386e-04 4.0149729593e-24
2.9340714225e-01 4.8329302386e-04 1.6958159082e-27
3.2533724503e-01 4.8329302386e-04 1.2882845485e-32
3.6074214893e-01 4.8329302386e-04 2.3079258679e-40
4.0000000000e-01 4.8329302386e-04 3.9519291574e-52
2.0000000000e-02 8.8586679041e-04 2.7914296174e-21
2.2176504808e-02 8.8586679041e-04 5.4065388886e-21
2.4589868274e-02 8.8586679041e-04 1.0410401894e-20
2.7265866600e-02 8.8586679041e-04 1.9716806980e-20
3.0233081086e-02 8.8586679041e-04 3.7057350436e-20
3.3523203403e-02 8.8586679041e-04 6.9182384270e-20
3.7171374071e-02 8.8586679041e-04 1.2936479883e-19
4.1216557790e-02 8.8586679041e-04 2.3708298668e-19
4.5701959599e-02 8.8586679041e-04 4.2870125323e-19
5.0675486338e-02 8.8586679041e-04 7.6631618391e-19
5.6190258320e-02 8.8586679041e-04 1.3657323550e-18
6.2305176688e-02 8.8586679041e-04 2.3716306543e-18
6.9085552518e-02 8.8586679041e-04 3.9805348521e-18
7.6603804377e-02 8.8586679041e-04 6.3916711472e-18
8.4940231802e-02 8.8586679041e-04 9.6960610528e-18
9.4183872945e-02 8.8586679041e-04 1.3671282352e-17
1.0443345556e-01 8.8586679041e-04 1.7509098203e-17
1.1579845146e-01 8.8586679041e-04 1.9712459235e-17
1.2840024578e-01 8.8586679041e-04 1.8664195528e-17
1.4237343339e-01 8.8586679041e-04 1.4031597487e-17
1.5786725650e-01 8.8586679041e-04 7.8027420292e-18
1.7504719864e-01 8.8586679041e-04 2.9346604297e-18
1.9409675211e-01 8.8586679041e-04 6.5134022904e-19
2.1521937781e-01 8.8586679041e-04 6.7137583115e-20
2.3864067833e-01 8.8586679041e-04 2.2580063271e-21
2.6461080752e-01 8.8586679041e-04 1.3489701129e-23
2.9340714225e-01 8.8586679041e-04 5.6976903845e-27
3.2533724503e-01 8.8586679041e-04 4.3284474294e-32
3.6074214893e-01 8.8586679041e-04 7.7542868420e-40
4.0000000000e-01 8.8586679041e-04 1.3277846375e-51
2.0000000000e-02 1.6237767392e-03 9.3786998572e-21
2.2176504808e-02 1.6237767392e-03 1.8164996460e-20
2.4589868274e-02 1.6237767392e-03 3.4977077492e-20
2.7265866600e-02 1.6237767392e-03 6.6244931075e-20
3.0233081086e-02 1.6237767392e-03 1.2450605859e-19
3.3523203403e-02 1.6237767392e-03 2.3244045101e-19
3.7171374071e-02 1.6237767392e-03 4.3464268785e-19
4.1216557790e-02 1.6237767392e-03 7.9655678471e-19
4.5701959599e-02 1.6237767392e-03 1.4403605367e-18
5.0675486338e-02 1.6237767392e-03 2.5746878874e-18
5.6190258320e-02 1.6237767392e-03 4.5886226883e-18
6.2305176688e-02 1.6237767392e-03 7.9682691346e-18
6.9085552518e-02 1.6237767392e-03 1.3373916186e-17
7.6603804377e-02 1.6237767392e-03 2.1474935175e-17
8.4940231802e-02 1.6237767392e-03 3.2577151549e-17
9.4183872945e-02 1.6237767392e-03 4.5933275147e-17
1.0443345556e-01 1.6237767392e-03 5.8827773251e-17
1.1579845146e-01 1.6237767392e-03 6.6230800451e-17
1.2840024578e-01 1.6237767392e-03 6.2708894642e-17
1.4237343339e-01 1.6237767392e-03 4.7144148055e-17
1.5786725650e-01 1.6237767392e-03 2.6216147876e-17
1.7504719864e-01 1.6237767392e-03 9.8600840025e-18
1.9409675211e-01 1.6237767392e-03 2.1884265801e-18
2.1521937781e-01 1.6237767392e-03 2.2557516821e-19
2.3864067833e-01 1.6237767392e-03 7.5866910423e-21
2.6461080752e-01 1.6237767392e-03 4.5324316750e-23
2.9340714225e-01 1.6237767392e-03 1.9143848743e-26
3.2533724503e-01 1.6237767392e-03 1.4543309816e-31
3.6074214893e-01 1.6237767392e-03 2.6053844784e-39
4.0000000000e-01 1.6237767392e-03 4.4612082492e-51
2.0000000000e-02 2.9763514416e-03 3.1510767736e-20
2.2176504808e-02 2.9763514416e-03 6.1031180250e-20
2.4589868274e-02 2.9763514416e-03 1.1751683724e-19
2.7265866600e-02 2.9763514416e-03 2.2257140985e-19
3.0233081086e-02 2.9763514416e-03 4.1831880432e-19
3.3523203403e-02 2.9763514416e-03 7.8096006246e-19
3.7171374071e-02 2.9763514416e-03 1.4603257689e-18
4.1216557790e-02 2.9763514416e-03 2.6762976860e-18
4.5701959599e-02 2.9763514416e-03 4.8393748063e-18
5.0675486338e-02 2.9763514416e-03 8.6505371746e-18
5.6190258320e-02 2.9763514416e-03 1.5417052972e-17
6.2305176688e-02 2.9763514416e-03 2.6772174467e-17
6.9085552518e-02 2.9763514416e-03 4.4934406800e-17
7.6603804377e-02 2.9763514416e-03 7.2152800747e-17
8.4940231802e-02 2.9763514416e-03 1.0945498376e-16
9.4183872945e-02 2.9763514416e-03 1.5433028784e-16
1.0443345556e-01 2.9763514416e-03 1.9765497358e-16
1.1579845146e-01 2.9763514416e-03 2.2252931816e-16
1.2840024578e-01 2.9763514416e-03 2.1069714211e-16
1.4237343339e-01 2.9763514416e-03 1.5840175619e-16
1.5786725650e-01 2.9763514416e-03 8.8085472433e-17
1.7504719864e-01 2.9763514416e-03 3.3129876656e-17
1.9409675211e-01 2.9763514416e-03 7.3531871323e-18
2.1521937781e-01 2.9763514416e-03 7.5794901853e-19
2.3864067833e-01 2.9763514416e-03 2.5492162002e-20
2.6461080752e-01 2.9763514416e-03 1.5229695800e-22
2.9340714225e-01 2.9763514416e-03 6.4327126983e-26
3.2533724503e-01 2.9763514416e-03 4.8868668604e-31
3.6074214893e-01 2.9763514416e-03 8.7545778092e-39
4.0000000000e-01 2.9763514416e-03 1.4989899926e-50
2.0000000000e-02 5.4555947812e-03 1.0587091031e-19
2.2176504808e-02 5.4555947812e-03 2.0505472496e-19
2.4589868274e-02 5.4555947812e-03 3.9483761949e-19
2.7265866600e-02 5.4555947812e-03 7.4780490058e-19
3.0233081086e-02 5.4555947812e-03 1.4054872684e-18
3.3523203403e-02 5.4555947812e-03 2.6239108179e-18
3.7171374071e-02 5.4555947812e-03 4.9064892564e-18
4.1216557790e-02 5.4555947812e-03 8.9920052420e-18
4.5701959599e-02 5.4555947812e-03 1.6259703716e-17
5.0675486338e-02 5.4555947812e-03 2.9064839497e-17
5.6190258320e-02 5.4555947812e-03 5.1799789630e-17
6.2305176688e-02 5.4555947812e-03 8.9952329307e-17
6.9085552518e-02 5.4555947812e-03 1.5097684470e-16
7.6603804377e-02 5.4555947812e-03 2.4243069424e-16
8.4940231802e-02 5.4555947812e-03 3.6776775582e-16
9.4183872945e-02 5.4555947812e-03 5.1855366985e-16
1.0443345556e-01 5.4555947812e-03 6.6413384563e-16
1.1579845146e-01 5.4555947812e-03 7.4772426380e-16
1.2840024578e-01 5.4555947812e-03 7.0797919177e-16
1.4237343339e-01 5.4555947812e-03 5.3226868284e-16
1.5786725650e-01 5.4555947812e-03 2.9599610176e-16
1.7504719864e-01 5.4555947812e-03 1.1133052760e-16
1.9409675211e-01 5.4555947812e-03 2.4710694866e-17
2.1521937781e-01 5.4555947812e-03 2.5472193987e-18
2.3864067833e-01 5.4555947812e-03 8.5674528031e-20
2.6461080752e-01 5.4555947812e-03 5.1186494487e-22
2.9340714225e-01 5.4555947812e-03 2.1620955592e-25
3.2533724503e-01 5.4555947812e-03 1.6425519093e-30
3.6074214893e-01 5.4555947812e-03 2.9424613840e-38
4.0000000000e-01 5.4555947812e-03 5.0375180903e-50
2.0000000000e-02 1.0000000000e-02 3.5571217540e-19
2.2176504808e-02 1.0000000000e-02 6.8895846208e-19
2.4589868274e-02 1.0000000000e-02 1.3266097552e-18
2.7265866600e-02 1.0000000000e-02 2.5125496242e-18
3.0233081086e-02 1.0000000000e-02 4.7223184162e-18
3.3523203403e-02 1.0000000000e-02 8.8161674215e-18
3.7171374071e-02 1.0000000000e-02 1.6485590014e-17
4.1216557790e-02 1.0000000000e-02 3.0212986222e-17
4.5701959599e-02 1.0000000000e-02 5.4632852928e-17
5.0675486338e-02 1.0000000000e-02 9.7659425767e-17
5.6190258320e-02 1.0000000000e-02 1.7405247781e-16
6.2305176688e-02 1.0000000000e-02 3.0225382369e-16
6.9085552518e-02 1.0000000000e-02 5.0731575515e-16
7.6603804377e-02 1.0000000000e-02 8.1464042080e-16
8.4940231802e-02 1.0000000000e-02 1.2358461792e-15
9.4183872945e-02 1.0000000000e-02 1.7426067271e-15
1.0443345556e-01 1.0000000000e-02 2.2319227428e-15
1.1579845146e-01 1.0000000000e-02 2.5129648433e-15
1.2840024578e-01 1.0000000000e-02 2.3795289674e-15
1.4237343339e-01 1.0000000000e-02 1.7890887513e-15
1.5786725650e-01 1.0000000000e-02 9.9500018609e-16
1.7504719864e-01 1.0000000000e-02 3.7427793308e-16
1.9409675211e-01 1.0000000000e-02 8.3083521089e-17
2.1521937781e-01 1.0000000000e-02 8.5655133462e-18
2.3864067833e-01 1.0000000000e-02 2.8813861061e-19
2.6461080752e-01 1.0000000000e-02 1.7217463349e-21
2.9340714225e-01 1.0000000000e-02 7.2735111388e-25
3.2533724503e-01 1.0000000000e-02 5.5260450592e-30
3.6074214893e-01 1.0000000000e-02 9.8983274882e-38
4.0000000000e-01 1.0000000000e-02 1.6938430158e-49
