2.0000000000e-02 1.0000000000e-07 3.3923795802e-29
2.2176504808e-02 1.0000000000e-07 6.5753204618e-29
2.4589868274e-02 1.0000000000e-07 1.2667621984e-28
2.7265866600e-02 1.0000000000e-07 2.3987088838e-28
3.0233081086e-02 1.0000000000e-07 4.5065934178e-28
3.3523203403e-02 1.0000000000e-07 8.4086988843e-28
3.7171374071e-02 1.0000000000e-07 1.5721548710e-27
4.1216557790e-02 1.0000000000e-07 2.8698662436e-27
4.5701959599e-02 1.0000000000e-07 5.1911155874e-27
5.0675486338e-02 1.0000000000e-07 9.2648966639e-27
5.6190258320e-02 1.0000000000e-07 1.6518192312e-26
6.2305176688e-02 1.0000000000e-07 2.8695077658e-26
6.9085552518e-02 1.0000000000e-07 4.8175776426e-26
7.6603804377e-02 1.0000000000e-07 7.7371728630e-26
8.4940231802e-02 1.0000000000e-07 1.1739612209e-25
9.4183872945e-02 1.0000000000e-07 1.6560085574e-25
1.0443345556e-01 1.0000000000e-07 2.1228152433e-25
1.1579845146e-01 1.0000000000e-07 2.3939486529e-25
1.2840024578e-01 1.0000000000e-07 2.2729699287e-25
1.4237343339e-01 1.0000000000e-07 1.7158323105e-25
1.5786725650e-01 1.0000000000e-07 9.5939402590e-26
1.7504719864e-01 1.0000000000e-07 3.6355100336e-26
1.9409675211e-01 1.0000000000e-07 8.1884925562e-27
2.1521937781e-01 1.0000000000e-07 8.7411770032e-28
2.3864067833e-01 1.0000000000e-07 3.0267045783e-29
2.6461080752e-01 1.0000000000e-07 1.8878376127e-31
2.9340714225e-01 1.0000000000e-07 8.5024638044e-35
3.2533724503e-01 1.0000000000e-07 7.1600321204e-40
3.6074214893e-01 1.0000000000e-07 1.5232375695e-47
4.0000000000e-01 1.0000000000e-07 3.4320548670e-59
2.0000000000e-02 1.8329807108e-07 1.1397778948e-28
2.2176504808e-02 1.8329807108e-07 2.2091881926e-28
2.4589868274e-02 1.8329807108e-07 4.2560907986e-28
2.7265866600e-02 1.8329807108e-07 8.0592259713e-28
3.0233081086e-02 1.8329807108e-07 1.5141334974e-27
3.3523203403e-02 1.8329807108e-07 2.8251700275e-27
3.7171374071e-02 1.8329807108e-07 5.2821546845e-27
4.1216557790e-02 1.8329807108e-07 9.6422290843e-27
4.5701959599e-02 1.8329807108e-07 1.7441205077e-26
5.0675486338e-02 1.8329807108e-07 3.1128369232e-26
5.6190258320e-02 1.8329807108e-07 5.5498124586e-26
6.2305176688e-02 1.8329807108e-07 9.6410246643e-26
6.9085552518e-02 1.8329807108e-07 1.6186185459e-25
7.6603804377e-02 1.8329807108e-07 2.5995494869e-25
8.4940231802e-02 1.8329807108e-07 3.9442963774e-25
9.4183872945e-02 1.8329807108e-07 5.5638878335e-25
1.0443345556e-01 1.8329807108e-07 7.1322734729e-25
1.1579845146e-01 1.8329807108e-07 8.0432324605e-25
1.2840024578e-01 1.8329807108e-07 7.6367659305e-25
1.4237343339e-01 1.8329807108e-07 5.7648847730e-25
1.5786725650e-01 1.8329807108e-07 3.2233895920e-25
1.7504719864e-01 1.8329807108e-07 1.2214653091e-25
1.9409675211e-01 1.8329807108e-07 2.7511847027e-26
2.1521937781e-01 1.8329807108e-07 2.9368766339e-27
2.3864067833e-01 1.8329807108e-07 1.0169177389e-28
2.6461080752e-01 1.8329807108e-07 6.3427913326e-31
2.9340714225e-01 1.8329807108e-07 2.8566733369e-34
3.2533724503e-01 1.8329807108e-07 2.4056406848e-39
3.6074214893e-01 1.8329807108e-07 5.1178014404e-47
4.0000000000e-01 1.8329807108e-07 1.1531080702e-58
2.0000000000e-02 3.3598182863e-07 3.8294466131e-28
2.2176504808e-02 3.3598182863e-07 7.4224708872e-28
2.4589868274e-02 3.3598182863e-07 1.4299691693e-27
2.7265866600e-02 3.3598182863e-07 2.7077534792e-27
3.0233081086e-02 3.3598182863e-07 5.0872134124e-27
3.3523203403e-02 3.3598182863e-07 9.4920579203e-27
3.7171374071e-02 3.3598182863e-07 1.7747079900e-26
4.1216557790e-02 3.3598182863e-07 3.2396137598e-26
4.5701959599e-02 3.3598182863e-07 5.8599279752e-26
5.0675486338e-02 3.3598182863e-07 1.0458566417e-25
5.6190258320e-02 3.3598182863e-07 1.8646361384e-25
6.2305176688e-02 3.3598182863e-07 3.2392090966e-25
6.9085552518e-02 3.3598182863e-07 5.4382641890e-25
7.6603804377e-02 3.3598182863e-07 8.7340139023e-25
8.4940231802e-02 3.3598182863e-07 1.3252119095e-24
9.4183872945e-02 3.3598182863e-07 1.8693652086e-24
1.0443345556e-01 3.3598182863e-07 2.3963142837e-24
1.1579845146e-01 3.3598182863e-07 2.7023799502e-24
1.2840024578e-01 3.3598182863e-07 2.5658145821e-24
1.4237343339e-01 3.3598182863e-07 1.9368965279e-24
1.5786725650e-01 3.3598182863e-07 1.0830003295e-24
1.7504719864e-01 3.3598182863e-07 4.1039014815e-25
1.9409675211e-01 3.3598182863e-07 9.2434806732e-26
2.1521937781e-01 3.3598182863e-07 9.8673718192e-27
2.3864067833e-01 3.3598182863e-07 3.4166588149e-28
2.6461080752e-01 3.3598182863e-07 2.1310626305e-30
2.9340714225e-01 3.3598182863e-07 9.5979033151e-34
3.2533724503e-01 3.3598182863e-07 8.0825155632e-39
3.6074214893e-01 3.3598182863e-07 1.7194882865e-46
4.0000000000e-01 3.3598182863e-07 3.8742335802e-58
2.0000000000e-02 6.1584821107e-07 1.2866244757e-27
2.2176504808e-02 6.1584821107e-07 2.4938153416e-27
2.4589868274e-02 6.1584821107e-07 4.8044365639e-27
2.7265866600e-02 6.1584821107e-07 9.0975596540e-27
3.0233081086e-02 6.1584821107e-07 1.7092112649e-26
3.3523203403e-02 6.1584821107e-07 3.1891589775e-26
3.7171374071e-02 6.1584821107e-07 5.9626963576e-26
4.1216557790e-02 6.1584821107e-07 1.0884513551e-25
4.5701959599e-02 6.1584821107e-07 1.9688293167e-25
5.0675486338e-02 6.1584821107e-07 3.5138882695e-25
5.6190258320e-02 6.1584821107e-07 6.2648385950e-25
6.2305176688e-02 6.1584821107e-07 1.0883153956e-24
6.9085552518e-02 6.1584821107e-07 1.8271579468e-24
7.6603804377e-02 6.1584821107e-07 2.9344699622e-24
8.4940231802e-02 6.1584821107e-07 4.4524712069e-24
9.4183872945e-02 6.1584821107e-07 6.2807274115e-24
1.0443345556e-01 6.1584821107e-07 8.0511805500e-24
1.1579845146e-01 6.1584821107e-07 9.0795055731e-24
1.2840024578e-01 6.1584821107e-07 8.6206707522e-24
1.4237343339e-01 6.1584821107e-07 6.5076203729e-24
1.5786725650e-01 6.1584821107e-07 3.6386843111e-24
1.7504719864e-01 6.1584821107e-07 1.3788363243e-24
1.9409675211e-01 6.1584821107e-07 3.1056415395e-25
2.1521937781e-01 6.1584821107e-07 3.3152576276e-26
2.3864067833e-01 6.1584821107e-07 1.1479352764e-27
2.6461080752e-01 6.1584821107e-07 7.1599831952e-30
2.9340714225e-01 6.1584821107e-07 3.2247211068e-33
3.2533724503e-01 6.1584821107e-07 2.7155783588e-38
3.6074214893e-01 6.1584821107e-07 5.7771681880e-46
4.0000000000e-01 6.1584821107e-07 1.3016720828e-57
2.0000000000e-02 1.1288378917e-06 4.3228244411e-27
2.2176504808e-02 1.1288378917e-06 8.3787663874e-27
2.4589868274e-02 1.1288378917e-06 1.6142033823e-26
2.7265866600e-02 1.1288378917e-06 3.0566147286e-26
3.0233081086e-02 1.1288378917e-06 5.7426392630e-26
3.3523203403e-02 1.1288378917e-06 1.0714994651e-25
3.7171374071e-02 1.1288378917e-06 2.0033576258e-25
4.1216557790e-02 1.1288378917e-06 3.6569987665e-25
4.5701959599e-02 1.1288378917e-06 6.6149087410e-25
5.0675486338e-02 1.1288378917e-06 1.1806026064e-24
5.6190258320e-02 1.1288378917e-06 2.1048719272e-24
6.2305176688e-02 1.1288378917e-06 3.6565419673e-24
6.9085552518e-02 1.1288378917e-06 6.1389186816e-24
7.6603804377e-02 1.1288378917e-06 9.8592858394e-24
8.4940231802e-02 1.1288378917e-06 1.4959494180e-23
9.4183872945e-02 1.1288378917e-06 2.1102102808e-23
1.0443345556e-01 1.1288378917e-06 2.7050503638e-23
1.1579845146e-01 1.1288378917e-06 3.0505488855e-23
1.2840024578e-01 1.1288378917e-06 2.8963887233e-23
1.4237343339e-01 1.1288378917e-06 2.1864421929e-23
1.5786725650e-01 1.1288378917e-06 1.2225318086e-23
1.7504719864e-01 1.1288378917e-06 4.6326394960e-24
1.9409675211e-01 1.1288378917e-06 1.0434391235e-24
2.1521937781e-01 1.1288378917e-06 1.1138663201e-25
2.3864067833e-01 1.1288378917e-06 3.8568539332e-27
2.6461080752e-01 1.1288378917e-06 2.4056242469e-29
2.9340714225e-01 1.1288378917e-06 1.0834476943e-32
3.2533724503e-01 1.1288378917e-06 9.1238498278e-38
3.6074214893e-01 1.1288378917e-06 1.9410235321e-45
4.0000000000e-01 1.1288378917e-06 4.3733816666e-57
2.0000000000e-02 2.0691380811e-06 1.4523904606e-26
2.2176504808e-02 2.0691380811e-06 2.8151132525e-26
2.4589868274e-02 2.0691380811e-06 5.4234300416e-26
2.7265866600e-02 2.0691380811e-06 1.0269670059e-25
3.0233081086e-02 2.0691380811e-06 1.9294224407e-25
3.3523203403e-02 2.0691380811e-06 3.6000434964e-25
3.7171374071e-02 2.0691380811e-06 6.7309175850e-25
4.1216557790e-02 2.0691380811e-06 1.2286851329e-24
4.5701959599e-02 2.0691380811e-06 2.2224891350e-24
5.0675486338e-02 2.0691380811e-06 3.9666102258e-24
5.6190258320e-02 2.0691380811e-06 7.0719871914e-24
6.2305176688e-02 2.0691380811e-06 1.2285316566e-23
6.9085552518e-02 2.0691380811e-06 2.0625651244e-23
7.6603804377e-02 2.0691380811e-06 3.3125408853e-23
8.4940231802e-02 2.0691380811e-06 5.0261182099e-23
9.4183872945e-02 2.0691380811e-06 7.0899230894e-23
1.0443345556e-01 2.0691380811e-06 9.0884776777e-23
1.1579845146e-01 2.0691380811e-06 1.0249289929e-22
1.2840024578e-01 2.0691380811e-06 9.7313397969e-23
1.4237343339e-01 2.0691380811e-06 7.3460484617e-23
1.5786725650e-01 2.0691380811e-06 4.1074847262e-23
1.7504719864e-01 2.0691380811e-06 1.5564826893e-23
1.9409675211e-01 2.0691380811e-06 3.5057658477e-24
2.1521937781e-01 2.0691380811e-06 3.7423884307e-25
2.3864067833e-01 2.0691380811e-06 1.2958328372e-26
2.6461080752e-01 2.0691380811e-06 8.0824603346e-29
2.9340714225e-01 2.0691380811e-06 3.6401873755e-32
3.2533724503e-01 2.0691380811e-06 3.0654477493e-37
3.6074214893e-01 2.0691380811e-06 6.5214863573e-45
4.0000000000e-01 2.0691380811e-06 1.4693767696e-56
2.0000000000e-02 3.7926901907e-06 4.8797680282e-26
2.2176504808e-02 3.7926901907e-06 9.4582689837e-26
2.4589868274e-02 3.7926901907e-06 1.8221739428e-25
2.7265866600e-02 3.7926901907e-06 3.4504225259e-25
3.0233081086e-02 3.7926901907e-06 6.4825087984e-25
3.3523203403e-02 3.7926901907e-06 1.2095491971e-24
3.7171374071e-02 3.7926901907e-06 2.2614659986e-24
4.1216557790e-02 3.7926901907e-06 4.1281587775e-24
4.5701959599e-02 3.7926901907e-06 7.4671596368e-24
5.0675486338e-02 3.7926901907e-06 1.3327089571e-23
5.6190258320e-02 3.7926901907e-06 2.3760591886e-23
6.2305176688e-02 3.7926901907e-06 4.1276431252e-23
6.9085552518e-02 3.7926901907e-06 6.9298440217e-23
7.6603804377e-02 3.7926901907e-06 1.1129535440e-22
8.4940231802e-02 3.7926901907e-06 1.6886843871e-22
9.4183872945e-02 3.7926901907e-06 2.3820853244e-22
1.0443345556e-01 3.7926901907e-06 3.0535633496e-22
1.1579845146e-01 3.7926901907e-06 3.4435751724e-22
1.2840024578e-01 3.7926901907e-06 3.2695533400e-22
1.4237343339e-01 3.7926901907e-06 2.4681387953e-22
1.5786725650e-01 3.7926901907e-06 1.3800402294e-22
1.7504719864e-01 3.7926901907e-06 5.2294990016e-23
1.9409675211e-01 3.7926901907e-06 1.1778736203e-23
2.1521937781e-01 3.7926901907e-06 1.2573745084e-24
2.3864067833e-01 3.7926901907e-06 4.3537628625e-26
2.6461080752e-01 3.7926901907e-06 2.7155598030e-28
2.9340714225e-01 3.7926901907e-06 1.2230368110e-31
3.2533724503e-01 3.7926901907e-06 1.0299347404e-36
3.6074214893e-01 3.7926901907e-06 2.1911009117e-44
4.0000000000e-01 3.7926901907e-06 4.9368389400e-56
2.0000000000e-02 6.9519279618e-06 1.6395133854e-25
2.2176504808e-02 6.9519279618e-06 3.1778065088e-25
2.4589868274e-02 6.9519279618e-06 6.1221733338e-25
2.7265866600e-02 6.9519279618e-06 1.1592792698e-24
3.0233081086e-02 6.9519279618e-06 2.1780051602e-24
3.3523203403e-02 6.9519279618e-06 4.0638655105e-24
3.7171374071e-02 6.9519279618e-06 7.5981148158e-24
4.1216557790e-02 6.9519279618e-06 1.3869863349e-23
4.5701959599e-02 6.9519279618e-06 2.5088299494e-23
5.0675486338e-02 6.9519279618e-06 4.4776599244e-23
5.6190258320e-02 6.9519279618e-06 7.9831271111e-23
6.2305176688e-02 6.9519279618e-06 1.3868130851e-22
6.9085552518e-02 6.9519279618e-06 2.3283016665e-22
7.6603804377e-02 6.9519279618e-06 3.7393216691e-22
8.4940231802e-02 6.9519279618e-06 5.6736726835e-22
9.4183872945e-02 6.9519279618e-06 8.0033738325e-22
1.0443345556e-01 6.9519279618e-06 1.0259417980e-21
1.1579845146e-01 6.9519279618e-06 1.1569786834e-21
1.2840024578e-01 6.9519279618e-06 1.0985105100e-21
1.4237343339e-01 6.9519279618e-06 8.2924978577e-22
1.5786725650e-01 6.9519279618e-06 4.6366843985e-22
1.7504719864e-01 6.9519279618e-06 1.7570166374e-22
1.9409675211e-01 6.9519279618e-06 3.9574413283e-23
2.1521937781e-01 6.9519279618e-06 4.2245498660e-24
2.3864067833e-01 6.9519279618e-06 1.4627852079e-25
2.6461080752e-01 6.9519279618e-06 9.1237874837e-28
2.9340714225e-01 6.9519279618e-06 4.1091814423e-31
3.2533724503e-01 6.9519279618e-06 3.4603935744e-36
3.6074214893e-01 6.9519279618e-06 7.3617009102e-44
4.0000000000e-01 6.9519279618e-06 1.6586881747e-55
2.0000000000e-02 1.2742749857e-05 5.5084670529e-25
2.2176504808e-02 1.2742749857e-05 1.0676852419e-24
2.4589868274e-02 1.2742749857e-05 2.0569389919e-24
2.7265866600e-02 1.2742749857e-05 3.8949676896e-24
3.0233081086e-02 1.2742749857e-05 7.3177015648e-24
3.3523203403e-02 1.2742749857e-05 1.3653849655e-23
3.7171374071e-02 1.2742749857e-05 2.5528285099e-23
4.1216557790e-02 1.2742749857e-05 4.6600220509e-23
4.5701959599e-02 1.2742749857e-05 8.4292127413e-23
5.0675486338e-02 1.2742749857e-05 1.5044123694e-22
5.6190258320e-02 1.2742749857e-05 2.6821856450e-22
6.2305176688e-02 1.2742749857e-05 4.6594399631e-22
6.9085552518e-02 1.2742749857e-05 7.8226705152e-22
7.6603804377e-02 1.2742749857e-05 1.2563441322e-21
8.4940231802e-02 1.2742749857e-05 1.9062509232e-21
9.4183872945e-02 1.2742749857e-05 2.6889881754e-21
1.0443345556e-01 1.2742749857e-05 3.4469780137e-21
1.1579845146e-01 1.2742749857e-05 3.8872381374e-21
1.2840024578e-01 1.2742749857e-05 3.6907956990e-21
1.4237343339e-01 1.2742749857e-05 2.7861285941e-21
1.5786725650e-01 1.2742749857e-05 1.5578417030e-21
1.7504719864e-01 1.2742749857e-05 5.9032566276e-22
1.9409675211e-01 1.2742749857e-05 1.3296283742e-22
2.1521937781e-01 1.2742749857e-05 1.4193719891e-23
2.3864067833e-01 1.2742749857e-05 4.9146924906e-25
2.6461080752e-01 1.2742749857e-05 3.0654268028e-27
2.9340714225e-01 1.2742749857e-05 1.3806102951e-30
3.2533724503e-01 1.2742749857e-05 1.1626293609e-35
3.6074214893e-01 1.2742749857e-05 2.4733977336e-43
4.0000000000e-01 1.2742749857e-05 5.5728908606e-55
2.0000000000e-02 2.3357214691e-05 1.8507448334e-24
2.2176504808e-02 2.3357214691e-05 3.5872283996e-24
2.4589868274e-02 2.3357214691e-05 6.9109412387e-24
2.7265866600e-02 2.3357214691e-05 1.3086383668e-23
3.0233081086e-02 2.3357214691e-05 2.4586147531e-23
3.3523203403e-02 2.3357214691e-05 4.5874453750e-23
3.7171374071e-02 2.3357214691e-05 8.5770399094e-23
4.1216557790e-02 2.3357214691e-05 1.5656827301e-22
4.5701959599e-02 2.3357214691e-05 2.8320623107e-22
5.0675486338e-02 2.3357214691e-05 5.0545521887e-22
5.6190258320e-02 2.3357214691e-05 9.0116563772e-22
6.2305176688e-02 2.3357214691e-05 1.5654871592e-21
6.9085552518e-02 2.3357214691e-05 2.6282751445e-21
7.6603804377e-02 2.3357214691e-05 4.2210879892e-21
8.4940231802e-02 2.3357214691e-05 6.4046567101e-21
9.4183872945e-02 2.3357214691e-05 9.0345116434e-21
1.0443345556e-01 2.3357214691e-05 1.1581219763e-20
1.1579845146e-01 2.3357214691e-05 1.3060413777e-20
1.2840024578e-01 2.3357214691e-05 1.2400402881e-20
1.4237343339e-01 2.3357214691e-05 9.3608857985e-21
1.5786725650e-01 2.3357214691e-05 5.2340650408e-21
1.7504719864e-01 2.3357214691e-05 1.9833869566e-21
1.9409675211e-01 2.3357214691e-05 4.4673097255e-22
2.1521937781e-01 2.3357214691e-05 4.7688319640e-23
2.3864067833e-01 2.3357214691e-05 1.6512473701e-24
2.6461080752e-01 2.3357214691e-05 1.0299277027e-26
2.9340714225e-01 2.3357214691e-05 4.6385997159e-30
3.2533724503e-01 2.3357214691e-05 3.9062233869e-35
3.6074214893e-01 2.3357214691e-05 8.3101669347e-43
4.0000000000e-01 2.3357214691e-05 1.8723900621e-54
2.0000000000e-02 4.2813323987e-05 6.2181663344e-24
2.2176504808e-02 4.2813323987e-05 1.2052435574e-23
2.4589868274e-02 4.2813323987e-05 2.3219506749e-23
2.7265866600e-02 4.2813323987e-05 4.3967871149e-23
3.0233081086e-02 4.2813323987e-05 8.2604988064e-23
3.3523203403e-02 4.2813323987e-05 1.5412982858e-22
3.7171374071e-02 4.2813323987e-05 2.8817295530e-22
4.1216557790e-02 4.2813323987e-05 5.2604094671e-22
4.5701959599e-02 4.2813323987e-05 9.5152147395e-22
5.0675486338e-02 4.2813323987e-05 1.6982376873e-21
5.6190258320e-02 4.2813323987e-05 3.0277527886e-21
6.2305176688e-02 4.2813323987e-05 5.2597523844e-21
6.9085552518e-02 4.2813323987e-05 8.8305268917e-21
7.6603804377e-02 4.2813323987e-05 1.4182088614e-20
8.4940231802e-02 4.2813323987e-05 2.1518482732e-20
9.4183872945e-02 4.2813323987e-05 3.0354317427e-20
1.0443345556e-01 4.2813323987e-05 3.8910793937e-20
1.1579845146e-01 4.2813323987e-05 4.3880617035e-20
1.2840024578e-01 4.2813323987e-05 4.1663100355e-20
1.4237343339e-01 4.2813323987e-05 3.1450875281e-20
1.5786725650e-01 4.2813323987e-05 1.7585507436e-20
1.7504719864e-01 4.2813323987e-05 6.6638197656e-21
1.9409675211e-01 4.2813323987e-05 1.5009348906e-21
2.1521937781e-01 4.2813323987e-05 1.6022408837e-22
2.3864067833e-01 4.2813323987e-05 5.5478911093e-24
2.6461080752e-01 4.2813323987e-05 3.4603699292e-26
2.9340714225e-01 4.2813323987e-05 1.5584852148e-29
3.2533724503e-01 4.2813323987e-05 1.3124200766e-34
3.6074214893e-01 4.2813323987e-05 2.7920650829e-42
4.0000000000e-01 4.2813323987e-05 6.2908903697e-54
2.0000000000e-02 7.8475997035e-05 2.0891908957e-23
2.2176504808e-02 7.8475997035e-05 4.0493993436e-23
2.4589868274e-02 7.8475997035e-05 7.8013323374e-23
2.7265866600e-02 7.8475997035e-05 1.4772405750e-22
3.0233081086e-02 7.8475997035e-05 2.7753774943e-22
3.3523203403e-02 7.8475997035e-05 5.1784821653e-22
3.7171374071e-02 7.8475997035e-05 9.6820876483e-22
4.1216557790e-02 7.8475997035e-05 1.7674019921e-21
4.5701959599e-02 7.8475997035e-05 3.1969392480e-21
5.0675486338e-02 7.8475997035e-05 5.7057700361e-21
5.6190258320e-02 7.8475997035e-05 1.0172699185e-20
6.2305176688e-02 7.8475997035e-05 1.7671812242e-20
6.9085552518e-02 7.8475997035e-05 2.9668965728e-20
7.6603804377e-02 7.8475997035e-05 4.7649240664e-20
8.4940231802e-02 7.8475997035e-05 7.2298191776e-20
9.4183872945e-02 7.8475997035e-05 1.0198499076e-19
1.0443345556e-01 7.8475997035e-05 1.3073319700e-19
1.1579845146e-01 7.8475997035e-05 1.4743089953e-19
1.2840024578e-01 7.8475997035e-05 1.3998044644e-19
1.4237343339e-01 7.8475997035e-05 1.0566922589e-19
1.5786725650e-01 7.8475997035e-05 5.9084109456e-20
1.7504719864e-01 7.8475997035e-05 2.2389223505e-20
1.9409675211e-01 7.8475997035e-05 5.0428684920e-21
2.1521937781e-01 7.8475997035e-05 5.3832382201e-22
2.3864067833e-01 7.8475997035e-05 1.8639905999e-23
2.6461080752e-01 7.8475997035e-05 1.1626214165e-25
2.9340714225e-01 7.8475997035e-05 5.2362271236e-29
3.2533724503e-01 7.8475997035e-05 4.4094929725e-34
3.6074214893e-01 7.8475997035e-05 9.3808313221e-42
4.0000000000e-01 7.8475997035e-05 2.1136248501e-53
2.0000000000e-02 1.4384498883e-04 7.0193017750e-23
2.2176504808e-02 1.4384498883e-04 1.3605245963e-22
2.4589868274e-02 1.4384498883e-04 2.6211059045e-22
2.7265866600e-02 1.4384498883e-04 4.9632598970e-22
3.0233081086e-02 1.4384498883e-04 9.3247640569e-22
3.3523203403e-02 1.4384498883e-04 1.7398759074e-21
3.7171374071e-02 1.4384498883e-04 3.2530055130e-21
4.1216557790e-02 1.4384498883e-04 5.9381495323e-21
4.5701959599e-02 1.4384498883e-04 1.0741134945e-20
5.0675486338e-02 1.4384498883e-04 1.9170350505e-20
5.6190258320e-02 1.4384498883e-04 3.4178420744e-20
6.2305176688e-02 1.4384498883e-04 5.9374077924e-20
6.9085552518e-02 1.4384498883e-04 9.9682333589e-20
7.6603804377e-02 1.4384498883e-04 1.6009279011e-19
8.4940231802e-02 1.4384498883e-04 2.4290878679e-19
9.4183872945e-02 1.4384498883e-04 3.4265103688e-19
1.0443345556e-01 1.4384498883e-04 4.3923978591e-19
1.1579845146e-01 1.4384498883e-04 4.9534103220e-19
1.2840024578e-01 1.4384498883e-04 4.7030886366e-19
1.4237343339e-01 1.4384498883e-04 3.5502939744e-19
1.5786725650e-01 1.4384498883e-04 1.9851187138e-19
1.7504719864e-01 1.4384498883e-04 7.5223722547e-20
1.9409675211e-01 1.4384498883e-04 1.6943121775e-20
2.1521937781e-01 1.4384498883e-04 1.8086702211e-21
2.3864067833e-01 1.4384498883e-04 6.2626697031e-23
2.6461080752e-01 1.4384498883e-04 3.9061966953e-25
2.9340714225e-01 1.4384498883e-04 1.7592771641e-28
3.2533724503e-01 1.4384498883e-04 1.4815095122e-33
3.6074214893e-01 1.4384498883e-04 3.1517888617e-41
4.0000000000e-01 1.4384498883e-04 7.1013954218e-53
2.0000000000e-02 2.6366508987e-04 2.3583578461e-22
2.2176504808e-02 2.6366508987e-04 4.5711154176e-22
2.4589868274e-02 2.6366508987e-04 8.8064395481e-22
2.7265866600e-02 2.6366508987e-04 1.6675651361e-21
3.0233081086e-02 2.6366508987e-04 3.1329512794e-21
3.3523203403e-02 2.6366508987e-04 5.8456668896e-21
3.7171374071e-02 2.6366508987e-04 1.0929507408e-20
4.1216557790e-02 2.6366508987e-04 1.9951103385e-20
4.5701959599e-02 2.6366508987e-04 3.6088261605e-20
5.0675486338e-02 2.6366508987e-04 6.4408894180e-20
5.6190258320e-02 2.6366508987e-04 1.1483328301e-19
6.2305176688e-02 2.6366508987e-04 1.9948611274e-19
6.9085552518e-02 2.6366508987e-04 3.3491452721e-19
7.6603804377e-02 2.6366508987e-04 5.3788268371e-19
8.4940231802e-02 2.6366508987e-04 8.1612938377e-19
9.4183872945e-02 2.6366508987e-04 1.1512452195e-18
1.0443345556e-01 2.6366508987e-04 1.4757658648e-18
1.1579845146e-01 2.6366508987e-04 1.6642558579e-18
1.2840024578e-01 2.6366508987e-04 1.5801523203e-18
1.4237343339e-01 2.6366508987e-04 1.1928342617e-18
1.5786725650e-01 2.6366508987e-04 6.6696381550e-19
1.7504719864e-01 2.6366508987e-04 2.5273803858e-19
1.9409675211e-01 2.6366508987e-04 5.6925810366e-20
2.1521937781e-01 2.6366508987e-04 6.0768032828e-21
2.3864067833e-01 2.6366508987e-04 2.1041432190e-22
2.6461080752e-01 2.6366508987e-04 1.3124111087e-24
2.9340714225e-01 2.6366508987e-04 5.9108515866e-28
3.2533724503e-01 2.6366508987e-04 4.9776027505e-33
3.6074214893e-01 2.6366508987e-04 1.0589437852e-40
4.0000000000e-01 2.6366508987e-04 2.3859398196e-52
2.0000000000e-02 4.8329302386e-04 7.9236538168e-22
2.2176504808e-02 4.8329302386e-04 1.5358117169e-21
2.4589868274e-02 4.8329302386e-04 2.9588036631e-21
2.7265866600e-02 4.8329302386e-04 5.6027158380e-21
3.0233081086e-02 4.8329302386e-04 1.0526146998e-20
3.3523203403e-02 4.8329302386e-04 1.9640378511e-20
3.7171374071e-02 4.8329302386e-04 3.6721158849e-20
4.1216557790e-02 4.8329302386e-04 6.7032081985e-20
4.5701959599e-02 4.8329302386e-04 1.2125000126e-19
5.0675486338e-02 4.8329302386e-04 2.1640218047e-19
5.6190258320e-02 4.8329302386e-04 3.8581896414e-19
6.2305176688e-02 4.8329302386e-04 6.7023708944e-19
6.9085552518e-02 4.8329302386e-04 1.1252519529e-18
7.6603804377e-02 4.8329302386e-04 1.8071880766e-18
8.4940231802e-02 4.8329302386e-04 2.7420464276e-18
9.4183872945e-02 4.8329302386e-04 3.8679747406e-18
1.0443345556e-01 4.8329302386e-04 4.9583051387e-18
1.1579845146e-01 4.8329302386e-04 5.5915972645e-18
1.2840024578e-01 4.8329302386e-04 5.3090246610e-18
1.4237343339e-01 4.8329302386e-04 4.0077063650e-18
1.5786725650e-01 4.8329302386e-04 2.2408772236e-18
1.7504719864e-01 4.8329302386e-04 8.4915388365e-19
1.9409675211e-01 4.8329302386e-04 1.9126037863e-19
2.1521937781e-01 4.8329302386e-04 2.0416954792e-20
2.3864067833e-01 4.8329302386e-04 7.0695388640e-22
2.6461080752e-01 4.8329302386e-04 4.4094628421e-24
2.9340714225e-01 4.8329302386e-04 1.9859387248e-27
3.2533724503e-01 4.8329302386e-04 1.6723840743e-32
3.6074214893e-01 4.8329302386e-04 3.5578586936e-40
4.0000000000e-01 4.8329302386e-04 8.0163242359e-52
2.0000000000e-02 8.8586679041e-04 2.6622036988e-21
2.2176504808e-02 8.8586679041e-04 5.1600482906e-21
2.4589868274e-02 8.8586679041e-04 9.9410426527e-21
2.7265866600e-02 8.8586679041e-04 1.8824107125e-20
3.0233081086e-02 8.8586679041e-04 3.5365941169e-20
3.3523203403e-02 8.8586679041e-04 6.5988102871e-20
3.7171374071e-02 8.8586679041e-04 1.2337642100e-19
4.1216557790e-02 8.8586679041e-04 2.2521561482e-19
4.5701959599e-02 8.8586679041e-04 4.0737797145e-19
5.0675486338e-02 8.8586679041e-04 7.2707200312e-19
5.6190258320e-02 8.8586679041e-04 1.2962816109e-18
6.2305176688e-02 8.8586679041e-04 2.2518748292e-18
6.9085552518e-02 8.8586679041e-04 3.7806420879e-18
7.6603804377e-02 8.8586679041e-04 6.0718235466e-18
8.4940231802e-02 8.8586679041e-04 9.2127777292e-18
9.4183872945e-02 8.8586679041e-04 1.2995692264e-17
1.0443345556e-01 8.8586679041e-04 1.6659004274e-17
1.1579845146e-01 8.8586679041e-04 1.8786750739e-17
1.2840024578e-01 8.8586679041e-04 1.7837358138e-17
1.4237343339e-01 8.8586679041e-04 1.3465165131e-17
1.5786725650e-01 8.8586679041e-04 7.5289402732e-18
1.7504719864e-01 8.8586679041e-04 2.8530027462e-18
1.9409675211e-01 8.8586679041e-04 6.4260011756e-19
2.1521937781e-01 8.8586679041e-04 6.8597258059e-20
2.3864067833e-01 8.8586679041e-04 2.3752365951e-21
2.6461080752e-01 8.8586679041e-04 1.4814993889e-23
2.9340714225e-01 8.8586679041e-04 6.6723932431e-27
3.2533724503e-01 8.8586679041e-04 5.6189065945e-32
3.6074214893e-01 8.8586679041e-04 1.1953758699e-39
4.0000000000e-01 8.8586679041e-04 2.6933392757e-51
2.0000000000e-02 1.6237767392e-03 8.9445206690e-21
2.2176504808e-02 1.6237767392e-03 1.7336824605e-20
2.4589868274e-02 1.6237767392e-03 3.3400096889e-20
2.7265866600e-02 1.6237767392e-03 6.3245579343e-20
3.0233081086e-02 1.6237767392e-03 1.1882313585e-19
3.3523203403e-02 1.6237767392e-03 2.2170803470e-19
3.7171374071e-02 1.6237767392e-03 4.1452235536e-19
4.1216557790e-02 1.6237767392e-03 7.5668354103e-19
4.5701959599e-02 1.6237767392e-03 1.3687159579e-18
5.0675486338e-02 1.6237767392e-03 2.4428298115e-18
5.6190258320e-02 1.6237767392e-03 4.3552706605e-18
6.2305176688e-02 1.6237767392e-03 7.5658902297e-18
6.9085552518e-02 1.6237767392e-03 1.2702270421e-17
7.6603804377e-02 1.6237767392e-03 2.0400223783e-17
8.4940231802e-02 1.6237767392e-03 3.0953259082e-17
9.4183872945e-02 1.6237767392e-03 4.3663164512e-17
1.0443345556e-01 1.6237767392e-03 5.5971227191e-17
1.1579845146e-01 1.6237767392e-03 6.3120068672e-17
1.2840024578e-01 1.6237767392e-03 5.9930282052e-17
1.4237343339e-01 1.6237767392e-03 4.5240508035e-17
1.5786725650e-01 1.6237767392e-03 2.5295871206e-17
1.7504719864e-01 1.6237767392e-03 9.5855707973e-18
1.9409675211e-01 1.6237767392e-03 2.1590196257e-18
2.1521937781e-01 1.6237767392e-03 2.3047432202e-19
2.3864067833e-01 1.6237767392e-03 7.9803633464e-21
2.6461080752e-01 1.6237767392e-03 4.9775687381e-23
2.9340714225e-01 1.6237767392e-03 2.2418028831e-26
3.2533724503e-01 1.6237767392e-03 1.8878505125e-31
3.6074214893e-01 1.6237767392e-03 4.0162457066e-39
4.0000000000e-01 1.6237767392e-03 9.0491305495e-51
2.0000000000e-02 2.9763514416e-03 3.0051964106e-20
2.2176504808e-02 2.9763514416e-03 5.8248580334e-20
2.4589868274e-02 2.9763514416e-03 1.1221825629e-19
2.7265866600e-02 2.9763514416e-03 2.1249365400e-19
3.0233081086e-02 2.9763514416e-03 3.9922414467e-19
3.3523203403e-02 2.9763514416e-03 7.4489870921e-19
3.7171374071e-02 2.9763514416e-03 1.3927197896e-18
4.1216557790e-02 2.9763514416e-03 2.5423191981e-18
4.5701959599e-02 2.9763514416e-03 4.5986369041e-18
5.0675486338e-02 2.9763514416e-03 8.2074642711e-18
5.6190258320e-02 2.9763514416e-03 1.4632918007e-17
6.2305176688e-02 2.9763514416e-03 2.5420016346e-17
6.9085552518e-02 2.9763514416e-03 4.2677320438e-17
7.6603804377e-02 2.9763514416e-03 6.8541044910e-17
8.4940231802e-02 2.9763514416e-03 1.0399732588e-16
9.4183872945e-02 2.9763514416e-03 1.4670029857e-16
1.0443345556e-01 2.9763514416e-03 1.8805315262e-16
1.1579845146e-01 2.9763514416e-03 2.1207196096e-16
1.2840024578e-01 2.9763514416e-03 2.0135485754e-16
1.4237343339e-01 2.9763514416e-03 1.5199988618e-16
1.5786725650e-01 2.9763514416e-03 8.4989530646e-17
1.7504719864e-01 2.9763514416e-03 3.2205776049e-17
1.9409675211e-01 2.9763514416e-03 7.2539136190e-18
2.1521937781e-01 2.9763514416e-03 7.7435184163e-19
2.3864067833e-01 2.9763514416e-03 2.6812570703e-20
2.6461080752e-01 2.9763514416e-03 1.6723726467e-22
2.9340714225e-01 2.9763514416e-03 7.5320503210e-26
3.2533724503e-01 2.9763514416e-03 6.3428346737e-31
3.6074214893e-01 2.9763514416e-03 1.3493855767e-38
4.0000000000e-01 2.9763514416e-03 3.0403434295e-50
2.0000000000e-02 5.4555947812e-03 1.0096913854e-19
2.2176504808e-02 5.4555947812e-03 1.9570464536e-19
2.4589868274e-02 5.4555947812e-03 3.7703294955e-19
2.7265866600e-02 5.4555947812e-03 7.1394006443e-19
3.0233081086e-02 5.4555947812e-03 1.3413205816e-18
3.3523203403e-02 5.4555947812e-03 2.5027243046e-18
3.7171374071e-02 5.4555947812e-03 4.6792854168e-18
4.1216557790e-02 5.4555947812e-03 8.5417305313e-18
4.5701959599e-02 5.4555947812e-03 1.5450584362e-17
5.0675486338e-02 5.4555947812e-03 2.7575588542e-17
5.6190258320e-02 5.4555947812e-03 4.9163945501e-17
6.2305176688e-02 5.4555947812e-03 8.5406635756e-17
6.9085552518e-02 5.4555947812e-03 1.4338804162e-16
7.6603804377e-02 5.4555947812e-03 2.3028545605e-16
8.4940231802e-02 5.4555947812e-03 3.4941211723e-16
9.4183872945e-02 5.4555947812e-03 4.9288634572e-16
1.0443345556e-01 5.4555947812e-03 6.3182442097e-16
1.1579845146e-01 5.4555947812e-03 7.1252325243e-16
1.2840024578e-01 5.4555947812e-03 6.7651573239e-16
1.4237343339e-01 5.4555947812e-03 5.1069199709e-16
1.5786725650e-01 5.4555947812e-03 2.8554937921e-16
1.7504719864e-01 5.4555947812e-03 1.0820555529e-16
1.9409675211e-01 5.4555947812e-03 2.4371831624e-17
2.1521937781e-01 5.4555947812e-03 2.6016814775e-18
2.3864067833e-01 5.4555947812e-03 9.0085365349e-20
2.6461080752e-01 5.4555947812e-03 5.6188682000e-22
2.9340714225e-01 5.4555947812e-03 2.5306320402e-25
3.2533724503e-01 5.4555947812e-03 2.1310771924e-30
3.6074214893e-01 5.4555947812e-03 4.5336903360e-38
4.0000000000e-01 5.4555947812e-03 1.0215001451e-49
2.0000000000e-02 1.0000000000e-02 3.3923795802e-19
2.2176504808e-02 1.0000000000e-02 6.5753204618e-19
2.4589868274e-02 1.0000000000e-02 1.2667621984e-18
2.7265866600e-02 1.0000000000e-02 2.3987088838e-18
3.0233081086e-02 1.0000000000e-02 4.5065934178e-18
3.3523203403e-02 1.0000000000e-02 8.4086988843e-18
3.7171374071e-02 1.0000000000e-02 1.5721548710e-17
4.1216557790e-02 1.0000000000e-02 2.8698662436e-17
4.5701959599e-02 1.0000000000e-02 5.1911155874e-17
5.0675486338e-02 1.0000000000e-02 9.2648966639e-17
5.6190258320e-02 1.0000000000e-02 1.6518192312e-16
6.2305176688e-02 1.0000000000e-02 2.8695077658e-16
6.9085552518e-02 1.0000000000e-02 4.8175776426e-16
7.6603804377e-02 1.0000000000e-02 7.7371728630e-16
8.4940231802e-02 1.0000000000e-02 1.1739612209e-15
9.4183872945e-02 1.0000000000e-02 1.6560085574e-15
1.0443345556e-01 1.0000000000e-02 2.1228152433e-15
1.1579845146e-01 1.0000000000e-02 2.3939486529e-15
1.2840024578e-01 1.0000000000e-02 2.2729699287e-15
1.4237343339e-01 1.0000000000e-02 1.7158323105e-15
1.5786725650e-01 1.0000000000e-02 9.5939402590e-16
1.7504719864e-01 1.0000000000e-02 3.6355100336e-16
1.9409675211e-01 1.0000000000e-02 8.1884925562e-17
2.1521937781e-01 1.0000000000e-02 8.7411770032e-18
2.3864067833e-01 1.0000000000e-02 3.0267045783e-19
2.6461080752e-01 1.0000000000e-02 1.8878376127e-21
2.9340714225e-01 1.0000000000e-02 8.5024638044e-25
3.2533724503e-01 1.0000000000e-02 7.1600321204e-30
3.6074214893e-01 1.0000000000e-02 1.5232375695e-37
4.0000000000e-01 1.0000000000e-02 3.4320548670e-49
