2.0000000000e-02 1.0000000000e-07 4.1201114942e-28
2.2176504808e-02 1.0000000000e-07 6.5750936536e-28
2.4589868274e-02 1.0000000000e-07 1.0277153037e-27
2.7265866600e-02 1.0000000000e-07 1.6232935455e-27
3.0233081086e-02 1.0000000000e-07 2.5360912803e-27
3.3523203403e-02 1.0000000000e-07 4.1687010642e-27
3.7171374071e-02 1.0000000000e-07 6.4889402440e-27
4.1216557790e-02 1.0000000000e-07 1.0497214570e-26
4.5701959599e-02 1.0000000000e-07 1.6436234647e-26
5.0675486338e-02 1.0000000000e-07 2.4173521450e-26
5.6190258320e-02 1.0000000000e-07 3.8552715259e-26
6.2305176688e-02 1.0000000000e-07 6.1470577571e-26
6.9085552518e-02 1.0000000000e-07 9.7724930540e-26
7.6603804377e-02 1.0000000000e-07 1.5437745709e-25
8.4940231802e-02 1.0000000000e-07 2.4123442762e-25
9.4183872945e-02 1.0000000000e-07 3.7061523651e-25
1.0443345556e-01 1.0000000000e-07 5.5509454000e-25
1.1579845146e-01 1.0000000000e-07 8.0179536719e-25
1.2840024578e-01 1.0000000000e-07 1.1025148856e-24
1.4237343339e-01 1.0000000000e-07 1.4186205598e-24
1.5786725650e-01 1.0000000000e-07 1.6677703428e-24
1.7504719864e-01 1.0000000000e-07 1.7314725116e-24
1.9409675211e-01 1.0000000000e-07 1.5150903532e-24
2.1521937781e-01 1.0000000000e-07 1.0464275221e-24
2.3864067833e-01 1.0000000000e-07 5.3196421893e-25
2.6461080752e-01 1.0000000000e-07 1.7941237517e-25
2.9340714225e-01 1.0000000000e-07 3.4785775012e-26
3.2533724503e-01 1.0000000000e-07 3.0291348326e-27
3.6074214893e-01 1.0000000000e-07 7.0708169555e-29
4.0000000000e-01 1.0000000000e-07 nan
2.0000000000e-02 1.8329807108e-07 1.3842825940e-27
2.2176504808e-02 1.8329807108e-07 2.2091119891e-27
2.4589868274e-02 1.8329807108e-07 3.4529366706e-27
2.7265866600e-02 1.8329807108e-07 5.4539713381e-27
3.0233081086e-02 1.8329807108e-07 8.5208058594e-27
3.3523203403e-02 1.8329807108e-07 1.4006078065e-26
3.7171374071e-02 1.8329807108e-07 2.1801660090e-26
4.1216557790e-02 1.8329807108e-07 3.5268733467e-26
4.5701959599e-02 1.8329807108e-07 5.5222761724e-26
5.0675486338e-02 1.8329807108e-07 8.1218639411e-26
5.6190258320e-02 1.8329807108e-07 1.2953011771e-25
6.2305176688e-02 1.8329807108e-07 2.0652997059e-25
6.9085552518e-02 1.8329807108e-07 3.2833800865e-25
7.6603804377e-02 1.8329807108e-07 5.1868020333e-25
8.4940231802e-02 1.8329807108e-07 8.1050384119e-25
9.4183872945e-02 1.8329807108e-07 1.2451998488e-24
1.0443345556e-01 1.8329807108e-07 1.8650167861e-24
1.1579845146e-01 1.8329807108e-07 2.6938867365e-24
1.2840024578e-01 1.8329807108e-07 3.7042496735e-24
1.4237343339e-01 1.8329807108e-07 4.7663072982e-24
1.5786725650e-01 1.8329807108e-07 5.6034052952e-24
1.7504719864e-01 1.8329807108e-07 5.8174330068e-24
1.9409675211e-01 1.8329807108e-07 5.0904282740e-24
2.1521937781e-01 1.8329807108e-07 3.5158063239e-24
2.3864067833e-01 1.8329807108e-07 1.7873031104e-24
2.6461080752e-01 1.8329807108e-07 6.0279297887e-25
2.9340714225e-01 1.8329807108e-07 1.1687388299e-25
3.2533724503e-01 1.8329807108e-07 1.0177342602e-26
3.6074214893e-01 1.8329807108e-07 2.3756660106e-28
4.0000000000e-01 1.8329807108e-07 nan
2.0000000000e-02 3.3598182863e-07 4.6509379726e-27
2.2176504808e-02 3.3598182863e-07 7.4222148576e-27
2.4589868274e-02 3.3598182863e-07 1.1601239767e-26
2.7265866600e-02 3.3598182863e-07 1.8324352634e-26
3.0233081086e-02 3.3598182863e-07 2.8628359340e-26
3.3523203403e-02 3.3598182863e-07 4.7057877203e-26
3.7171374071e-02 3.3598182863e-07 7.3249616243e-26
4.1216557790e-02 3.3598182863e-07 1.1849653563e-25
4.5701959599e-02 3.3598182863e-07 1.8553844466e-25
5.0675486338e-02 3.3598182863e-07 2.7287986988e-25
5.6190258320e-02 3.3598182863e-07 4.3519765812e-25
6.2305176688e-02 3.3598182863e-07 6.9390317186e-25
6.9085552518e-02 3.3598182863e-07 1.1031560456e-24
7.6603804377e-02 3.3598182863e-07 1.7426712319e-24
8.4940231802e-02 3.3598182863e-07 2.7231456267e-24
9.4183872945e-02 3.3598182863e-07 4.1836452221e-24
1.0443345556e-01 3.3598182863e-07 6.2661175022e-24
1.1579845146e-01 3.3598182863e-07 9.0509699186e-24
1.2840024578e-01 3.3598182863e-07 1.2445605790e-23
1.4237343339e-01 3.3598182863e-07 1.6013926419e-23
1.5786725650e-01 3.3598182863e-07 1.8826423576e-23
1.7504719864e-01 3.3598182863e-07 1.9545517796e-23
1.9409675211e-01 3.3598182863e-07 1.7102914000e-23
2.1521937781e-01 3.3598182863e-07 1.1812470378e-23
2.3864067833e-01 3.3598182863e-07 6.0050136735e-24
2.6461080752e-01 3.3598182863e-07 2.0252748733e-24
2.9340714225e-01 3.3598182863e-07 3.9267500925e-25
3.2533724503e-01 3.3598182863e-07 3.4194021781e-26
3.6074214893e-01 3.3598182863e-07 7.9818061046e-28
4.0000000000e-01 3.3598182863e-07 nan
2.0000000000e-02 6.1584821107e-07 1.5626306449e-26
2.2176504808e-02 6.1584821107e-07 2.4937293203e-26
2.4589868274e-02 6.1584821107e-07 3.8978057513e-26
2.7265866600e-02 6.1584821107e-07 6.1566495066e-26
3.0233081086e-02 6.1584821107e-07 9.6186085218e-26
3.3523203403e-02 6.1584821107e-07 1.5810591634e-25
3.7171374071e-02 6.1584821107e-07 2.4610540012e-25
4.1216557790e-02 6.1584821107e-07 3.9812682729e-25
4.5701959599e-02 6.1584821107e-07 6.2337545917e-25
5.0675486338e-02 6.1584821107e-07 9.1682677678e-25
5.6190258320e-02 6.1584821107e-07 1.4621850499e-24
6.2305176688e-02 6.1584821107e-07 2.3313885657e-24
6.9085552518e-02 6.1584821107e-07 3.7064038545e-24
7.6603804377e-02 6.1584821107e-07 5.8550586718e-24
8.4940231802e-02 6.1584821107e-07 9.1492744730e-24
9.4183872945e-02 6.1584821107e-07 1.4056287721e-23
1.0443345556e-01 6.1584821107e-07 2.1053016168e-23
1.1579845146e-01 6.1584821107e-07 3.0409614241e-23
1.2840024578e-01 6.1584821107e-07 4.1814973918e-23
1.4237343339e-01 6.1584821107e-07 5.3803882817e-23
1.5786725650e-01 6.1584821107e-07 6.3253362197e-23
1.7504719864e-01 6.1584821107e-07 6.5669388105e-23
1.9409675211e-01 6.1584821107e-07 5.7462683206e-23
2.1521937781e-01 6.1584821107e-07 3.9687753983e-23
2.3864067833e-01 6.1584821107e-07 2.0175754750e-23
2.6461080752e-01 6.1584821107e-07 6.8045555541e-24
2.9340714225e-01 6.1584821107e-07 1.3193166767e-24
3.2533724503e-01 6.1584821107e-07 1.1488569966e-25
3.6074214893e-01 6.1584821107e-07 2.6817418109e-27
4.0000000000e-01 6.1584821107e-07 nan
2.0000000000e-02 1.1288378917e-06 5.2501550154e-26
2.2176504808e-02 1.1288378917e-06 8.3784773715e-26
2.4589868274e-02 1.1288378917e-06 1.3095919040e-25
2.7265866600e-02 1.1288378917e-06 2.0685223594e-25
3.0233081086e-02 1.1288378917e-06 3.2316776800e-25
3.3523203403e-02 1.1288378917e-06 5.3120714889e-25
3.7171374071e-02 1.1288378917e-06 8.2686942367e-25
4.1216557790e-02 1.1288378917e-06 1.3376337946e-24
4.5701959599e-02 1.1288378917e-06 2.0944282670e-24
5.0675486338e-02 1.1288378917e-06 3.0803713700e-24
5.6190258320e-02 1.1288378917e-06 4.9126760686e-24
6.2305176688e-02 1.1288378917e-06 7.8330419356e-24
6.9085552518e-02 1.1288378917e-06 1.2452843447e-23
7.6603804377e-02 1.1288378917e-06 1.9671933193e-23
8.4940231802e-02 1.1288378917e-06 3.0739899681e-23
9.4183872945e-02 1.1288378917e-06 4.7226572522e-23
1.0443345556e-01 1.1288378917e-06 7.0734308704e-23
1.1579845146e-01 1.1288378917e-06 1.0217077801e-22
1.2840024578e-01 1.1288378917e-06 1.4049071401e-22
1.4237343339e-01 1.1288378917e-06 1.8077126936e-22
1.5786725650e-01 1.1288378917e-06 2.1251980299e-22
1.7504719864e-01 1.1288378917e-06 2.2063721101e-22
1.9409675211e-01 1.1288378917e-06 1.9306417382e-22
2.1521937781e-01 1.1288378917e-06 1.3334364158e-22
2.3864067833e-01 1.1288378917e-06 6.7786869753e-23
2.6461080752e-01 1.1288378917e-06 2.2862070182e-23
2.9340714225e-01 1.1288378917e-06 4.4326642961e-24
3.2533724503e-01 1.1288378917e-06 3.8599507460e-25
3.6074214893e-01 1.1288378917e-06 9.0101651762e-27
4.0000000000e-01 1.1288378917e-06 nan
2.0000000000e-02 2.0691380811e-06 1.7639566827e-25
2.2176504808e-02 2.0691380811e-06 2.8150161484e-25
2.4589868274e-02 2.0691380811e-06 4.3999908265e-25
2.7265866600e-02 2.0691380811e-06 6.9498592489e-25
3.0233081086e-02 2.0691380811e-06 1.0857849765e-24
3.3523203403e-02 2.0691380811e-06 1.7847594927e-24
3.7171374071e-02 2.0691380811e-06 2.7781310100e-24
4.1216557790e-02 2.0691380811e-06 4.4942064834e-24
4.5701959599e-02 2.0691380811e-06 7.0368983907e-24
5.0675486338e-02 2.0691380811e-06 1.0349488058e-23
5.6190258320e-02 2.0691380811e-06 1.6505698890e-23
6.2305176688e-02 2.0691380811e-06 2.6317597533e-23
6.9085552518e-02 2.0691380811e-06 4.1839291129e-23
7.6603804377e-02 2.0691380811e-06 6.6094120870e-23
8.4940231802e-02 2.0691380811e-06 1.0328047707e-22
9.4183872945e-02 2.0691380811e-06 1.5867270196e-22
1.0443345556e-01 2.0691380811e-06 2.3765442386e-22
1.1579845146e-01 2.0691380811e-06 3.4327524829e-22
1.2840024578e-01 2.0691380811e-06 4.7202327002e-22
1.4237343339e-01 2.0691380811e-06 6.0735861649e-22
1.5786725650e-01 2.0691380811e-06 7.1402792033e-22
1.7504719864e-01 2.0691380811e-06 7.4130093627e-22
1.9409675211e-01 2.0691380811e-06 6.4866054172e-22
2.1521937781e-01 2.0691380811e-06 4.4801040541e-22
2.3864067833e-01 2.0691380811e-06 2.2775156461e-22
2.6461080752e-01 2.0691380811e-06 7.6812401477e-23
2.9340714225e-01 2.0691380811e-06 1.4892946563e-23
3.2533724503e-01 2.0691380811e-06 1.2968733105e-24
3.6074214893e-01 2.0691380811e-06 3.0272517733e-26
4.0000000000e-01 2.0691380811e-06 nan
2.0000000000e-02 3.7926901907e-06 5.9265739187e-25
2.2176504808e-02 3.7926901907e-06 9.4579427316e-25
2.4589868274e-02 3.7926901907e-06 1.4783169639e-24
2.7265866600e-02 3.7926901907e-06 2.3350264192e-24
3.0233081086e-02 3.7926901907e-06 3.6480402190e-24
3.3523203403e-02 3.7926901907e-06 5.9964675802e-24
3.7171374071e-02 3.7926901907e-06 9.3340153694e-24
4.1216557790e-02 3.7926901907e-06 1.5099717126e-23
4.5701959599e-02 3.7926901907e-06 2.3642699893e-23
5.0675486338e-02 3.7926901907e-06 3.4772399231e-23
5.6190258320e-02 3.7926901907e-06 5.5456148962e-23
6.2305176688e-02 3.7926901907e-06 8.8422345447e-23
6.9085552518e-02 3.7926901907e-06 1.4057241543e-22
7.6603804377e-02 3.7926901907e-06 2.2206423593e-22
8.4940231802e-02 3.7926901907e-06 3.4700363551e-22
9.4183872945e-02 3.7926901907e-06 5.3311144565e-22
1.0443345556e-01 3.7926901907e-06 7.9847567922e-22
1.1579845146e-01 3.7926901907e-06 1.1533424566e-21
1.2840024578e-01 3.7926901907e-06 1.5859124145e-21
1.4237343339e-01 3.7926901907e-06 2.0406145865e-21
1.5786725650e-01 3.7926901907e-06 2.3990040644e-21
1.7504719864e-01 3.7926901907e-06 2.4906364422e-21
1.9409675211e-01 3.7926901907e-06 2.1793815506e-21
2.1521937781e-01 3.7926901907e-06 1.5052335533e-21
2.3864067833e-01 3.7926901907e-06 7.6520387197e-22
2.6461080752e-01 3.7926901907e-06 2.5807571129e-22
2.9340714225e-01 3.7926901907e-06 5.0037594243e-23
3.2533724503e-01 3.7926901907e-06 4.3572586680e-24
3.6074214893e-01 3.7926901907e-06 1.0171015877e-25
4.0000000000e-01 3.7926901907e-06 nan
2.0000000000e-02 6.9519279618e-06 1.9912211428e-24
2.2176504808e-02 6.9519279618e-06 3.1776968941e-24
2.4589868274e-02 6.9519279618e-06 4.9668763683e-24
2.7265866600e-02 6.9519279618e-06 7.8452644625e-24
3.0233081086e-02 6.9519279618e-06 1.2256752238e-23
3.3523203403e-02 6.9519279618e-06 2.0147041430e-23
3.7171374071e-02 6.9519279618e-06 3.1360595525e-23
4.1216557790e-02 6.9519279618e-06 5.0732305722e-23
4.5701959599e-02 6.9519279618e-06 7.9435175445e-23
5.0675486338e-02 6.9519279618e-06 1.1682894281e-22
5.6190258320e-02 6.9519279618e-06 1.8632258340e-22
6.2305176688e-02 6.9519279618e-06 2.9708301321e-22
6.9085552518e-02 6.9519279618e-06 4.7229777202e-22
7.6603804377e-02 6.9519279618e-06 7.4609548083e-22
8.4940231802e-02 6.9519279618e-06 1.1658691604e-21
9.4183872945e-02 6.9519279618e-06 1.7911575844e-21
1.0443345556e-01 6.9519279618e-06 2.6827331895e-21
1.1579845146e-01 6.9519279618e-06 3.8750210784e-21
1.2840024578e-01 6.9519279618e-06 5.3283775344e-21
1.4237343339e-01 6.9519279618e-06 6.8560942088e-21
1.5786725650e-01 6.9519279618e-06 8.0602177325e-21
1.7504719864e-01 6.9519279618e-06 8.3680858733e-21
1.9409675211e-01 6.9519279618e-06 7.3223259972e-21
2.1521937781e-01 6.9519279618e-06 5.0573112264e-21
2.3864067833e-01 6.9519279618e-06 2.5709459672e-21
2.6461080752e-01 6.9519279618e-06 8.6708749620e-22
2.9340714225e-01 6.9519279618e-06 1.6811722464e-22
3.2533724503e-01 6.9519279618e-06 1.4639597403e-23
3.6074214893e-01 6.9519279618e-06 3.4172765276e-25
4.0000000000e-01 6.9519279618e-06 nan
2.0000000000e-02 1.2742749857e-05 6.6901412081e-24
2.2176504808e-02 1.2742749857e-05 1.0676484134e-23
2.4589868274e-02 1.2742749857e-05 1.6687802050e-23
2.7265866600e-02 1.2742749857e-05 2.6358663006e-23
3.0233081086e-02 1.2742749857e-05 4.1180460306e-23
3.3523203403e-02 1.2742749857e-05 6.7690398228e-23
3.7171374071e-02 1.2742749857e-05 1.0536590234e-22
4.1216557790e-02 1.2742749857e-05 1.7045132852e-22
4.5701959599e-02 1.2742749857e-05 2.6688775514e-22
5.0675486338e-02 1.2742749857e-05 3.9252401860e-22
5.6190258320e-02 1.2742749857e-05 6.2601002320e-22
6.2305176688e-02 1.2742749857e-05 9.9814494097e-22
6.9085552518e-02 1.2742749857e-05 1.5868346923e-21
7.6603804377e-02 1.2742749857e-05 2.5067452422e-21
8.4940231802e-02 1.2742749857e-05 3.9171085289e-21
9.4183872945e-02 1.2742749857e-05 6.0179640140e-21
1.0443345556e-01 1.2742749857e-05 9.0134960420e-21
1.1579845146e-01 1.2742749857e-05 1.3019366705e-20
1.2840024578e-01 1.2742749857e-05 1.7902380318e-20
1.4237343339e-01 1.2742749857e-05 2.3035230760e-20
1.5786725650e-01 1.2742749857e-05 2.7080867021e-20
1.7504719864e-01 1.2742749857e-05 2.8115248053e-20
1.9409675211e-01 1.2742749857e-05 2.4601684904e-20
2.1521937781e-01 1.2742749857e-05 1.6991646838e-20
2.3864067833e-01 1.2742749857e-05 8.6379113342e-21
2.6461080752e-01 1.2742749857e-05 2.9132564500e-21
2.9340714225e-01 1.2742749857e-05 5.6484333123e-22
3.2533724503e-01 1.2742749857e-05 4.9186387639e-23
3.6074214893e-01 1.2742749857e-05 1.1481428326e-24
4.0000000000e-01 1.2742749857e-05 nan
2.0000000000e-02 2.3357214691e-05 2.2477658776e-23
2.2176504808e-02 2.3357214691e-05 3.5871046642e-23
2.4589868274e-02 2.3357214691e-05 5.6067982511e-23
2.7265866600e-02 2.3357214691e-05 8.8560318017e-23
3.0233081086e-02 2.3357214691e-05 1.3835886366e-22
3.3523203403e-02 2.3357214691e-05 2.2742743794e-22
3.7171374071e-02 2.3357214691e-05 3.5401028576e-22
4.1216557790e-02 2.3357214691e-05 5.7268549111e-22
4.5701959599e-02 2.3357214691e-05 8.9669436125e-22
5.0675486338e-02 2.3357214691e-05 1.3188093775e-21
5.6190258320e-02 2.3357214691e-05 2.1032799272e-21
6.2305176688e-02 2.3357214691e-05 3.3535856324e-21
6.9085552518e-02 2.3357214691e-05 5.3314762305e-21
7.6603804377e-02 2.3357214691e-05 8.4222085304e-21
8.4940231802e-02 2.3357214691e-05 1.3160772915e-20
9.4183872945e-02 2.3357214691e-05 2.0219265633e-20
1.0443345556e-01 2.3357214691e-05 3.0283708991e-20
1.1579845146e-01 2.3357214691e-05 4.3742706618e-20
1.2840024578e-01 2.3357214691e-05 6.0148745237e-20
1.4237343339e-01 2.3357214691e-05 7.7394190273e-20
1.5786725650e-01 2.3357214691e-05 9.0986793264e-20
1.7504719864e-01 2.3357214691e-05 9.4462125826e-20
1.9409675211e-01 2.3357214691e-05 8.2657192173e-20
2.1521937781e-01 2.3357214691e-05 5.7088846885e-20
2.3864067833e-01 2.3357214691e-05 2.9021813141e-20
2.6461080752e-01 2.3357214691e-05 9.7880125695e-21
2.9340714225e-01 2.3357214691e-05 1.8977710169e-21
3.2533724503e-01 2.3357214691e-05 1.6525733120e-22
3.6074214893e-01 2.3357214691e-05 3.8575514640e-24
4.0000000000e-01 2.3357214691e-05 nan
2.0000000000e-02 4.2813323987e-05 7.5520849069e-23
2.2176504808e-02 4.2813323987e-05 1.2052019861e-22
2.4589868274e-02 4.2813323987e-05 1.8837823320e-22
2.7265866600e-02 4.2813323987e-05 2.9754657644e-22
3.0233081086e-02 4.2813323987e-05 4.6486064119e-22
3.3523203403e-02 4.2813323987e-05 7.6411486675e-22
3.7171374071e-02 4.2813323987e-05 1.1894102352e-21
4.1216557790e-02 4.2813323987e-05 1.9241191923e-21
4.5701959599e-02 4.2813323987e-05 3.0127301252e-21
5.0675486338e-02 4.2813323987e-05 4.4309598857e-21
5.6190258320e-02 4.2813323987e-05 7.0666384044e-21
6.2305176688e-02 4.2813323987e-05 1.1267438416e-20
6.9085552518e-02 4.2813323987e-05 1.7912791491e-20
7.6603804377e-02 4.2813323987e-05 2.8297090533e-20
8.4940231802e-02 4.2813323987e-05 4.4217806066e-20
9.4183872945e-02 4.2813323987e-05 6.7933059450e-20
1.0443345556e-01 4.2813323987e-05 1.0174776112e-19
1.1579845146e-01 4.2813323987e-05 1.4696754884e-19
1.2840024578e-01 4.2813323987e-05 2.0208885951e-19
1.4237343339e-01 4.2813323987e-05 2.6003042403e-19
1.5786725650e-01 4.2813323987e-05 3.0569910354e-19
1.7504719864e-01 4.2813323987e-05 3.1737559232e-19
1.9409675211e-01 4.2813323987e-05 2.7771316110e-19
2.1521937781e-01 4.2813323987e-05 1.9180816442e-19
2.3864067833e-01 4.2813323987e-05 9.7508026228e-20
2.6461080752e-01 4.2813323987e-05 3.2885946735e-20
2.9340714225e-01 4.2813323987e-05 6.3761664858e-21
3.2533724503e-01 4.2813323987e-05 5.5523467754e-22
3.6074214893e-01 4.2813323987e-05 1.2960673978e-23
4.0000000000e-01 4.2813323987e-05 nan
2.0000000000e-02 7.8475997035e-05 2.5373633061e-22
2.2176504808e-02 7.8475997035e-05 4.0492596887e-22
2.4589868274e-02 7.8475997035e-05 6.3291663585e-22
2.7265866600e-02 7.8475997035e-05 9.9970243457e-22
3.0233081086e-02 7.8475997035e-05 1.5618472940e-21
3.3523203403e-02 7.8475997035e-05 2.5672871240e-21
3.7171374071e-02 7.8475997035e-05 3.9962022989e-21
4.1216557790e-02 7.8475997035e-05 6.4646909259e-21
4.5701959599e-02 7.8475997035e-05 1.0122225913e-20
5.0675486338e-02 7.8475997035e-05 1.4887220308e-20
5.6190258320e-02 7.8475997035e-05 2.3742621428e-20
6.2305176688e-02 7.8475997035e-05 3.7856546573e-20
6.9085552518e-02 7.8475997035e-05 6.0183726208e-20
7.6603804377e-02 7.8475997035e-05 9.5073085624e-20
8.4940231802e-02 7.8475997035e-05 1.4856379978e-19
9.4183872945e-02 7.8475997035e-05 2.2824274715e-19
1.0443345556e-01 7.8475997035e-05 3.4185400955e-19
1.1579845146e-01 7.8475997035e-05 4.9378429476e-19
1.2840024578e-01 7.8475997035e-05 6.7898190625e-19
1.4237343339e-01 7.8475997035e-05 8.7365506733e-19
1.5786725650e-01 7.8475997035e-05 1.0270935705e-18
1.7504719864e-01 7.8475997035e-05 1.0663244837e-18
1.9409675211e-01 7.8475997035e-05 9.3306593024e-19
2.1521937781e-01 7.8475997035e-05 6.4444072171e-19
2.3864067833e-01 7.8475997035e-05 3.2760933690e-19
2.6461080752e-01 7.8475997035e-05 1.1049084039e-19
2.9340714225e-01 7.8475997035e-05 2.1422768882e-20
3.2533724503e-01 7.8475997035e-05 1.8654884607e-21
3.6074214893e-01 7.8475997035e-05 4.3545532341e-23
4.0000000000e-01 7.8475997035e-05 nan
2.0000000000e-02 1.4384498883e-04 8.5250797374e-22
2.2176504808e-02 1.4384498883e-04 1.3604776943e-21
2.4589868274e-02 1.4384498883e-04 2.1264849229e-21
2.7265866600e-02 1.4384498883e-04 3.3588185884e-21
3.0233081086e-02 1.4384498883e-04 5.2475232251e-21
3.3523203403e-02 1.4384498883e-04 8.6256184729e-21
3.7171374071e-02 1.4384498883e-04 1.3426514019e-20
4.1216557790e-02 1.4384498883e-04 2.1720187675e-20
4.5701959599e-02 1.4384498883e-04 3.4008841382e-20
5.0675486338e-02 1.4384498883e-04 5.0018357945e-20
5.6190258320e-02 1.4384498883e-04 7.9770899212e-20
6.2305176688e-02 1.4384498883e-04 1.2719112808e-19
6.9085552518e-02 1.4384498883e-04 2.0220640413e-19
7.6603804377e-02 1.4384498883e-04 3.1942833003e-19
8.4940231802e-02 1.4384498883e-04 4.9914744319e-19
9.4183872945e-02 1.4384498883e-04 7.6685428835e-19
1.0443345556e-01 1.4384498883e-04 1.1485675913e-18
1.1579845146e-01 1.4384498883e-04 1.6590259172e-18
1.2840024578e-01 1.4384498883e-04 2.2812565088e-18
1.4237343339e-01 1.4384498883e-04 2.9353233286e-18
1.5786725650e-01 1.4384498883e-04 3.4508492533e-18
1.7504719864e-01 1.4384498883e-04 3.5826583613e-18
1.9409675211e-01 1.4384498883e-04 3.1349339302e-18
2.1521937781e-01 1.4384498883e-04 2.1652053406e-18
2.3864067833e-01 1.4384498883e-04 1.1007088265e-18
2.6461080752e-01 1.4384498883e-04 3.7122954327e-19
2.9340714225e-01 1.4384498883e-04 7.1976702373e-20
3.2533724503e-01 1.4384498883e-04 6.2677117015e-21
3.6074214893e-01 1.4384498883e-04 1.4630533443e-22
4.0000000000e-01 1.4384498883e-04 nan
2.0000000000e-02 2.6366508987e-04 2.8642719953e-21
2.2176504808e-02 2.6366508987e-04 4.5709580548e-21
2.4589868274e-02 2.6366508987e-04 7.1446033374e-21
2.7265866600e-02 2.6366508987e-04 1.1285020880e-20
3.0233081086e-02 2.6366508987e-04 1.7630725915e-20
3.3523203403e-02 2.6366508987e-04 2.8980513469e-20
3.7171374071e-02 2.6366508987e-04 4.5110652509e-20
4.1216557790e-02 2.6366508987e-04 7.2975893752e-20
4.5701959599e-02 2.6366508987e-04 1.1426354591e-19
5.0675486338e-02 2.6366508987e-04 1.6805262665e-19
5.6190258320e-02 2.6366508987e-04 2.6801578883e-19
6.2305176688e-02 2.6366508987e-04 4.2733919816e-19
6.9085552518e-02 2.6366508987e-04 6.7937700316e-19
7.6603804377e-02 2.6366508987e-04 1.0732215781e-18
8.4940231802e-02 2.6366508987e-04 1.6770455201e-18
9.4183872945e-02 2.6366508987e-04 2.5764925597e-18
1.0443345556e-01 2.6366508987e-04 3.8589810913e-18
1.1579845146e-01 2.6366508987e-04 5.5740302892e-18
1.2840024578e-01 2.6366508987e-04 7.6646150563e-18
1.4237343339e-01 2.6366508987e-04 9.8621649331e-18
1.5786725650e-01 2.6366508987e-04 1.1594243283e-17
1.7504719864e-01 2.6366508987e-04 1.2037102095e-17
1.9409675211e-01 2.6366508987e-04 1.0532830419e-17
2.1521937781e-01 2.6366508987e-04 7.2747147764e-18
2.3864067833e-01 2.6366508987e-04 3.6981927697e-18
2.6461080752e-01 2.6366508987e-04 1.2472682922e-18
2.9340714225e-01 2.6366508987e-04 2.4182967641e-19
3.2533724503e-01 2.6366508987e-04 2.1058479159e-20
3.6074214893e-01 2.6366508987e-04 4.9156225692e-22
4.0000000000e-01 2.6366508987e-04 nan
2.0000000000e-02 4.8329302386e-04 9.6234347356e-21
2.2176504808e-02 4.8329302386e-04 1.5357590937e-20
2.4589868274e-02 4.8329302386e-04 2.4004573545e-20
2.7265866600e-02 4.8329302386e-04 3.7915628164e-20
3.0233081086e-02 4.8329302386e-04 5.9236051423e-20
3.3523203403e-02 4.8329302386e-04 9.7369290627e-20
3.7171374071e-02 4.8329302386e-04 1.5156365376e-19
4.1216557790e-02 4.8329302386e-04 2.4518585537e-19
4.5701959599e-02 4.8329302386e-04 3.8390496262e-19
5.0675486338e-02 4.8329302386e-04 5.6462666032e-19
5.6190258320e-02 4.8329302386e-04 9.0048505882e-19
6.2305176688e-02 4.8329302386e-04 1.4357834091e-18
6.9085552518e-02 4.8329302386e-04 2.2825858631e-18
7.6603804377e-02 4.8329302386e-04 3.6058343785e-18
8.4940231802e-02 4.8329302386e-04 5.6345773816e-18
9.4183872945e-02 4.8329302386e-04 8.6565637358e-18
1.0443345556e-01 4.8329302386e-04 1.2965505661e-17
1.1579845146e-01 4.8329302386e-04 1.8727781670e-17
1.2840024578e-01 4.8329302386e-04 2.5751800997e-17
1.4237343339e-01 4.8329302386e-04 3.3135216839e-17
1.5786725650e-01 4.8329302386e-04 3.8954740909e-17
1.7504719864e-01 4.8329302386e-04 4.0442713007e-17
1.9409675211e-01 4.8329302386e-04 3.5388645425e-17
2.1521937781e-01 4.8329302386e-04 2.4441926080e-17
2.3864067833e-01 4.8329302386e-04 1.2425381293e-17
2.6461080752e-01 4.8329302386e-04 4.1906454362e-18
2.9340714225e-01 4.8329302386e-04 8.1251545907e-19
3.2533724503e-01 4.8329302386e-04 7.0753868624e-20
3.6074214893e-01 4.8329302386e-04 1.6515928096e-21
4.0000000000e-01 4.8329302386e-04 nan
2.0000000000e-02 8.8586679041e-04 3.2333006776e-20
2.2176504808e-02 8.8586679041e-04 5.1598742847e-20
2.4589868274e-02 8.8586679041e-04 8.0651057123e-20
2.7265866600e-02 8.8586679041e-04 1.2738971849e-19
3.0233081086e-02 8.8586679041e-04 1.9902255044e-19
3.3523203403e-02 8.8586679041e-04 3.2714347908e-19
3.7171374071e-02 8.8586679041e-04 5.0922699636e-19
4.1216557790e-02 8.8586679041e-04 8.2378119701e-19
4.5701959599e-02 8.8586679041e-04 1.2898533022e-18
5.0675486338e-02 8.8586679041e-04 1.8970471803e-18
5.6190258320e-02 8.8586679041e-04 3.0254741876e-18
6.2305176688e-02 8.8586679041e-04 4.8239866680e-18
6.9085552518e-02 8.8586679041e-04 7.6691028986e-18
7.6603804377e-02 8.8586679041e-04 1.2115003542e-17
8.4940231802e-02 8.8586679041e-04 1.8931259708e-17
9.4183872945e-02 8.8586679041e-04 2.9084672126e-17
1.0443345556e-01 8.8586679041e-04 4.3562086444e-17
1.1579845146e-01 8.8586679041e-04 6.2922539069e-17
1.2840024578e-01 8.8586679041e-04 8.6522355940e-17
1.4237343339e-01 8.8586679041e-04 1.1132982862e-16
1.5786725650e-01 8.8586679041e-04 1.3088299913e-16
1.7504719864e-01 8.8586679041e-04 1.3588284514e-16
1.9409675211e-01 8.8586679041e-04 1.1890223084e-16
2.1521937781e-01 8.8586679041e-04 8.2122759512e-17
2.3864067833e-01 8.8586679041e-04 4.1748441097e-17
2.6461080752e-01 8.8586679041e-04 1.4080378587e-17
2.9340714225e-01 8.8586679041e-04 2.7300362592e-18
3.2533724503e-01 8.8586679041e-04 2.3773374705e-19
3.6074214893e-01 8.8586679041e-04 5.5494236707e-21
4.0000000000e-01 8.8586679041e-04 nan
2.0000000000e-02 1.6237767392e-03 1.0863319420e-19
2.2176504808e-02 1.6237767392e-03 1.7336271565e-19
2.4589868274e-02 1.6237767392e-03 2.7097348320e-19
2.7265866600e-02 1.6237767392e-03 4.2800740796e-19
3.0233081086e-02 1.6237767392e-03 6.6868165501e-19
3.3523203403e-02 1.6237767392e-03 1.0991466609e-18
3.7171374071e-02 1.6237767392e-03 1.7109176351e-18
4.1216557790e-02 1.6237767392e-03 2.7677695402e-18
4.5701959599e-02 1.6237767392e-03 4.3336996743e-18
5.0675486338e-02 1.6237767392e-03 6.3737812403e-18
5.6190258320e-02 1.6237767392e-03 1.0165134038e-17
6.2305176688e-02 1.6237767392e-03 1.6207891501e-17
6.9085552518e-02 1.6237767392e-03 2.5767121505e-17
7.6603804377e-02 1.6237767392e-03 4.0704834239e-17
8.4940231802e-02 1.6237767392e-03 6.3606761866e-17
9.4183872945e-02 1.6237767392e-03 9.7721369223e-17
1.0443345556e-01 1.6237767392e-03 1.4636457144e-16
1.1579845146e-01 1.6237767392e-03 2.1141502247e-16
1.2840024578e-01 1.6237767392e-03 2.9071050194e-16
1.4237343339e-01 1.6237767392e-03 3.7406516542e-16
1.5786725650e-01 1.6237767392e-03 4.3976734454e-16
1.7504719864e-01 1.6237767392e-03 4.5657190303e-16
1.9409675211e-01 1.6237767392e-03 3.9952164150e-16
2.1521937781e-01 1.6237767392e-03 2.7594384328e-16
2.3864067833e-01 1.6237767392e-03 1.4028318058e-16
2.6461080752e-01 1.6237767392e-03 4.7313963816e-17
2.9340714225e-01 1.6237767392e-03 9.1739153660e-18
3.2533724503e-01 1.6237767392e-03 7.9889577097e-19
3.6074214893e-01 1.6237767392e-03 1.8649253680e-20
4.0000000000e-01 1.6237767392e-03 nan
2.0000000000e-02 2.9763514416e-03 3.6498967503e-19
2.2176504808e-02 2.9763514416e-03 5.8247078798e-19
2.4589868274e-02 2.9763514416e-03 9.1042828651e-19
2.7265866600e-02 2.9763514416e-03 1.4380395590e-18
3.0233081086e-02 2.9763514416e-03 2.2466720009e-18
3.3523203403e-02 2.9763514416e-03 3.6929784027e-18
3.7171374071e-02 2.9763514416e-03 5.7484565779e-18
4.1216557790e-02 2.9763514416e-03 9.2993653855e-18
4.5701959599e-02 2.9763514416e-03 1.4560747782e-17
5.0675486338e-02 2.9763514416e-03 2.1415282217e-17
5.6190258320e-02 2.9763514416e-03 3.4154025244e-17
6.2305176688e-02 2.9763514416e-03 5.4457521789e-17
6.9085552518e-02 2.9763514416e-03 8.6576563809e-17
7.6603804377e-02 2.9763514416e-03 1.3676788809e-16
8.4940231802e-02 2.9763514416e-03 2.1372036133e-16
9.4183872945e-02 2.9763514416e-03 3.2835038062e-16
1.0443345556e-01 2.9763514416e-03 4.9180212659e-16
1.1579845146e-01 2.9763514416e-03 7.1039197384e-16
1.2840024578e-01 2.9763514416e-03 9.7685985484e-16
1.4237343339e-01 2.9763514416e-03 1.2569848204e-15
1.5786725650e-01 2.9763514416e-03 1.4778121164e-15
1.7504719864e-01 2.9763514416e-03 1.5343399335e-15
1.9409675211e-01 2.9763514416e-03 1.3426785442e-15
2.1521937781e-01 2.9763514416e-03 9.2741798653e-16
2.3864067833e-01 2.9763514416e-03 4.7150666065e-16
2.6461080752e-01 2.9763514416e-03 1.5903913332e-16
2.9340714225e-01 2.9763514416e-03 3.0839503391e-17
3.2533724503e-01 2.9763514416e-03 2.6858781877e-18
3.6074214893e-01 2.9763514416e-03 6.2705493326e-20
4.0000000000e-01 2.9763514416e-03 nan
2.0000000000e-02 5.4555947812e-03 1.2263202368e-18
2.2176504808e-02 5.4555947812e-03 1.9570362566e-18
2.4589868274e-02 5.4555947812e-03 3.0589483632e-18
2.7265866600e-02 5.4555947812e-03 4.8316920690e-18
3.0233081086e-02 5.4555947812e-03 7.5486709825e-18
3.3523203403e-02 5.4555947812e-03 1.2408248322e-17
3.7171374071e-02 5.4555947812e-03 1.9314720249e-17
4.1216557790e-02 5.4555947812e-03 3.1246014178e-17
4.5701959599e-02 5.4555947812e-03 4.8924902499e-17
5.0675486338e-02 5.4555947812e-03 7.1957501191e-17
5.6190258320e-02 5.4555947812e-03 1.1476285554e-16
6.2305176688e-02 5.4555947812e-03 1.8298940729e-16
6.9085552518e-02 5.4555947812e-03 2.9092349009e-16
7.6603804377e-02 5.4555947812e-03 4.5959474042e-16
8.4940231802e-02 5.4555947812e-03 7.1821058111e-16
9.4183872945e-02 5.4555947812e-03 1.1034723421e-15
1.0443345556e-01 5.4555947812e-03 1.6528597909e-15
1.1579845146e-01 5.4555947812e-03 2.3876449039e-15
1.2840024578e-01 5.4555947812e-03 3.2834870995e-15
1.4237343339e-01 5.4555947812e-03 4.2254286866e-15
1.5786725650e-01 5.4555947812e-03 4.9682703518e-15
1.7504719864e-01 5.4555947812e-03 5.1589561020e-15
1.9409675211e-01 5.4555947812e-03 4.5152019200e-15
2.1521937781e-01 5.4555947812e-03 3.1193063870e-15
2.3864067833e-01 5.4555947812e-03 1.5862160259e-15
2.6461080752e-01 5.4555947812e-03 5.3516446249e-16
2.9340714225e-01 5.4555947812e-03 1.0380491601e-16
3.2533724503e-01 5.4555947812e-03 9.0436278033e-18
3.6074214893e-01 5.4555947812e-03 2.1121382496e-19
4.0000000000e-01 5.4555947812e-03 nan
2.0000000000e-02 1.0000000000e-02 4.1204530604e-18
2.2176504808e-02 1.0000000000e-02 6.5757405805e-18
2.4589868274e-02 1.0000000000e-02 1.0278354543e-17
2.7265866600e-02 1.0000000000e-02 1.6235192958e-17
3.0233081086e-02 1.0000000000e-02 2.5365112579e-17
3.3523203403e-02 1.0000000000e-02 4.1695238740e-17
3.7171374071e-02 1.0000000000e-02 6.4904682378e-17
4.1216557790e-02 1.0000000000e-02 1.0500165871e-16
4.5701959599e-02 1.0000000000e-02 1.6441756710e-16
5.0675486338e-02 1.0000000000e-02 2.4183235974e-16
5.6190258320e-02 1.0000000000e-02 3.8571257430e-16
6.2305176688e-02 1.0000000000e-02 6.1505983695e-16
6.9085552518e-02 1.0000000000e-02 9.7792381058e-16
7.6603804377e-02 1.0000000000e-02 1.5450521150e-15
8.4940231802e-02 1.0000000000e-02 2.4147390439e-15
9.4183872945e-02 1.0000000000e-02 3.7105677925e-15
1.0443345556e-01 1.0000000000e-02 5.5588851364e-15
1.1579845146e-01 1.0000000000e-02 8.0317266481e-15
1.2840024578e-01 1.0000000000e-02 1.1047898527e-14
1.4237343339e-01 1.0000000000e-02 1.4221372361e-14
1.5786725650e-01 1.0000000000e-02 1.6727367952e-14
1.7504719864e-01 1.0000000000e-02 1.7376644681e-14
1.9409675211e-01 1.0000000000e-02 1.5215928090e-14
2.1521937781e-01 1.0000000000e-02 1.0518120551e-14
2.3864067833e-01 1.0000000000e-02 5.3524147652e-15
2.6461080752e-01 1.0000000000e-02 1.8073306623e-15
2.9340714225e-01 1.0000000000e-02 3.5090718389e-16
3.2533724503e-01 1.0000000000e-02 3.0605652744e-17
3.6074214893e-01 1.0000000000e-02 7.1566938678e-19
4.0000000000e-01 1.0000000000e-02 nan
