2.0000000000e-02 1.0000000000e-07 1.5063179813e-27
2.2176504808e-02 1.0000000000e-07 2.3917535776e-27
2.4589868274e-02 1.0000000000e-07 3.7212315462e-27
2.7265866600e-02 1.0000000000e-07 5.8290212702e-27
3.0233081086e-02 1.0000000000e-07 9.0300011039e-27
3.3523203403e-02 1.0000000000e-07 1.4333719699e-26
3.7171374071e-02 1.0000000000e-07 2.1985132521e-26
4.1216557790e-02 1.0000000000e-07 3.3899035224e-26
4.5701959599e-02 1.0000000000e-07 5.1709301661e-26
5.0675486338e-02 1.0000000000e-07 7.8405898270e-26
5.6190258320e-02 1.0000000000e-07 1.1881001521e-25
6.2305176688e-02 1.0000000000e-07 1.7660577767e-25
6.9085552518e-02 1.0000000000e-07 2.5555239175e-25
7.6603804377e-02 1.0000000000e-07 3.5648588289e-25
8.4940231802e-02 1.0000000000e-07 4.7358448314e-25
9.4183872945e-02 1.0000000000e-07 5.8961399720e-25
1.0443345556e-01 1.0000000000e-07 6.7215159222e-25
1.1579845146e-01 1.0000000000e-07 6.7848847314e-25
1.2840024578e-01 1.0000000000e-07 5.7938332101e-25
1.4237343339e-01 1.0000000000e-07 3.9422168655e-25
1.5786725650e-01 1.0000000000e-07 1.9840850862e-25
1.7504719864e-01 1.0000000000e-07 6.7268740389e-26
1.9409675211e-01 1.0000000000e-07 1.3423784378e-26
2.1521937781e-01 1.0000000000e-07 1.2416447347e-27
2.3864067833e-01 1.0000000000e-07 3.7516548745e-29
2.6461080752e-01 1.0000000000e-07 2.0118585839e-31
2.9340714225e-01 1.0000000000e-07 7.7203125868e-35
3.2533724503e-01 1.0000000000e-07 5.3117677636e-40
3.6074214893e-01 1.0000000000e-07 6.2281559626e-48
4.0000000000e-01 1.0000000000e-07 nan
2.0000000000e-02 1.8329807108e-07 5.0609546986e-27
2.2176504808e-02 1.8329807108e-07 8.0358574062e-27
2.4589868274e-02 1.8329807108e-07 1.2502661797e-26
2.7265866600e-02 1.8329807108e-07 1.9584452255e-26
3.0233081086e-02 1.8329807108e-07 3.0339162834e-26
3.3523203403e-02 1.8329807108e-07 4.8158693555e-26
3.7171374071e-02 1.8329807108e-07 7.3866050270e-26
4.1216557790e-02 1.8329807108e-07 1.1389459843e-25
4.5701959599e-02 1.8329807108e-07 1.7373385729e-25
5.0675486338e-02 1.8329807108e-07 2.6342957076e-25
5.6190258320e-02 1.8329807108e-07 3.9918006170e-25
6.2305176688e-02 1.8329807108e-07 5.9336332127e-25
6.9085552518e-02 1.8329807108e-07 8.5860959890e-25
7.6603804377e-02 1.8329807108e-07 1.1977277882e-24
8.4940231802e-02 1.8329807108e-07 1.5911578066e-24
9.4183872945e-02 1.8329807108e-07 1.9809958896e-24
1.0443345556e-01 1.8329807108e-07 2.2583072107e-24
1.1579845146e-01 1.8329807108e-07 2.2795979791e-24
1.2840024578e-01 1.8329807108e-07 1.9466226767e-24
1.4237343339e-01 1.8329807108e-07 1.3245132313e-24
1.5786725650e-01 1.8329807108e-07 6.6661653542e-25
1.7504719864e-01 1.8329807108e-07 2.2601074405e-25
1.9409675211e-01 1.8329807108e-07 4.5101476225e-26
2.1521937781e-01 1.8329807108e-07 4.1717006846e-27
2.3864067833e-01 1.8329807108e-07 1.2604878651e-28
2.6461080752e-01 1.8329807108e-07 6.7594792595e-31
2.9340714225e-01 1.8329807108e-07 2.5938847405e-34
3.2533724503e-01 1.8329807108e-07 1.7846574465e-39
3.6074214893e-01 1.8329807108e-07 2.0925472293e-47
4.0000000000e-01 1.8329807108e-07 nan
2.0000000000e-02 3.3598182863e-07 1.7003888143e-26
2.2176504808e-02 3.3598182863e-07 2.6999020659e-26
2.4589868274e-02 3.3598182863e-07 4.2006671731e-26
2.7265866600e-02 3.3598182863e-07 6.5800200813e-26
3.0233081086e-02 3.3598182863e-07 1.0193407408e-25
3.3523203403e-02 3.3598182863e-07 1.6180445925e-25
3.7171374071e-02 3.3598182863e-07 2.4817650643e-25
4.1216557790e-02 3.3598182863e-07 3.8266515453e-25
4.5701959599e-02 3.3598182863e-07 5.8371419067e-25
5.0675486338e-02 3.3598182863e-07 8.8507548899e-25
5.6190258320e-02 3.3598182863e-07 1.3411724708e-24
6.2305176688e-02 3.3598182863e-07 1.9935929372e-24
6.9085552518e-02 3.3598182863e-07 2.8847722312e-24
7.6603804377e-02 3.3598182863e-07 4.0241477246e-24
8.4940231802e-02 3.3598182863e-07 5.3460010949e-24
9.4183872945e-02 3.3598182863e-07 6.6557862151e-24
1.0443345556e-01 3.3598182863e-07 7.5875018625e-24
1.1579845146e-01 3.3598182863e-07 7.6590349755e-24
1.2840024578e-01 3.3598182863e-07 6.5402984657e-24
1.4237343339e-01 3.3598182863e-07 4.4501237750e-24
1.5786725650e-01 3.3598182863e-07 2.2397104257e-24
1.7504719864e-01 3.3598182863e-07 7.5935503077e-25
1.9409675211e-01 3.3598182863e-07 1.5153276456e-25
2.1521937781e-01 3.3598182863e-07 1.4016156245e-26
2.3864067833e-01 3.3598182863e-07 4.2350101789e-28
2.6461080752e-01 3.3598182863e-07 2.2710622022e-30
2.9340714225e-01 3.3598182863e-07 8.7149813837e-34
3.2533724503e-01 3.3598182863e-07 5.9961247234e-39
3.6074214893e-01 3.3598182863e-07 7.0305784459e-47
4.0000000000e-01 3.3598182863e-07 nan
2.0000000000e-02 6.1584821107e-07 5.7129974319e-26
2.2176504808e-02 6.1584821107e-07 9.0711803323e-26
2.4589868274e-02 6.1584821107e-07 1.4113478383e-25
2.7265866600e-02 6.1584821107e-07 2.2107671793e-25
3.0233081086e-02 6.1584821107e-07 3.4247996609e-25
3.3523203403e-02 6.1584821107e-07 5.4363358099e-25
3.7171374071e-02 6.1584821107e-07 8.3382796454e-25
4.1216557790e-02 6.1584821107e-07 1.2856853837e-24
4.5701959599e-02 6.1584821107e-07 1.9611736118e-24
5.0675486338e-02 6.1584821107e-07 2.9736928126e-24
5.6190258320e-02 6.1584821107e-07 4.5060957925e-24
6.2305176688e-02 6.1584821107e-07 6.6981100059e-24
6.9085552518e-02 6.1584821107e-07 9.6923104941e-24
7.6603804377e-02 6.1584821107e-07 1.3520405112e-23
8.4940231802e-02 6.1584821107e-07 1.7961592237e-23
9.4183872945e-02 6.1584821107e-07 2.2362232235e-23
1.0443345556e-01 6.1584821107e-07 2.5492627505e-23
1.1579845146e-01 6.1584821107e-07 2.5732965766e-23
1.2840024578e-01 6.1584821107e-07 2.1974214383e-23
1.4237343339e-01 6.1584821107e-07 1.4951607235e-23
1.5786725650e-01 6.1584821107e-07 7.5250200441e-24
1.7504719864e-01 6.1584821107e-07 2.5512949182e-24
1.9409675211e-01 6.1584821107e-07 5.0912255334e-25
2.1521937781e-01 6.1584821107e-07 4.7091738056e-26
2.3864067833e-01 6.1584821107e-07 1.4228864642e-27
2.6461080752e-01 6.1584821107e-07 7.6303563162e-30
2.9340714225e-01 6.1584821107e-07 2.9280753818e-33
3.2533724503e-01 6.1584821107e-07 2.0145889493e-38
3.6074214893e-01 6.1584821107e-07 2.3621466026e-46
4.0000000000e-01 6.1584821107e-07 nan
2.0000000000e-02 1.1288378917e-06 1.9194633241e-25
2.2176504808e-02 1.1288378917e-06 3.0477517559e-25
2.4589868274e-02 1.1288378917e-06 4.7418722754e-25
2.7265866600e-02 1.1288378917e-06 7.4277759958e-25
3.0233081086e-02 1.1288378917e-06 1.1506704528e-24
3.3523203403e-02 1.1288378917e-06 1.8265100465e-24
3.7171374071e-02 1.1288378917e-06 2.8015104429e-24
4.1216557790e-02 1.1288378917e-06 4.3196692626e-24
4.5701959599e-02 1.1288378917e-06 6.5891869634e-24
5.0675486338e-02 1.1288378917e-06 9.9910674897e-24
5.6190258320e-02 1.1288378917e-06 1.5139663044e-23
6.2305176688e-02 1.1288378917e-06 2.2504432481e-23
6.9085552518e-02 1.1288378917e-06 3.2564402034e-23
7.6603804377e-02 1.1288378917e-06 4.5426104333e-23
8.4940231802e-02 1.1288378917e-06 6.0347686049e-23
9.4183872945e-02 1.1288378917e-06 7.5133036786e-23
1.0443345556e-01 1.1288378917e-06 8.5650596057e-23
1.1579845146e-01 1.1288378917e-06 8.6458088941e-23
1.2840024578e-01 1.1288378917e-06 7.3829367311e-23
1.4237343339e-01 1.1288378917e-06 5.0234683399e-23
1.5786725650e-01 1.1288378917e-06 2.5282699949e-23
1.7504719864e-01 1.1288378917e-06 8.5718873198e-24
1.9409675211e-01 1.1288378917e-06 1.7105592647e-24
2.1521937781e-01 1.1288378917e-06 1.5821968266e-25
2.3864067833e-01 1.1288378917e-06 4.7806399617e-27
2.6461080752e-01 1.1288378917e-06 2.5636610682e-29
2.9340714225e-01 1.1288378917e-06 9.8378012114e-33
3.2533724503e-01 1.1288378917e-06 6.7686527912e-38
3.6074214893e-01 1.1288378917e-06 7.9363833503e-46
4.0000000000e-01 1.1288378917e-06 nan
2.0000000000e-02 2.0691380811e-06 6.4490479763e-25
2.2176504808e-02 2.0691380811e-06 1.0239892081e-24
2.4589868274e-02 2.0691380811e-06 1.5931829182e-24
2.7265866600e-02 2.0691380811e-06 2.4955977617e-24
3.0233081086e-02 2.0691380811e-06 3.8660436287e-24
3.3523203403e-02 2.0691380811e-06 6.1367418542e-24
3.7171374071e-02 2.0691380811e-06 9.4125660152e-24
4.1216557790e-02 2.0691380811e-06 1.4513303779e-23
4.5701959599e-02 2.0691380811e-06 2.2138470852e-23
5.0675486338e-02 2.0691380811e-06 3.3568171252e-23
5.6190258320e-02 2.0691380811e-06 5.0866516742e-23
6.2305176688e-02 2.0691380811e-06 7.5610803774e-23
6.9085552518e-02 2.0691380811e-06 1.0941047344e-22
7.6603804377e-02 2.0691380811e-06 1.5262345601e-22
8.4940231802e-02 2.0691380811e-06 2.0275725912e-22
9.4183872945e-02 2.0691380811e-06 2.5243335090e-22
1.0443345556e-01 2.0691380811e-06 2.8777043887e-22
1.1579845146e-01 2.0691380811e-06 2.9048346823e-22
1.2840024578e-01 2.0691380811e-06 2.4805325836e-22
1.4237343339e-01 2.0691380811e-06 1.6877940789e-22
1.5786725650e-01 2.0691380811e-06 8.4945277617e-23
1.7504719864e-01 2.0691380811e-06 2.8799983766e-23
1.9409675211e-01 2.0691380811e-06 5.7471682975e-24
2.1521937781e-01 2.0691380811e-06 5.3158938306e-25
2.3864067833e-01 2.0691380811e-06 1.6062081564e-26
2.6461080752e-01 2.0691380811e-06 8.6134353373e-29
2.9340714225e-01 2.0691380811e-06 3.3053224409e-32
3.2533724503e-01 2.0691380811e-06 2.2741443423e-37
3.6074214893e-01 2.0691380811e-06 2.6664805909e-45
4.0000000000e-01 2.0691380811e-06 nan
2.0000000000e-02 3.7926901907e-06 2.1667629320e-24
2.2176504808e-02 3.7926901907e-06 3.4404176665e-24
2.4589868274e-02 3.7926901907e-06 5.3528051020e-24
2.7265866600e-02 3.7926901907e-06 8.3847549950e-24
3.0233081086e-02 3.7926901907e-06 1.2989204079e-23
3.3523203403e-02 3.7926901907e-06 2.0618337500e-23
3.7171374071e-02 3.7926901907e-06 3.1624511419e-23
4.1216557790e-02 3.7926901907e-06 4.8762063432e-23
4.5701959599e-02 3.7926901907e-06 7.4381239198e-23
5.0675486338e-02 3.7926901907e-06 1.1278295561e-22
5.6190258320e-02 3.7926901907e-06 1.7090225311e-22
6.2305176688e-02 3.7926901907e-06 2.5403856116e-22
6.9085552518e-02 3.7926901907e-06 3.6759930937e-22
7.6603804377e-02 3.7926901907e-06 5.1278707844e-22
8.4940231802e-02 3.7926901907e-06 6.8122754690e-22
9.4183872945e-02 3.7926901907e-06 8.4813018844e-22
1.0443345556e-01 3.7926901907e-06 9.6685638279e-22
1.1579845146e-01 3.7926901907e-06 9.7597166845e-22
1.2840024578e-01 3.7926901907e-06 8.3341387345e-22
1.4237343339e-01 3.7926901907e-06 5.6706814102e-22
1.5786725650e-01 3.7926901907e-06 2.8540069709e-22
1.7504719864e-01 3.7926901907e-06 9.6762712110e-23
1.9409675211e-01 3.7926901907e-06 1.9309441142e-23
2.1521937781e-01 3.7926901907e-06 1.7860437302e-24
2.3864067833e-01 3.7926901907e-06 5.3965675362e-26
2.6461080752e-01 3.7926901907e-06 2.8939577559e-28
2.9340714225e-01 3.7926901907e-06 1.1105282781e-31
3.2533724503e-01 3.7926901907e-06 7.6407117483e-37
3.6074214893e-01 3.7926901907e-06 8.9588902509e-45
4.0000000000e-01 3.7926901907e-06 nan
2.0000000000e-02 6.9519279618e-06 7.2799297210e-24
2.2176504808e-02 6.9519279618e-06 1.1559178188e-23
2.4589868274e-02 6.9519279618e-06 1.7984452465e-23
2.7265866600e-02 6.9519279618e-06 2.8171253159e-23
3.0233081086e-02 6.9519279618e-06 4.3641365390e-23
3.3523203403e-02 6.9519279618e-06 6.9273867366e-23
3.7171374071e-02 6.9519279618e-06 1.0625261176e-22
4.1216557790e-02 6.9519279618e-06 1.6383167240e-22
4.5701959599e-02 6.9519279618e-06 2.4990744762e-22
5.0675486338e-02 6.9519279618e-06 3.7893023665e-22
5.6190258320e-02 6.9519279618e-06 5.7420051519e-22
6.2305176688e-02 6.9519279618e-06 8.5352340326e-22
6.9085552518e-02 6.9519279618e-06 1.2350668817e-21
7.6603804377e-02 6.9519279618e-06 1.7228714032e-21
8.4940231802e-02 6.9519279618e-06 2.2888007694e-21
9.4183872945e-02 6.9519279618e-06 2.8495633166e-21
1.0443345556e-01 6.9519279618e-06 3.2484617555e-21
1.1579845146e-01 6.9519279618e-06 3.2790874590e-21
1.2840024578e-01 6.9519279618e-06 2.8001191725e-21
1.4237343339e-01 6.9519279618e-06 1.9052459102e-21
1.5786725650e-01 6.9519279618e-06 9.5889448125e-22
1.7504719864e-01 6.9519279618e-06 3.2510512967e-22
1.9409675211e-01 6.9519279618e-06 6.4876213471e-23
2.1521937781e-01 6.9519279618e-06 6.0007823873e-24
2.3864067833e-01 6.9519279618e-06 1.8131486300e-25
2.6461080752e-01 6.9519279618e-06 9.7231721934e-28
2.9340714225e-01 6.9519279618e-06 3.7311732185e-31
3.2533724503e-01 6.9519279618e-06 2.5671403069e-36
3.6074214893e-01 6.9519279618e-06 3.0100243308e-44
4.0000000000e-01 6.9519279618e-06 nan
2.0000000000e-02 1.2742749857e-05 2.4459241000e-23
2.2176504808e-02 1.2742749857e-05 3.8836738253e-23
2.4589868274e-02 1.2742749857e-05 6.0424492262e-23
2.7265866600e-02 1.2742749857e-05 9.4650291514e-23
3.0233081086e-02 1.2742749857e-05 1.4662705748e-22
3.3523203403e-02 1.2742749857e-05 2.3274760635e-22
3.7171374071e-02 1.2742749857e-05 3.5698946799e-22
4.1216557790e-02 1.2742749857e-05 5.5044464885e-22
4.5701959599e-02 1.2742749857e-05 8.3964361248e-22
5.0675486338e-02 1.2742749857e-05 1.2731367385e-21
5.6190258320e-02 1.2742749857e-05 1.9292093912e-21
6.2305176688e-02 1.2742749857e-05 2.8676835385e-21
6.9085552518e-02 1.2742749857e-05 4.1496002948e-21
7.6603804377e-02 1.2742749857e-05 5.7885348469e-21
8.4940231802e-02 1.2742749857e-05 7.6899546808e-21
9.4183872945e-02 1.2742749857e-05 9.5740149422e-21
1.0443345556e-01 1.2742749857e-05 1.0914241213e-20
1.1579845146e-01 1.2742749857e-05 1.1017138013e-20
1.2840024578e-01 1.2742749857e-05 9.4078916052e-21
1.4237343339e-01 1.2742749857e-05 6.4012800534e-21
1.5786725650e-01 1.2742749857e-05 3.2217112154e-21
1.7504719864e-01 1.2742749857e-05 1.0922941607e-21
1.9409675211e-01 1.2742749857e-05 2.1797228862e-22
2.1521937781e-01 1.2742749857e-05 2.0161538425e-23
2.3864067833e-01 1.2742749857e-05 6.0918499329e-25
2.6461080752e-01 1.2742749857e-05 3.2668091797e-27
2.9340714225e-01 1.2742749857e-05 1.2536064035e-30
3.2533724503e-01 1.2742749857e-05 8.6251249654e-36
3.6074214893e-01 1.2742749857e-05 1.0113134809e-43
4.0000000000e-01 1.2742749857e-05 nan
2.0000000000e-02 2.3357214691e-05 8.2178605187e-23
2.2176504808e-02 2.3357214691e-05 1.3048438337e-22
2.4589868274e-02 2.3357214691e-05 2.0301531406e-22
2.7265866600e-02 2.3357214691e-05 3.1800778027e-22
3.0233081086e-02 2.3357214691e-05 4.9264026908e-22
3.3523203403e-02 2.3357214691e-05 7.8198966406e-22
3.7171374071e-02 2.3357214691e-05 1.1994197428e-21
4.1216557790e-02 2.3357214691e-05 1.8493939973e-21
4.5701959599e-02 2.3357214691e-05 2.8210499641e-21
5.0675486338e-02 2.3357214691e-05 4.2775080965e-21
5.6190258320e-02 2.3357214691e-05 6.4817929936e-21
6.2305176688e-02 2.3357214691e-05 9.6348955972e-21
6.9085552518e-02 2.3357214691e-05 1.3941902961e-20
7.6603804377e-02 2.3357214691e-05 1.9448425245e-20
8.4940231802e-02 2.3357214691e-05 2.5836850382e-20
9.4183872945e-02 2.3357214691e-05 3.2166950512e-20
1.0443345556e-01 2.3357214691e-05 3.6669867258e-20
1.1579845146e-01 2.3357214691e-05 3.7015581817e-20
1.2840024578e-01 2.3357214691e-05 3.1608806312e-20
1.4237343339e-01 2.3357214691e-05 2.1507137829e-20
1.5786725650e-01 2.3357214691e-05 1.0824364285e-20
1.7504719864e-01 2.3357214691e-05 3.6699099075e-21
1.9409675211e-01 2.3357214691e-05 7.3234728412e-22
2.1521937781e-01 2.3357214691e-05 6.7739105799e-23
2.3864067833e-01 2.3357214691e-05 2.0467508914e-24
2.6461080752e-01 2.3357214691e-05 1.0975885289e-26
2.9340714225e-01 2.3357214691e-05 4.2118897478e-30
3.2533724503e-01 2.3357214691e-05 2.8978852794e-35
3.6074214893e-01 2.3357214691e-05 3.3978295495e-43
4.0000000000e-01 2.3357214691e-05 nan
2.0000000000e-02 4.2813323987e-05 2.7610518052e-22
2.2176504808e-02 4.2813323987e-05 4.3840381747e-22
2.4589868274e-02 4.2813323987e-05 6.8209456485e-22
2.7265866600e-02 4.2813323987e-05 1.0684483558e-21
3.0233081086e-02 4.2813323987e-05 1.6551817855e-21
3.3523203403e-02 4.2813323987e-05 2.6273431747e-21
3.7171374071e-02 4.2813323987e-05 4.0298323879e-21
4.1216557790e-02 4.2813323987e-05 6.2136277762e-21
4.5701959599e-02 4.2813323987e-05 9.4782152661e-21
5.0675486338e-02 4.2813323987e-05 1.4371649941e-20
5.6190258320e-02 4.2813323987e-05 2.1777646662e-20
6.2305176688e-02 4.2813323987e-05 3.2371498474e-20
6.9085552518e-02 4.2813323987e-05 4.6842260616e-20
7.6603804377e-02 4.2813323987e-05 6.5343174950e-20
8.4940231802e-02 4.2813323987e-05 8.6807122649e-20
9.4183872945e-02 4.2813323987e-05 1.0807510896e-19
1.0443345556e-01 4.2813323987e-05 1.2320409113e-19
1.1579845146e-01 4.2813323987e-05 1.2436562935e-19
1.2840024578e-01 4.2813323987e-05 1.0619984615e-19
1.4237343339e-01 4.2813323987e-05 7.2260075533e-20
1.5786725650e-01 4.2813323987e-05 3.6367897404e-20
1.7504719864e-01 4.2813323987e-05 1.2330230555e-20
1.9409675211e-01 4.2813323987e-05 2.4605538300e-21
2.1521937781e-01 4.2813323987e-05 2.2759108995e-22
2.3864067833e-01 4.2813323987e-05 6.8767111995e-24
2.6461080752e-01 4.2813323987e-05 3.6876980884e-26
2.9340714225e-01 4.2813323987e-05 1.4151184528e-29
3.2533724503e-01 4.2813323987e-05 9.7363681940e-35
3.6074214893e-01 4.2813323987e-05 1.1416090115e-42
4.0000000000e-01 4.2813323987e-05 nan
2.0000000000e-02 7.8475997035e-05 9.2766323529e-22
2.2176504808e-02 7.8475997035e-05 1.4729571643e-21
2.4589868274e-02 7.8475997035e-05 2.2917137948e-21
2.7265866600e-02 7.8475997035e-05 3.5897923292e-21
3.0233081086e-02 7.8475997035e-05 5.5611100400e-21
3.3523203403e-02 7.8475997035e-05 8.8273956614e-21
3.7171374071e-02 7.8475997035e-05 1.3539504582e-20
4.1216557790e-02 7.8475997035e-05 2.0876660290e-20
4.5701959599e-02 7.8475997035e-05 3.1845081088e-20
5.0675486338e-02 7.8475997035e-05 4.8286132485e-20
5.6190258320e-02 7.8475997035e-05 7.3168935866e-20
6.2305176688e-02 7.8475997035e-05 1.0876235320e-19
6.9085552518e-02 7.8475997035e-05 1.5738148496e-19
7.6603804377e-02 7.8475997035e-05 2.1954119604e-19
8.4940231802e-02 7.8475997035e-05 2.9165616118e-19
9.4183872945e-02 7.8475997035e-05 3.6311273203e-19
1.0443345556e-01 7.8475997035e-05 4.1394336470e-19
1.1579845146e-01 7.8475997035e-05 4.1784592338e-19
1.2840024578e-01 7.8475997035e-05 3.5681219299e-19
1.4237343339e-01 7.8475997035e-05 2.4278072957e-19
1.5786725650e-01 7.8475997035e-05 1.2218953060e-19
1.7504719864e-01 7.8475997035e-05 4.1427335655e-20
1.9409675211e-01 7.8475997035e-05 8.2670141234e-21
2.1521937781e-01 7.8475997035e-05 7.6466474639e-22
2.3864067833e-01 7.8475997035e-05 2.3104501471e-23
2.6461080752e-01 7.8475997035e-05 1.2389996354e-25
2.9340714225e-01 7.8475997035e-05 4.7545412317e-29
3.2533724503e-01 7.8475997035e-05 3.2712430619e-34
3.6074214893e-01 7.8475997035e-05 3.8355991276e-42
4.0000000000e-01 7.8475997035e-05 nan
2.0000000000e-02 1.4384498883e-04 3.1167799108e-21
2.2176504808e-02 1.4384498883e-04 4.9488684332e-21
2.4589868274e-02 1.4384498883e-04 7.6997419475e-21
2.7265866600e-02 1.4384498883e-04 1.2061049973e-20
3.0233081086e-02 1.4384498883e-04 1.8684319317e-20
3.3523203403e-02 1.4384498883e-04 2.9658445576e-20
3.7171374071e-02 1.4384498883e-04 4.5490275471e-20
4.1216557790e-02 1.4384498883e-04 7.0141785715e-20
4.5701959599e-02 1.4384498883e-04 1.0699368707e-19
5.0675486338e-02 1.4384498883e-04 1.6223263327e-19
5.6190258320e-02 1.4384498883e-04 2.4583433300e-19
6.2305176688e-02 1.4384498883e-04 3.6542175079e-19
6.9085552518e-02 1.4384498883e-04 5.2877320434e-19
7.6603804377e-02 1.4384498883e-04 7.3761854718e-19
8.4940231802e-02 1.4384498883e-04 9.7991173887e-19
9.4183872945e-02 1.4384498883e-04 1.2199928497e-18
1.0443345556e-01 1.4384498883e-04 1.3907745581e-18
1.1579845146e-01 1.4384498883e-04 1.4038864612e-18
1.2840024578e-01 1.4384498883e-04 1.1988242198e-18
1.4237343339e-01 1.4384498883e-04 8.1569920725e-19
1.5786725650e-01 1.4384498883e-04 4.1053466291e-19
1.7504719864e-01 1.4384498883e-04 1.3918833753e-19
1.9409675211e-01 1.4384498883e-04 2.7775669413e-20
2.1521937781e-01 1.4384498883e-04 2.5691350557e-21
2.3864067833e-01 1.4384498883e-04 7.7626942716e-23
2.6461080752e-01 1.4384498883e-04 4.1628146279e-25
2.9340714225e-01 1.4384498883e-04 1.5974398824e-28
3.2533724503e-01 1.4384498883e-04 1.0990785327e-33
3.6074214893e-01 1.4384498883e-04 1.2886919417e-41
4.0000000000e-01 1.4384498883e-04 nan
2.0000000000e-02 2.6366508987e-04 1.0471814245e-20
2.2176504808e-02 2.6366508987e-04 1.6627298858e-20
2.4589868274e-02 2.6366508987e-04 2.5869734164e-20
2.7265866600e-02 2.6366508987e-04 4.0522936938e-20
3.0233081086e-02 2.6366508987e-04 6.2775918976e-20
3.3523203403e-02 2.6366508987e-04 9.9646990189e-20
3.7171374071e-02 2.6366508987e-04 1.5283906377e-19
4.1216557790e-02 2.6366508987e-04 2.3566366236e-19
4.5701959599e-02 2.6366508987e-04 3.5947936108e-19
5.0675486338e-02 2.6366508987e-04 5.4507219460e-19
5.6190258320e-02 2.6366508987e-04 8.2595873587e-19
6.2305176688e-02 2.6366508987e-04 1.2277507667e-18
6.9085552518e-02 2.6366508987e-04 1.7765820307e-18
7.6603804377e-02 2.6366508987e-04 2.4782645329e-18
8.4940231802e-02 2.6366508987e-04 3.2923257770e-18
9.4183872945e-02 2.6366508987e-04 4.0989548792e-18
1.0443345556e-01 2.6366508987e-04 4.6727506040e-18
1.1579845146e-01 2.6366508987e-04 4.7168043863e-18
1.2840024578e-01 2.6366508987e-04 4.0278325404e-18
1.4237343339e-01 2.6366508987e-04 2.7406019309e-18
1.5786725650e-01 2.6366508987e-04 1.3793223600e-18
1.7504719864e-01 2.6366508987e-04 4.6764772088e-19
1.9409675211e-01 2.6366508987e-04 9.3321249286e-20
2.1521937781e-01 2.6366508987e-04 8.6318321094e-21
2.3864067833e-01 2.6366508987e-04 2.6081260429e-22
2.6461080752e-01 2.6366508987e-04 1.3986311954e-24
2.9340714225e-01 2.6366508987e-04 5.3671125274e-28
3.2533724503e-01 2.6366508987e-04 3.6927076162e-33
3.6074214893e-01 2.6366508987e-04 4.3297745085e-41
4.0000000000e-01 2.6366508987e-04 nan
2.0000000000e-02 4.8329302386e-04 3.5183394186e-20
2.2176504808e-02 4.8329302386e-04 5.5864705008e-20
2.4589868274e-02 4.8329302386e-04 8.6917610073e-20
2.7265866600e-02 4.8329302386e-04 1.3614971230e-19
3.0233081086e-02 4.8329302386e-04 2.1091569484e-19
3.3523203403e-02 4.8329302386e-04 3.3479580691e-19
3.7171374071e-02 4.8329302386e-04 5.1351153088e-19
4.1216557790e-02 4.8329302386e-04 7.9178717349e-19
4.5701959599e-02 4.8329302386e-04 1.2077854973e-18
5.0675486338e-02 4.8329302386e-04 1.8313438284e-18
5.6190258320e-02 4.8329302386e-04 2.7750718114e-18
6.2305176688e-02 4.8329302386e-04 4.1250204504e-18
6.9085552518e-02 4.8329302386e-04 5.9689944806e-18
7.6603804377e-02 4.8329302386e-04 8.3265213157e-18
8.4940231802e-02 4.8329302386e-04 1.1061620840e-17
9.4183872945e-02 4.8329302386e-04 1.3771750261e-17
1.0443345556e-01 4.8329302386e-04 1.5699602088e-17
1.1579845146e-01 4.8329302386e-04 1.5847616716e-17
1.2840024578e-01 4.8329302386e-04 1.3532796765e-17
1.4237343339e-01 4.8329302386e-04 9.2079337206e-18
1.5786725650e-01 4.8329302386e-04 4.6342780460e-18
1.7504719864e-01 4.8329302386e-04 1.5712136129e-18
1.9409675211e-01 4.8329302386e-04 3.1354297355e-19
2.1521937781e-01 4.8329302386e-04 2.9001445718e-20
2.3864067833e-01 4.8329302386e-04 8.7628501891e-22
2.6461080752e-01 4.8329302386e-04 4.6991593590e-24
2.9340714225e-01 4.8329302386e-04 1.8032576988e-27
3.2533724503e-01 4.8329302386e-04 1.2406865678e-32
3.6074214893e-01 4.8329302386e-04 1.4547297986e-40
4.0000000000e-01 4.8329302386e-04 nan
2.0000000000e-02 8.8586679041e-04 1.1820982466e-19
2.2176504808e-02 8.8586679041e-04 1.8769528289e-19
2.4589868274e-02 8.8586679041e-04 2.9202742277e-19
2.7265866600e-02 8.8586679041e-04 4.5743838071e-19
3.0233081086e-02 8.8586679041e-04 7.0863857005e-19
3.3523203403e-02 8.8586679041e-04 1.1248533801e-18
3.7171374071e-02 8.8586679041e-04 1.7253059913e-18
4.1216557790e-02 8.8586679041e-04 2.6602620546e-18
4.5701959599e-02 8.8586679041e-04 4.0579416774e-18
5.0675486338e-02 8.8586679041e-04 6.1529858884e-18
5.6190258320e-02 8.8586679041e-04 9.3237431916e-18
6.2305176688e-02 8.8586679041e-04 1.3859330127e-17
6.9085552518e-02 8.8586679041e-04 2.0054755849e-17
7.6603804377e-02 8.8586679041e-04 2.7975630408e-17
8.4940231802e-02 8.8586679041e-04 3.7165086664e-17
9.4183872945e-02 8.8586679041e-04 4.6270654023e-17
1.0443345556e-01 8.8586679041e-04 5.2747913602e-17
1.1579845146e-01 8.8586679041e-04 5.3245237575e-17
1.2840024578e-01 8.8586679041e-04 4.5467866063e-17
1.4237343339e-01 8.8586679041e-04 3.0937088371e-17
1.5786725650e-01 8.8586679041e-04 1.5570394867e-17
1.7504719864e-01 8.8586679041e-04 5.2790176125e-18
1.9409675211e-01 8.8586679041e-04 1.0534534406e-18
2.1521937781e-01 8.8586679041e-04 9.7440246362e-20
2.3864067833e-01 8.8586679041e-04 2.9441817041e-21
2.6461080752e-01 8.8586679041e-04 1.5788464829e-23
2.9340714225e-01 8.8586679041e-04 6.0586793447e-27
3.2533724503e-01 8.8586679041e-04 4.1685255593e-32
3.6074214893e-01 8.8586679041e-04 4.8876756594e-40
4.0000000000e-01 8.8586679041e-04 nan
2.0000000000e-02 1.6237767392e-03 3.9716368295e-19
2.2176504808e-02 1.6237767392e-03 6.3062233095e-19
2.4589868274e-02 1.6237767392e-03 9.8115960613e-19
2.7265866600e-02 1.6237767392e-03 1.5369108258e-18
3.0233081086e-02 1.6237767392e-03 2.3808986511e-18
3.3523203403e-02 1.6237767392e-03 3.7793064083e-18
3.7171374071e-02 1.6237767392e-03 5.7967209365e-18
4.1216557790e-02 1.6237767392e-03 8.9380087268e-18
4.5701959599e-02 1.6237767392e-03 1.3633967850e-17
5.0675486338e-02 1.6237767392e-03 2.0672952943e-17
5.6190258320e-02 1.6237767392e-03 3.1326152565e-17
6.2305176688e-02 1.6237767392e-03 4.6564954819e-17
6.9085552518e-02 1.6237767392e-03 6.7380550385e-17
7.6603804377e-02 1.6237767392e-03 9.3993393932e-17
8.4940231802e-02 1.6237767392e-03 1.2486850998e-16
9.4183872945e-02 1.6237767392e-03 1.5546184362e-16
1.0443345556e-01 1.6237767392e-03 1.7722457212e-16
1.1579845146e-01 1.6237767392e-03 1.7889573548e-16
1.2840024578e-01 1.6237767392e-03 1.5276521307e-16
1.4237343339e-01 1.6237767392e-03 1.0394417235e-16
1.5786725650e-01 1.6237767392e-03 5.2314405675e-17
1.7504719864e-01 1.6237767392e-03 1.7736826455e-17
1.9409675211e-01 1.6237767392e-03 3.5394801411e-18
2.1521937781e-01 1.6237767392e-03 3.2738895729e-19
2.3864067833e-01 1.6237767392e-03 9.8921782472e-21
2.6461080752e-01 1.6237767392e-03 5.3047990277e-23
2.9340714225e-01 1.6237767392e-03 2.0356751967e-26
3.2533724503e-01 1.6237767392e-03 1.4005986670e-31
3.6074214893e-01 1.6237767392e-03 1.6422242523e-39
4.0000000000e-01 1.6237767392e-03 nan
2.0000000000e-02 2.9763514416e-03 1.3343995253e-18
2.2176504808e-02 2.9763514416e-03 2.1187796818e-18
2.4589868274e-02 2.9763514416e-03 3.2965239808e-18
2.7265866600e-02 2.9763514416e-03 5.1637522660e-18
3.0233081086e-02 2.9763514416e-03 7.9994074285e-18
3.3523203403e-02 2.9763514416e-03 1.2697821754e-17
3.7171374071e-02 2.9763514416e-03 1.9476000317e-17
4.1216557790e-02 2.9763514416e-03 3.0030216443e-17
4.5701959599e-02 2.9763514416e-03 4.5807893789e-17
5.0675486338e-02 2.9763514416e-03 6.9457799246e-17
5.6190258320e-02 2.9763514416e-03 1.0525096695e-16
6.2305176688e-02 2.9763514416e-03 1.5645118671e-16
6.9085552518e-02 2.9763514416e-03 2.2638883184e-16
7.6603804377e-02 2.9763514416e-03 3.1580477982e-16
8.4940231802e-02 2.9763514416e-03 4.1954196235e-16
9.4183872945e-02 2.9763514416e-03 5.2233318663e-16
1.0443345556e-01 2.9763514416e-03 5.9545553663e-16
1.1579845146e-01 2.9763514416e-03 6.0107310957e-16
1.2840024578e-01 2.9763514416e-03 5.1327967064e-16
1.4237343339e-01 2.9763514416e-03 3.4924681880e-16
1.5786725650e-01 2.9763514416e-03 1.7577489211e-16
1.7504719864e-01 2.9763514416e-03 5.9595748512e-17
1.9409675211e-01 2.9763514416e-03 1.1892777793e-17
2.1521937781e-01 2.9763514416e-03 1.1000513423e-18
2.3864067833e-01 2.9763514416e-03 3.3238887008e-20
2.6461080752e-01 2.9763514416e-03 1.7824986557e-22
2.9340714225e-01 2.9763514416e-03 6.8402779702e-26
3.2533724503e-01 2.9763514416e-03 4.7063194308e-31
3.6074214893e-01 2.9763514416e-03 5.5181850577e-39
4.0000000000e-01 2.9763514416e-03 nan
2.0000000000e-02 5.4555947812e-03 4.4833593505e-18
2.2176504808e-02 5.4555947812e-03 7.1187513225e-18
2.4589868274e-02 5.4555947812e-03 1.1075789219e-17
2.7265866600e-02 5.4555947812e-03 1.7349395370e-17
3.0233081086e-02 5.4555947812e-03 2.6876787927e-17
3.3523203403e-02 5.4555947812e-03 4.2662813682e-17
3.7171374071e-02 5.4555947812e-03 6.5436627027e-17
4.1216557790e-02 5.4555947812e-03 1.0089755228e-16
4.5701959599e-02 5.4555947812e-03 1.5390890041e-16
5.0675486338e-02 5.4555947812e-03 2.3337048227e-16
5.6190258320e-02 5.4555947812e-03 3.5363300422e-16
6.2305176688e-02 5.4555947812e-03 5.2566336188e-16
6.9085552518e-02 5.4555947812e-03 7.6065272844e-16
7.6603804377e-02 5.4555947812e-03 1.0610924609e-15
8.4940231802e-02 5.4555947812e-03 1.4096576702e-15
9.4183872945e-02 5.4555947812e-03 1.7550534301e-15
1.0443345556e-01 5.4555947812e-03 2.0007711638e-15
1.1579845146e-01 5.4555947812e-03 2.0196764311e-15
1.2840024578e-01 5.4555947812e-03 1.7247105847e-15
1.4237343339e-01 5.4555947812e-03 1.1735558452e-15
1.5786725650e-01 5.4555947812e-03 5.9066195018e-16
1.7504719864e-01 5.4555947812e-03 2.0026739924e-16
1.9409675211e-01 5.4555947812e-03 3.9966238175e-17
2.1521937781e-01 5.4555947812e-03 3.6969201047e-18
2.3864067833e-01 5.4555947812e-03 1.1171009627e-19
2.6461080752e-01 5.4555947812e-03 5.9909324293e-22
2.9340714225e-01 5.4555947812e-03 2.2990885862e-25
3.2533724503e-01 5.4555947812e-03 1.5818725062e-30
3.6074214893e-01 5.4555947812e-03 1.8546980549e-38
4.0000000000e-01 5.4555947812e-03 nan
2.0000000000e-02 1.0000000000e-02 1.5063491996e-17
2.2176504808e-02 1.0000000000e-02 2.3918124057e-17
2.4589868274e-02 1.0000000000e-02 3.7213403004e-17
2.7265866600e-02 1.0000000000e-02 5.8292239063e-17
3.0233081086e-02 1.0000000000e-02 9.0303748887e-17
3.3523203403e-02 1.0000000000e-02 1.4334426794e-16
3.7171374071e-02 1.0000000000e-02 2.1986426343e-16
4.1216557790e-02 1.0000000000e-02 3.3901416980e-16
4.5701959599e-02 1.0000000000e-02 5.1713643025e-16
5.0675486338e-02 1.0000000000e-02 7.8413770699e-16
5.6190258320e-02 1.0000000000e-02 1.1882428842e-15
6.2305176688e-02 1.0000000000e-02 1.7663117755e-15
6.9085552518e-02 1.0000000000e-02 2.5559641511e-15
7.6603804377e-02 1.0000000000e-02 3.5655947112e-15
8.4940231802e-02 1.0000000000e-02 4.7370166886e-15
9.4183872945e-02 1.0000000000e-02 5.8978892113e-15
1.0443345556e-01 1.0000000000e-02 6.7239068336e-15
1.1579845146e-01 1.0000000000e-02 6.7877777749e-15
1.2840024578e-01 1.0000000000e-02 5.7967930299e-15
1.4237343339e-01 1.0000000000e-02 3.9446275924e-15
1.5786725650e-01 1.0000000000e-02 1.9855356175e-15
1.7504719864e-01 1.0000000000e-02 6.7327423760e-16
1.9409675211e-01 1.0000000000e-02 1.3437711682e-16
2.1521937781e-01 1.0000000000e-02 1.2431674522e-17
2.3864067833e-01 1.0000000000e-02 3.7570345920e-19
2.6461080752e-01 1.0000000000e-02 2.0151702008e-21
2.9340714225e-01 1.0000000000e-02 7.7344430320e-25
3.2533724503e-01 1.0000000000e-02 5.3219620342e-30
3.6074214893e-01 1.0000000000e-02 6.2392004005e-38
4.0000000000e-01 1.0000000000e-02 nan
