2.0000000000e-02 1.0000000000e-07 6.1266704185e-27
2.2176504808e-02 1.0000000000e-07 9.5140965574e-27
2.4589868274e-02 1.0000000000e-07 1.4763178536e-26
2.7265866600e-02 1.0000000000e-07 2.3452479371e-26
3.0233081086e-02 1.0000000000e-07 3.6197949770e-26
3.3523203403e-02 1.0000000000e-07 5.7689997221e-26
3.7171374071e-02 1.0000000000e-07 8.7957066159e-26
4.1216557790e-02 1.0000000000e-07 1.3460414201e-25
4.5701959599e-02 1.0000000000e-07 2.0417273935e-25
5.0675486338e-02 1.0000000000e-07 3.0960101388e-25
5.6190258320e-02 1.0000000000e-07 4.6724836931e-25
6.2305176688e-02 1.0000000000e-07 6.9236821500e-25
6.9085552518e-02 1.0000000000e-07 9.9959676386e-25
7.6603804377e-02 1.0000000000e-07 1.3921114420e-24
8.4940231802e-02 1.0000000000e-07 1.8472257142e-24
9.4183872945e-02 1.0000000000e-07 2.2979929961e-24
1.0443345556e-01 1.0000000000e-07 2.6201429341e-24
1.1579845146e-01 1.0000000000e-07 2.6534946178e-24
1.2840024578e-01 1.0000000000e-07 2.2873490621e-24
1.4237343339e-01 1.0000000000e-07 1.5845119332e-24
1.5786725650e-01 1.0000000000e-07 8.2031751304e-25
1.7504719864e-01 1.0000000000e-07 2.9007805996e-25
1.9409675211e-01 1.0000000000e-07 6.1652031487e-26
2.1521937781e-01 1.0000000000e-07 6.2501392087e-27
2.3864067833e-01 1.0000000000e-07 2.1515911033e-28
2.6461080752e-01 1.0000000000e-07 1.3734022247e-30
2.9340714225e-01 1.0000000000e-07 6.5953413368e-34
3.2533724503e-01 1.0000000000e-07 6.0355951799e-39
3.6074214893e-01 1.0000000000e-07 1.0080686229e-46
4.0000000000e-01 1.0000000000e-07 nan
2.0000000000e-02 1.8329807108e-07 2.0584499306e-26
2.2176504808e-02 1.8329807108e-07 3.1965635591e-26
2.4589868274e-02 1.8329807108e-07 4.9601597209e-26
2.7265866600e-02 1.8329807108e-07 7.8796069051e-26
3.0233081086e-02 1.8329807108e-07 1.2161853356e-25
3.3523203403e-02 1.8329807108e-07 1.9382790760e-25
3.7171374071e-02 1.8329807108e-07 2.9551975929e-25
4.1216557790e-02 1.8329807108e-07 4.5224545774e-25
4.5701959599e-02 1.8329807108e-07 6.8598330324e-25
5.0675486338e-02 1.8329807108e-07 1.0402031479e-24
5.6190258320e-02 1.8329807108e-07 1.5698696155e-24
6.2305176688e-02 1.8329807108e-07 2.3262313896e-24
6.9085552518e-02 1.8329807108e-07 3.3584634861e-24
7.6603804377e-02 1.8329807108e-07 4.6772414795e-24
8.4940231802e-02 1.8329807108e-07 6.2063427336e-24
9.4183872945e-02 1.8329807108e-07 7.7208388900e-24
1.0443345556e-01 1.8329807108e-07 8.8032041426e-24
1.1579845146e-01 1.8329807108e-07 8.9152597396e-24
1.2840024578e-01 1.8329807108e-07 7.6850772061e-24
1.4237343339e-01 1.8329807108e-07 5.3236721679e-24
1.5786725650e-01 1.8329807108e-07 2.7561177809e-24
1.7504719864e-01 1.8329807108e-07 9.7460957029e-25
1.9409675211e-01 1.8329807108e-07 2.0713962278e-25
2.1521937781e-01 1.8329807108e-07 2.0999332005e-26
2.3864067833e-01 1.8329807108e-07 7.2289551334e-28
2.6461080752e-01 1.8329807108e-07 4.6143819088e-30
2.9340714225e-01 1.8329807108e-07 2.2159148428e-33
3.2533724503e-01 1.8329807108e-07 2.0278503054e-38
3.6074214893e-01 1.8329807108e-07 3.3869273930e-46
4.0000000000e-01 1.8329807108e-07 nan
2.0000000000e-02 3.3598182863e-07 6.9160177182e-26
2.2176504808e-02 3.3598182863e-07 1.0739872699e-25
2.4589868274e-02 3.3598182863e-07 1.6665235333e-25
2.7265866600e-02 3.3598182863e-07 2.6474047368e-25
3.0233081086e-02 3.3598182863e-07 4.0861617302e-25
3.3523203403e-02 3.3598182863e-07 6.5122654834e-25
3.7171374071e-02 3.3598182863e-07 9.9289269122e-25
4.1216557790e-02 3.3598182863e-07 1.5194625588e-24
4.5701959599e-02 3.3598182863e-07 2.3047792463e-24
5.0675486338e-02 3.3598182863e-07 3.4948935577e-24
5.6190258320e-02 3.3598182863e-07 5.2744766411e-24
6.2305176688e-02 3.3598182863e-07 7.8157147609e-24
6.9085552518e-02 3.3598182863e-07 1.1283827035e-23
7.6603804377e-02 3.3598182863e-07 1.5714681452e-23
8.4940231802e-02 3.3598182863e-07 2.0852183807e-23
9.4183872945e-02 3.3598182863e-07 2.5940615688e-23
1.0443345556e-01 3.3598182863e-07 2.9577166256e-23
1.1579845146e-01 3.3598182863e-07 2.9953652700e-23
1.2840024578e-01 3.3598182863e-07 2.5820462929e-23
1.4237343339e-01 3.3598182863e-07 1.7886571100e-23
1.5786725650e-01 3.3598182863e-07 9.2600549194e-24
1.7504719864e-01 3.3598182863e-07 3.2745110563e-24
1.9409675211e-01 3.3598182863e-07 6.9595149242e-25
2.1521937781e-01 3.3598182863e-07 7.0553939671e-26
2.3864067833e-01 3.3598182863e-07 2.4287975648e-27
2.6461080752e-01 3.3598182863e-07 1.5503484717e-29
2.9340714225e-01 3.3598182863e-07 7.4450712096e-33
3.2533724503e-01 3.3598182863e-07 6.8132085380e-38
3.6074214893e-01 3.3598182863e-07 1.1379460589e-45
4.0000000000e-01 3.3598182863e-07 nan
2.0000000000e-02 6.1584821107e-07 2.3236562798e-25
2.2176504808e-02 6.1584821107e-07 3.6084020687e-25
2.4589868274e-02 6.1584821107e-07 5.5992162418e-25
2.7265866600e-02 6.1584821107e-07 8.8947988460e-25
3.0233081086e-02 6.1584821107e-07 1.3728760902e-24
3.3523203403e-02 6.1584821107e-07 2.1880028656e-24
3.7171374071e-02 6.1584821107e-07 3.3359390203e-24
4.1216557790e-02 6.1584821107e-07 5.1051180904e-24
4.5701959599e-02 6.1584821107e-07 7.7436394577e-24
5.0675486338e-02 6.1584821107e-07 1.1742207284e-23
5.6190258320e-02 6.1584821107e-07 1.7721283069e-23
6.2305176688e-02 6.1584821107e-07 2.6259381374e-23
6.9085552518e-02 6.1584821107e-07 3.7911608410e-23
7.6603804377e-02 6.1584821107e-07 5.2798474107e-23
8.4940231802e-02 6.1584821107e-07 7.0059548465e-23
9.4183872945e-02 6.1584821107e-07 8.7155754947e-23
1.0443345556e-01 6.1584821107e-07 9.9373904044e-23
1.1579845146e-01 6.1584821107e-07 1.0063883008e-22
1.2840024578e-01 6.1584821107e-07 8.6752063508e-23
1.4237343339e-01 6.1584821107e-07 6.0095628660e-23
1.5786725650e-01 6.1584821107e-07 3.1112101850e-23
1.7504719864e-01 6.1584821107e-07 1.1001762125e-23
1.9409675211e-01 6.1584821107e-07 2.3382705506e-24
2.1521937781e-01 6.1584821107e-07 2.3704841668e-25
2.3864067833e-01 6.1584821107e-07 8.1603184719e-27
2.6461080752e-01 6.1584821107e-07 5.2088891454e-29
2.9340714225e-01 6.1584821107e-07 2.5014086393e-32
3.2533724503e-01 6.1584821107e-07 2.2891142634e-37
3.6074214893e-01 6.1584821107e-07 3.8232919776e-45
4.0000000000e-01 6.1584821107e-07 nan
2.0000000000e-02 1.1288378917e-06 7.8070628599e-25
2.2176504808e-02 1.1288378917e-06 1.2123575255e-24
2.4589868274e-02 1.1288378917e-06 1.8812349118e-24
2.7265866600e-02 1.1288378917e-06 2.9884907816e-24
3.0233081086e-02 1.1288378917e-06 4.6126141926e-24
3.3523203403e-02 1.1288378917e-06 7.3512920384e-24
3.7171374071e-02 1.1288378917e-06 1.1208148922e-23
4.1216557790e-02 1.1288378917e-06 1.7152269114e-23
4.5701959599e-02 1.1288378917e-06 2.6017221452e-23
5.0675486338e-02 1.1288378917e-06 3.9451682754e-23
5.6190258320e-02 1.1288378917e-06 5.9540290913e-23
6.2305176688e-02 1.1288378917e-06 8.8226749727e-23
6.9085552518e-02 1.1288378917e-06 1.2737611520e-22
7.6603804377e-02 1.1288378917e-06 1.7739327879e-22
8.4940231802e-02 1.1288378917e-06 2.3538735206e-22
9.4183872945e-02 1.1288378917e-06 2.9282749923e-22
1.0443345556e-01 1.1288378917e-06 3.3387825999e-22
1.1579845146e-01 1.1288378917e-06 3.3812818162e-22
1.2840024578e-01 1.1288378917e-06 2.9147116935e-22
1.4237343339e-01 1.1288378917e-06 2.0191039210e-22
1.5786725650e-01 1.1288378917e-06 1.0453100872e-22
1.7504719864e-01 1.1288378917e-06 3.6963921571e-23
1.9409675211e-01 1.1288378917e-06 7.8561641543e-24
2.1521937781e-01 1.1288378917e-06 7.9643960510e-25
2.3864067833e-01 1.1288378917e-06 2.7417187224e-26
2.6461080752e-01 1.1288378917e-06 1.7500921002e-28
2.9340714225e-01 1.1288378917e-06 8.4042784878e-32
3.2533724503e-01 1.1288378917e-06 7.6910079618e-37
3.6074214893e-01 1.1288378917e-06 1.2845566300e-44
4.0000000000e-01 1.1288378917e-06 nan
2.0000000000e-02 2.0691380811e-06 2.6230312559e-24
2.2176504808e-02 2.0691380811e-06 4.0733009836e-24
2.4589868274e-02 2.0691380811e-06 6.3206074575e-24
2.7265866600e-02 2.0691380811e-06 1.0040785976e-23
3.0233081086e-02 2.0691380811e-06 1.5497545512e-23
3.3523203403e-02 2.0691380811e-06 2.4699005418e-23
3.7171374071e-02 2.0691380811e-06 3.7657343704e-23
4.1216557790e-02 2.0691380811e-06 5.7628507419e-23
4.5701959599e-02 2.0691380811e-06 8.7413136394e-23
5.0675486338e-02 2.0691380811e-06 1.3255048514e-22
5.6190258320e-02 2.0691380811e-06 2.0004455818e-22
6.2305176688e-02 2.0691380811e-06 2.9642584707e-22
6.9085552518e-02 2.0691380811e-06 4.2796060108e-22
7.6603804377e-02 2.0691380811e-06 5.9600918195e-22
8.4940231802e-02 2.0691380811e-06 7.9085872982e-22
9.4183872945e-02 2.0691380811e-06 9.8384718663e-22
1.0443345556e-01 2.0691380811e-06 1.1217702833e-21
1.1579845146e-01 2.0691380811e-06 1.1360492477e-21
1.2840024578e-01 2.0691380811e-06 9.7929016472e-22
1.4237343339e-01 2.0691380811e-06 6.7838222758e-22
1.5786725650e-01 2.0691380811e-06 3.5120519459e-22
1.7504719864e-01 2.0691380811e-06 1.2419205963e-22
1.9409675211e-01 2.0691380811e-06 2.6395283986e-23
2.1521937781e-01 2.0691380811e-06 2.6758923492e-24
2.3864067833e-01 2.0691380811e-06 9.2116766998e-26
2.6461080752e-01 2.0691380811e-06 5.8799914413e-28
2.9340714225e-01 2.0691380811e-06 2.8236848548e-31
3.2533724503e-01 2.0691380811e-06 2.5840389191e-36
3.6074214893e-01 2.0691380811e-06 4.3158768556e-44
4.0000000000e-01 2.0691380811e-06 nan
2.0000000000e-02 3.7926901907e-06 8.8129083791e-24
2.2176504808e-02 3.7926901907e-06 1.3685551130e-23
2.4589868274e-02 3.7926901907e-06 2.1236092516e-23
2.7265866600e-02 3.7926901907e-06 3.3735216332e-23
3.0233081086e-02 3.7926901907e-06 5.2068936804e-23
3.3523203403e-02 3.7926901907e-06 8.2984170059e-23
3.7171374071e-02 3.7926901907e-06 1.2652183199e-22
4.1216557790e-02 3.7926901907e-06 1.9362131304e-22
4.5701959599e-02 3.7926901907e-06 2.9369225412e-22
5.0675486338e-02 3.7926901907e-06 4.4534554384e-22
5.6190258320e-02 3.7926901907e-06 6.7211336465e-22
6.2305176688e-02 3.7926901907e-06 9.9593698154e-22
6.9085552518e-02 3.7926901907e-06 1.4378698533e-21
7.6603804377e-02 3.7926901907e-06 2.0024825484e-21
8.4940231802e-02 3.7926901907e-06 2.6571416224e-21
9.4183872945e-02 3.7926901907e-06 3.3055477687e-21
1.0443345556e-01 3.7926901907e-06 3.7689443110e-21
1.1579845146e-01 3.7926901907e-06 3.8169190368e-21
1.2840024578e-01 3.7926901907e-06 3.2902370032e-21
1.4237343339e-01 3.7926901907e-06 2.2792410134e-21
1.5786725650e-01 3.7926901907e-06 1.1799856351e-21
1.7504719864e-01 3.7926901907e-06 4.1726275299e-22
1.9409675211e-01 3.7926901907e-06 8.8683357819e-23
2.1521937781e-01 3.7926901907e-06 8.9905120481e-24
2.3864067833e-01 3.7926901907e-06 3.0949559828e-25
2.6461080752e-01 3.7926901907e-06 1.9755702771e-27
2.9340714225e-01 3.7926901907e-06 9.4870680116e-31
3.2533724503e-01 3.7926901907e-06 8.6819012147e-36
3.6074214893e-01 3.7926901907e-06 1.4500561983e-43
4.0000000000e-01 3.7926901907e-06 nan
2.0000000000e-02 6.9519279618e-06 2.9609770728e-23
2.2176504808e-02 6.9519279618e-06 4.5980964945e-23
2.4589868274e-02 6.9519279618e-06 7.1349411966e-23
2.7265866600e-02 6.9519279618e-06 1.1334419673e-22
3.0233081086e-02 6.9519279618e-06 1.7494216602e-22
3.3523203403e-02 6.9519279618e-06 2.7881173204e-22
3.7171374071e-02 6.9519279618e-06 4.2509036475e-22
4.1216557790e-02 6.9519279618e-06 6.5053242818e-22
4.5701959599e-02 6.9519279618e-06 9.8675260596e-22
5.0675486338e-02 6.9519279618e-06 1.4962801020e-21
5.6190258320e-02 6.9519279618e-06 2.2581787731e-21
6.2305176688e-02 6.9519279618e-06 3.3461672827e-21
6.9085552518e-02 6.9519279618e-06 4.8309814268e-21
7.6603804377e-02 6.9519279618e-06 6.7279774844e-21
8.4940231802e-02 6.9519279618e-06 8.9275130129e-21
9.4183872945e-02 6.9519279618e-06 1.1106039840e-20
1.0443345556e-01 6.9519279618e-06 1.2662968018e-20
1.1579845146e-01 6.9519279618e-06 1.2824154379e-20
1.2840024578e-01 6.9519279618e-06 1.1054598451e-20
1.4237343339e-01 6.9519279618e-06 7.6578356374e-21
1.5786725650e-01 6.9519279618e-06 3.9645373154e-21
1.7504719864e-01 6.9519279618e-06 1.4019270281e-21
1.9409675211e-01 6.9519279618e-06 2.9795996739e-22
2.1521937781e-01 6.9519279618e-06 3.0206486795e-23
2.3864067833e-01 6.9519279618e-06 1.0398489711e-24
2.6461080752e-01 6.9519279618e-06 6.6375571465e-27
2.9340714225e-01 6.9519279618e-06 3.1874824608e-30
3.2533724503e-01 6.9519279618e-06 2.9169610480e-35
3.6074214893e-01 6.9519279618e-06 4.8719253343e-43
4.0000000000e-01 6.9519279618e-06 nan
2.0000000000e-02 1.2742749857e-05 9.9483449145e-23
2.2176504808e-02 1.2742749857e-05 1.5448768685e-22
2.4589868274e-02 1.2742749857e-05 2.3972105905e-22
2.7265866600e-02 1.2742749857e-05 3.8081590482e-22
3.0233081086e-02 1.2742749857e-05 5.8777388848e-22
3.3523203403e-02 1.2742749857e-05 9.3675675579e-22
3.7171374071e-02 1.2742749857e-05 1.4282263809e-21
4.1216557790e-02 1.2742749857e-05 2.1856707482e-21
4.5701959599e-02 1.2742749857e-05 3.3153094499e-21
5.0675486338e-02 1.2742749857e-05 5.0272292485e-21
5.6190258320e-02 1.2742749857e-05 7.5870703366e-21
6.2305176688e-02 1.2742749857e-05 1.1242514027e-20
6.9085552518e-02 1.2742749857e-05 1.6231219742e-20
7.6603804377e-02 1.2742749857e-05 2.2604781787e-20
8.4940231802e-02 1.2742749857e-05 2.9994821480e-20
9.4183872945e-02 1.2742749857e-05 3.7314275757e-20
1.0443345556e-01 1.2742749857e-05 4.2545271522e-20
1.1579845146e-01 1.2742749857e-05 4.3086828410e-20
1.2840024578e-01 1.2742749857e-05 3.7141442046e-20
1.4237343339e-01 1.2742749857e-05 2.5728936226e-20
1.5786725650e-01 1.2742749857e-05 1.3320124980e-20
1.7504719864e-01 1.2742749857e-05 4.7102200697e-21
1.9409675211e-01 1.2742749857e-05 1.0010913482e-21
2.1521937781e-01 1.2742749857e-05 1.0148830684e-22
2.3864067833e-01 1.2742749857e-05 3.4937035938e-24
2.6461080752e-01 1.2742749857e-05 2.2300985919e-26
2.9340714225e-01 1.2742749857e-05 1.0709361881e-29
3.2533724503e-01 1.2742749857e-05 9.8004590909e-35
3.6074214893e-01 1.2742749857e-05 1.6368783861e-42
4.0000000000e-01 1.2742749857e-05 nan
2.0000000000e-02 2.3357214691e-05 3.3424631165e-22
2.2176504808e-02 2.3357214691e-05 5.1905055533e-22
2.4589868274e-02 2.3357214691e-05 8.0541919788e-22
2.7265866600e-02 2.3357214691e-05 1.2794722409e-21
3.0233081086e-02 2.3357214691e-05 1.9748134590e-21
3.3523203403e-02 2.3357214691e-05 3.1473324785e-21
3.7171374071e-02 2.3357214691e-05 4.7985811126e-21
4.1216557790e-02 2.3357214691e-05 7.3434565496e-21
4.5701959599e-02 2.3357214691e-05 1.1138837318e-20
5.0675486338e-02 2.3357214691e-05 1.6890576765e-20
5.6190258320e-02 2.3357214691e-05 2.5491177668e-20
6.2305176688e-02 2.3357214691e-05 3.7772804233e-20
6.9085552518e-02 2.3357214691e-05 5.4533948933e-20
7.6603804377e-02 2.3357214691e-05 7.5947959265e-20
8.4940231802e-02 2.3357214691e-05 1.0077714980e-19
9.4183872945e-02 2.3357214691e-05 1.2536918617e-19
1.0443345556e-01 2.3357214691e-05 1.4294438145e-19
1.1579845146e-01 2.3357214691e-05 1.4476391422e-19
1.2840024578e-01 2.3357214691e-05 1.2478849641e-19
1.4237343339e-01 2.3357214691e-05 8.6444550619e-20
1.5786725650e-01 2.3357214691e-05 4.4753199608e-20
1.7504719864e-01 2.3357214691e-05 1.5825483575e-20
1.9409675211e-01 2.3357214691e-05 3.3634850312e-21
2.1521937781e-01 2.3357214691e-05 3.4098227075e-22
2.3864067833e-01 2.3357214691e-05 1.1738209286e-23
2.6461080752e-01 2.3357214691e-05 7.4927260763e-26
2.9340714225e-01 2.3357214691e-05 3.5981510136e-29
3.2533724503e-01 2.3357214691e-05 3.2927761910e-34
3.6074214893e-01 2.3357214691e-05 5.4996139718e-42
4.0000000000e-01 2.3357214691e-05 nan
2.0000000000e-02 4.2813323987e-05 1.1230068703e-21
2.2176504808e-02 4.2813323987e-05 1.7439155479e-21
2.4589868274e-02 4.2813323987e-05 2.7060621502e-21
2.7265866600e-02 4.2813323987e-05 4.2987942336e-21
3.0233081086e-02 4.2813323987e-05 6.6350143751e-21
3.3523203403e-02 4.2813323987e-05 1.0574465221e-20
3.7171374071e-02 4.2813323987e-05 1.6122360582e-20
4.1216557790e-02 4.2813323987e-05 2.4672679622e-20
4.5701959599e-02 4.2813323987e-05 3.7424469349e-20
5.0675486338e-02 4.2813323987e-05 5.6749268754e-20
5.6190258320e-02 4.2813323987e-05 8.5645725000e-20
6.2305176688e-02 4.2813323987e-05 1.2690975862e-19
6.9085552518e-02 4.2813323987e-05 1.8322415925e-19
7.6603804377e-02 4.2813323987e-05 2.5517134302e-19
8.4940231802e-02 4.2813323987e-05 3.3859291180e-19
9.4183872945e-02 4.2813323987e-05 4.2121768582e-19
1.0443345556e-01 4.2813323987e-05 4.8026714889e-19
1.1579845146e-01 4.2813323987e-05 4.8638044886e-19
1.2840024578e-01 4.2813323987e-05 4.1926667488e-19
1.4237343339e-01 4.2813323987e-05 2.9043798419e-19
1.5786725650e-01 4.2813323987e-05 1.5036261982e-19
1.7504719864e-01 4.2813323987e-05 5.3170749698e-20
1.9409675211e-01 4.2813323987e-05 1.1300698664e-20
2.1521937781e-01 4.2813323987e-05 1.1456384866e-21
2.3864067833e-01 4.2813323987e-05 3.9438250931e-23
2.6461080752e-01 4.2813323987e-05 2.5174198617e-25
2.9340714225e-01 4.2813323987e-05 1.2089133856e-28
3.2533724503e-01 4.2813323987e-05 1.1063129933e-33
3.6074214893e-01 4.2813323987e-05 1.8477704016e-41
4.0000000000e-01 4.2813323987e-05 nan
2.0000000000e-02 7.8475997035e-05 3.7730990218e-21
2.2176504808e-02 7.8475997035e-05 5.8592393536e-21
2.4589868274e-02 7.8475997035e-05 9.0918771074e-21
2.7265866600e-02 7.8475997035e-05 1.4443167497e-20
3.0233081086e-02 7.8475997035e-05 2.2292442667e-20
3.3523203403e-02 7.8475997035e-05 3.5528281692e-20
3.7171374071e-02 7.8475997035e-05 5.4168202040e-20
4.1216557790e-02 7.8475997035e-05 8.2895720416e-20
4.5701959599e-02 7.8475997035e-05 1.2573941693e-19
5.0675486338e-02 7.8475997035e-05 1.9066723171e-19
5.6190258320e-02 7.8475997035e-05 2.8775407448e-19
6.2305176688e-02 7.8475997035e-05 4.2639373036e-19
6.9085552518e-02 7.8475997035e-05 6.1559988530e-19
7.6603804377e-02 7.8475997035e-05 8.5732935202e-19
8.4940231802e-02 7.8475997035e-05 1.1376106688e-18
9.4183872945e-02 7.8475997035e-05 1.4152149014e-18
1.0443345556e-01 7.8475997035e-05 1.6136103738e-18
1.1579845146e-01 7.8475997035e-05 1.6341499561e-18
1.2840024578e-01 7.8475997035e-05 1.4086598720e-18
1.4237343339e-01 7.8475997035e-05 9.7581887594e-19
1.5786725650e-01 7.8475997035e-05 5.0519109550e-19
1.7504719864e-01 7.8475997035e-05 1.7864406383e-19
1.9409675211e-01 7.8475997035e-05 3.7968295710e-20
2.1521937781e-01 7.8475997035e-05 3.8491373396e-21
2.3864067833e-01 7.8475997035e-05 1.3250536483e-22
2.6461080752e-01 7.8475997035e-05 8.4580738855e-25
2.9340714225e-01 7.8475997035e-05 4.0617296206e-28
3.2533724503e-01 7.8475997035e-05 3.7170109342e-33
3.6074214893e-01 7.8475997035e-05 6.2081732647e-41
4.0000000000e-01 7.8475997035e-05 nan
2.0000000000e-02 1.4384498883e-04 1.2676927127e-20
2.2176504808e-02 1.4384498883e-04 1.9685979594e-20
2.4589868274e-02 1.4384498883e-04 3.0547055091e-20
2.7265866600e-02 1.4384498883e-04 4.8526418511e-20
3.0233081086e-02 1.4384498883e-04 7.4898556967e-20
3.3523203403e-02 1.4384498883e-04 1.1936857136e-19
3.7171374071e-02 1.4384498883e-04 1.8199531730e-19
4.1216557790e-02 1.4384498883e-04 2.7851456014e-19
4.5701959599e-02 1.4384498883e-04 4.2246159742e-19
5.0675486338e-02 1.4384498883e-04 6.4060726100e-19
5.6190258320e-02 1.4384498883e-04 9.6680141817e-19
6.2305176688e-02 1.4384498883e-04 1.4326054822e-18
6.9085552518e-02 1.4384498883e-04 2.0683038031e-18
7.6603804377e-02 1.4384498883e-04 2.8804709201e-18
8.4940231802e-02 1.4384498883e-04 3.8221652642e-18
9.4183872945e-02 1.4384498883e-04 4.7548651083e-18
1.0443345556e-01 1.4384498883e-04 5.4214379191e-18
1.1579845146e-01 1.4384498883e-04 5.4904472428e-18
1.2840024578e-01 1.4384498883e-04 4.7328415461e-18
1.4237343339e-01 1.4384498883e-04 3.2785743928e-18
1.5786725650e-01 1.4384498883e-04 1.6973504598e-18
1.7504719864e-01 1.4384498883e-04 6.0021166796e-19
1.9409675211e-01 1.4384498883e-04 1.2756659334e-19
2.1521937781e-01 1.4384498883e-04 1.2932404312e-20
2.3864067833e-01 1.4384498883e-04 4.4519404012e-22
2.6461080752e-01 1.4384498883e-04 2.8417598080e-24
2.9340714225e-01 1.4384498883e-04 1.3646677076e-27
3.2533724503e-01 1.4384498883e-04 1.2488484795e-32
3.6074214893e-01 1.4384498883e-04 2.0858339485e-40
4.0000000000e-01 1.4384498883e-04 nan
2.0000000000e-02 2.6366508987e-04 4.2592172006e-20
2.2176504808e-02 2.6366508987e-04 6.6141315014e-20
2.4589868274e-02 2.6366508987e-04 1.0263255575e-19
2.7265866600e-02 2.6366508987e-04 1.6303995104e-19
3.0233081086e-02 2.6366508987e-04 2.5164554637e-19
3.3523203403e-02 2.6366508987e-04 4.0105671848e-19
3.7171374071e-02 2.6366508987e-04 6.1147121255e-19
4.1216557790e-02 2.6366508987e-04 9.3575834407e-19
4.5701959599e-02 2.6366508987e-04 1.4193942581e-18
5.0675486338e-02 2.6366508987e-04 2.1523240947e-18
5.6190258320e-02 2.6366508987e-04 3.2482772734e-18
6.2305176688e-02 2.6366508987e-04 4.8132944320e-18
6.9085552518e-02 2.6366508987e-04 6.9491255201e-18
7.6603804377e-02 2.6366508987e-04 9.6778598397e-18
8.4940231802e-02 2.6366508987e-04 1.2841782289e-17
9.4183872945e-02 2.6366508987e-04 1.5975485038e-17
1.0443345556e-01 2.6366508987e-04 1.8215049400e-17
1.1579845146e-01 2.6366508987e-04 1.8446908860e-17
1.2840024578e-01 2.6366508987e-04 1.5901491511e-17
1.4237343339e-01 2.6366508987e-04 1.1015417464e-17
1.5786725650e-01 2.6366508987e-04 5.7027911348e-18
1.7504719864e-01 2.6366508987e-04 2.0166029908e-18
1.9409675211e-01 2.6366508987e-04 4.2860078876e-19
2.1521937781e-01 2.6366508987e-04 4.3450554361e-20
2.3864067833e-01 2.6366508987e-04 1.4957721191e-21
2.6461080752e-01 2.6366508987e-04 9.5478042135e-24
2.9340714225e-01 2.6366508987e-04 4.5850396082e-27
3.2533724503e-01 2.6366508987e-04 4.1959078952e-32
3.6074214893e-01 2.6366508987e-04 7.0080291670e-40
4.0000000000e-01 2.6366508987e-04 nan
2.0000000000e-02 4.8329302386e-04 1.4310196320e-19
2.2176504808e-02 4.8329302386e-04 2.2222280859e-19
2.4589868274e-02 4.8329302386e-04 3.4482675402e-19
2.7265866600e-02 4.8329302386e-04 5.4778463997e-19
3.0233081086e-02 4.8329302386e-04 8.4548336549e-19
3.3523203403e-02 4.8329302386e-04 1.3474778051e-18
3.7171374071e-02 4.8329302386e-04 2.0544323587e-18
4.1216557790e-02 4.8329302386e-04 3.1439783563e-18
4.5701959599e-02 4.8329302386e-04 4.7689074369e-18
5.0675486338e-02 4.8329302386e-04 7.2314190357e-18
5.6190258320e-02 4.8329302386e-04 1.0913623520e-17
6.2305176688e-02 4.8329302386e-04 1.6171798442e-17
6.9085552518e-02 4.8329302386e-04 2.3347805553e-17
7.6603804377e-02 4.8329302386e-04 3.2515861402e-17
8.4940231802e-02 4.8329302386e-04 4.3146072361e-17
9.4183872945e-02 4.8329302386e-04 5.3674752709e-17
1.0443345556e-01 4.8329302386e-04 6.1199291527e-17
1.1579845146e-01 4.8329302386e-04 6.1978304765e-17
1.2840024578e-01 4.8329302386e-04 5.3426166419e-17
1.4237343339e-01 4.8329302386e-04 3.7009837895e-17
1.5786725650e-01 4.8329302386e-04 1.9160364758e-17
1.7504719864e-01 4.8329302386e-04 6.7754292360e-18
1.9409675211e-01 4.8329302386e-04 1.4400232030e-18
2.1521937781e-01 4.8329302386e-04 1.4598625911e-19
2.3864067833e-01 4.8329302386e-04 5.0255342820e-21
2.6461080752e-01 4.8329302386e-04 3.2078973494e-23
2.9340714225e-01 4.8329302386e-04 1.5404946084e-26
3.2533724503e-01 4.8329302386e-04 1.4097532518e-31
3.6074214893e-01 4.8329302386e-04 2.3545773684e-39
4.0000000000e-01 4.8329302386e-04 nan
2.0000000000e-02 8.8586679041e-04 4.8079664745e-19
2.2176504808e-02 8.8586679041e-04 7.4662835669e-19
2.4589868274e-02 8.8586679041e-04 1.1585554195e-18
2.7265866600e-02 8.8586679041e-04 1.8404572012e-18
3.0233081086e-02 8.8586679041e-04 2.8406711169e-18
3.3523203403e-02 8.8586679041e-04 4.5272817943e-18
3.7171374071e-02 8.8586679041e-04 6.9025216335e-18
4.1216557790e-02 8.8586679041e-04 1.0563200041e-17
4.5701959599e-02 8.8586679041e-04 1.6022669784e-17
5.0675486338e-02 8.8586679041e-04 2.4296267279e-17
5.6190258320e-02 8.8586679041e-04 3.6667816005e-17
6.2305176688e-02 8.8586679041e-04 5.4334346933e-17
6.9085552518e-02 8.8586679041e-04 7.8444458053e-17
7.6603804377e-02 8.8586679041e-04 1.0924750923e-16
8.4940231802e-02 8.8586679041e-04 1.4496315930e-16
9.4183872945e-02 8.8586679041e-04 1.8033770856e-16
1.0443345556e-01 8.8586679041e-04 2.0561889913e-16
1.1579845146e-01 8.8586679041e-04 2.0823632768e-16
1.2840024578e-01 8.8586679041e-04 1.7950271279e-16
1.4237343339e-01 8.8586679041e-04 1.2434674632e-16
1.5786725650e-01 8.8586679041e-04 6.4375601497e-17
1.7504719864e-01 8.8586679041e-04 2.2764319765e-17
1.9409675211e-01 8.8586679041e-04 4.8382437816e-18
2.1521937781e-01 8.8586679041e-04 4.9049059930e-19
2.3864067833e-01 8.8586679041e-04 1.6885014778e-20
2.6461080752e-01 8.8586679041e-04 1.0778049597e-22
2.9340714225e-01 8.8586679041e-04 5.1758340672e-26
3.2533724503e-01 8.8586679041e-04 4.7365649237e-31
3.6074214893e-01 8.8586679041e-04 7.9110301436e-39
4.0000000000e-01 8.8586679041e-04 nan
2.0000000000e-02 1.6237767392e-03 1.6153899853e-18
2.2176504808e-02 1.6237767392e-03 2.5085367432e-18
2.4589868274e-02 1.6237767392e-03 3.8925377808e-18
2.7265866600e-02 1.6237767392e-03 6.1836057211e-18
3.0233081086e-02 1.6237767392e-03 9.5441460430e-18
3.3523203403e-02 1.6237767392e-03 1.5210857982e-17
3.7171374071e-02 1.6237767392e-03 2.3191243543e-17
4.1216557790e-02 1.6237767392e-03 3.5490478579e-17
4.5701959599e-02 1.6237767392e-03 5.3833342155e-17
5.0675486338e-02 1.6237767392e-03 8.1631193982e-17
5.6190258320e-02 1.6237767392e-03 1.2319747116e-16
6.2305176688e-02 1.6237767392e-03 1.8255401561e-16
6.9085552518e-02 1.6237767392e-03 2.6355996010e-16
7.6603804377e-02 1.6237767392e-03 3.6705317329e-16
8.4940231802e-02 1.6237767392e-03 4.8705209049e-16
9.4183872945e-02 1.6237767392e-03 6.0590523720e-16
1.0443345556e-01 1.6237767392e-03 6.9084665665e-16
1.1579845146e-01 1.6237767392e-03 6.9964170753e-16
1.2840024578e-01 1.6237767392e-03 6.0310216240e-16
1.4237343339e-01 1.6237767392e-03 4.1778717018e-16
1.5786725650e-01 1.6237767392e-03 2.1629323110e-16
1.7504719864e-01 1.6237767392e-03 7.6485205094e-17
1.9409675211e-01 1.6237767392e-03 1.6255930265e-17
2.1521937781e-01 1.6237767392e-03 1.6479964957e-18
2.3864067833e-01 1.6237767392e-03 5.6732080487e-20
2.6461080752e-01 1.6237767392e-03 3.6213387857e-22
2.9340714225e-01 1.6237767392e-03 1.7390450199e-25
3.2533724503e-01 1.6237767392e-03 1.5914563760e-30
3.6074214893e-01 1.6237767392e-03 2.6580504689e-38
4.0000000000e-01 1.6237767392e-03 nan
2.0000000000e-02 2.9763514416e-03 5.4274237799e-18
2.2176504808e-02 2.9763514416e-03 8.4282404611e-18
2.4589868274e-02 2.9763514416e-03 1.3078243285e-17
2.7265866600e-02 2.9763514416e-03 2.0775836293e-17
3.0233081086e-02 2.9763514416e-03 3.2066678570e-17
3.3523203403e-02 2.9763514416e-03 5.1105874833e-17
3.7171374071e-02 2.9763514416e-03 7.7918647892e-17
4.1216557790e-02 2.9763514416e-03 1.1924207728e-16
4.5701959599e-02 2.9763514416e-03 1.8087118678e-16
5.0675486338e-02 2.9763514416e-03 2.7426768158e-16
5.6190258320e-02 2.9763514416e-03 4.1392419170e-16
6.2305176688e-02 2.9763514416e-03 6.1335377453e-16
6.9085552518e-02 2.9763514416e-03 8.8552300469e-16
7.6603804377e-02 2.9763514416e-03 1.2332477004e-15
8.4940231802e-02 2.9763514416e-03 1.6364315467e-15
9.4183872945e-02 2.9763514416e-03 2.0357688182e-15
1.0443345556e-01 2.9763514416e-03 2.3211702460e-15
1.1579845146e-01 2.9763514416e-03 2.3507309299e-15
1.2840024578e-01 2.9763514416e-03 2.0263776283e-15
1.4237343339e-01 2.9763514416e-03 1.4037420076e-15
1.5786725650e-01 2.9763514416e-03 7.2673877956e-16
1.7504719864e-01 2.9763514416e-03 2.5699024459e-16
1.9409675211e-01 2.9763514416e-03 5.4620474919e-17
2.1521937781e-01 2.9763514416e-03 5.5373888097e-18
2.3864067833e-01 2.9763514416e-03 1.9062640332e-19
2.6461080752e-01 2.9763514416e-03 1.2168281662e-21
2.9340714225e-01 2.9763514416e-03 5.8435392724e-25
3.2533724503e-01 2.9763514416e-03 5.3476434580e-30
3.6074214893e-01 2.9763514416e-03 8.9315608401e-38
4.0000000000e-01 2.9763514416e-03 nan
2.0000000000e-02 5.4555947812e-03 1.8235236317e-17
2.2176504808e-02 5.4555947812e-03 2.8317501358e-17
2.4589868274e-02 5.4555947812e-03 4.3940788124e-17
2.7265866600e-02 5.4555947812e-03 6.9803539468e-17
3.0233081086e-02 5.4555947812e-03 1.0773914059e-16
3.3523203403e-02 5.4555947812e-03 1.7170821418e-16
3.7171374071e-02 5.4555947812e-03 2.6179570117e-16
4.1216557790e-02 5.4555947812e-03 4.0063756318e-16
4.5701959599e-02 5.4555947812e-03 6.0770492512e-16
5.0675486338e-02 5.4555947812e-03 9.2150879952e-16
5.6190258320e-02 5.4555947812e-03 1.3907447832e-15
6.2305176688e-02 5.4555947812e-03 2.0608188018e-15
6.9085552518e-02 5.4555947812e-03 2.9753028470e-15
7.6603804377e-02 5.4555947812e-03 4.1436658168e-15
8.4940231802e-02 5.4555947812e-03 5.4983951460e-15
9.4183872945e-02 5.4555947812e-03 6.8402346127e-15
1.0443345556e-01 5.4555947812e-03 7.7992861243e-15
1.1579845146e-01 5.4555947812e-03 7.8987278199e-15
1.2840024578e-01 5.4555947812e-03 6.8089825518e-15
1.4237343339e-01 5.4555947812e-03 4.7169167254e-15
1.5786725650e-01 5.4555947812e-03 2.4420807966e-15
1.7504719864e-01 5.4555947812e-03 8.6359690949e-16
1.9409675211e-01 5.4555947812e-03 1.8355441473e-16
2.1521937781e-01 5.4555947812e-03 1.8609361715e-17
2.3864067833e-01 5.4555947812e-03 6.4066108790e-19
2.6461080752e-01 5.4555947812e-03 4.0897227406e-21
2.9340714225e-01 5.4555947812e-03 1.9640724652e-24
3.2533724503e-01 5.4555947812e-03 1.7974324031e-29
3.6074214893e-01 5.4555947812e-03 3.0019638270e-37
4.0000000000e-01 5.4555947812e-03 nan
2.0000000000e-02 1.0000000000e-02 6.1267968308e-17
2.2176504808e-02 1.0000000000e-02 9.5143294974e-17
2.4589868274e-02 1.0000000000e-02 1.4763607951e-16
2.7265866600e-02 1.0000000000e-02 2.3453290646e-16
3.0233081086e-02 1.0000000000e-02 3.6199440516e-16
3.3523203403e-02 1.0000000000e-02 5.7692828100e-16
3.7171374071e-02 1.0000000000e-02 8.7962214232e-16
4.1216557790e-02 1.0000000000e-02 1.3461354642e-15
4.5701959599e-02 1.0000000000e-02 2.0418978254e-15
5.0675486338e-02 1.0000000000e-02 3.0963191639e-15
5.6190258320e-02 1.0000000000e-02 4.6730416276e-15
6.2305176688e-02 1.0000000000e-02 6.9246717674e-15
6.9085552518e-02 1.0000000000e-02 9.9976787052e-15
7.6603804377e-02 1.0000000000e-02 1.3923969466e-14
8.4940231802e-02 1.0000000000e-02 1.8476797640e-14
9.4183872945e-02 1.0000000000e-02 2.2986701232e-14
1.0443345556e-01 1.0000000000e-02 2.6210684933e-14
1.1579845146e-01 1.0000000000e-02 2.6546181316e-14
1.2840024578e-01 1.0000000000e-02 2.2885093554e-14
1.4237343339e-01 1.0000000000e-02 1.5854740859e-14
1.5786725650e-01 1.0000000000e-02 8.2091305958e-15
1.7504719864e-01 1.0000000000e-02 2.9032939756e-15
1.9409675211e-01 1.0000000000e-02 6.1715584605e-16
2.1521937781e-01 1.0000000000e-02 6.2577593329e-17
2.3864067833e-01 1.0000000000e-02 2.1546607354e-18
2.6461080752e-01 1.0000000000e-02 1.3756538535e-20
2.9340714225e-01 1.0000000000e-02 6.6073825722e-24
3.2533724503e-01 1.0000000000e-02 6.0471816379e-29
3.6074214893e-01 1.0000000000e-02 1.0098689002e-36
4.0000000000e-01 1.0000000000e-02 nan
