2.0000000000e-02 1.0000000000e-07 1.8786852919e-25
2.2176504808e-02 1.0000000000e-07 2.9516855096e-25
2.4589868274e-02 1.0000000000e-07 4.6567857716e-25
2.7265866600e-02 1.0000000000e-07 7.3019650823e-25
3.0233081086e-02 1.0000000000e-07 1.1399199923e-24
3.3523203403e-02 1.0000000000e-07 1.7657715012e-24
3.7171374071e-02 1.0000000000e-07 2.7134170470e-24
4.1216557790e-02 1.0000000000e-07 4.1511051683e-24
4.5701959599e-02 1.0000000000e-07 6.3250317013e-24
5.0675486338e-02 1.0000000000e-07 9.5503837767e-24
5.6190258320e-02 1.0000000000e-07 1.4571655555e-23
6.2305176688e-02 1.0000000000e-07 2.1844240926e-23
6.9085552518e-02 1.0000000000e-07 3.1944412841e-23
7.6603804377e-02 1.0000000000e-07 4.5154449317e-23
8.4940231802e-02 1.0000000000e-07 6.0963584644e-23
9.4183872945e-02 1.0000000000e-07 7.7346280124e-23
1.0443345556e-01 1.0000000000e-07 9.0092946576e-23
1.1579845146e-01 1.0000000000e-07 9.3233054273e-23
1.2840024578e-01 1.0000000000e-07 8.1996505520e-23
1.4237343339e-01 1.0000000000e-07 5.7810265363e-23
1.5786725650e-01 1.0000000000e-07 3.0381266718e-23
1.7504719864e-01 1.0000000000e-07 1.0863274099e-23
1.9409675211e-01 1.0000000000e-07 2.3187477122e-24
2.1521937781e-01 1.0000000000e-07 2.3363727406e-25
2.3864067833e-01 1.0000000000e-07 7.8136961377e-27
2.6461080752e-01 1.0000000000e-07 4.6826272922e-29
2.9340714225e-01 1.0000000000e-07 2.0182790672e-32
3.2533724503e-01 1.0000000000e-07 1.5630435825e-37
3.6074214893e-01 1.0000000000e-07 2.4335216426e-45
4.0000000000e-01 1.0000000000e-07 nan
2.0000000000e-02 1.8329807108e-07 6.3120411978e-25
2.2176504808e-02 1.8329807108e-07 9.9171269505e-25
2.4589868274e-02 1.8329807108e-07 1.5645953991e-24
2.7265866600e-02 1.8329807108e-07 2.4533275809e-24
3.0233081086e-02 1.8329807108e-07 3.8299240351e-24
3.3523203403e-02 1.8329807108e-07 5.9326713790e-24
3.7171374071e-02 1.8329807108e-07 9.1165882128e-24
4.1216557790e-02 1.8329807108e-07 1.3946959053e-23
4.5701959599e-02 1.8329807108e-07 2.1250957172e-23
5.0675486338e-02 1.8329807108e-07 3.2087554054e-23
5.6190258320e-02 1.8329807108e-07 4.8958114795e-23
6.2305176688e-02 1.8329807108e-07 7.3392680113e-23
6.9085552518e-02 1.8329807108e-07 1.0732742241e-22
7.6603804377e-02 1.8329807108e-07 1.5171074452e-22
8.4940231802e-02 1.8329807108e-07 2.0482656649e-22
9.4183872945e-02 1.8329807108e-07 2.5986944634e-22
1.0443345556e-01 1.8329807108e-07 3.0269592937e-22
1.1579845146e-01 1.8329807108e-07 3.1324612063e-22
1.2840024578e-01 1.8329807108e-07 2.7549335866e-22
1.4237343339e-01 1.8329807108e-07 1.9423198670e-22
1.5786725650e-01 1.8329807108e-07 1.0207553548e-22
1.7504719864e-01 1.8329807108e-07 3.6498626966e-23
1.9409675211e-01 1.8329807108e-07 7.7905709648e-24
2.1521937781e-01 1.8329807108e-07 7.8497878574e-25
2.3864067833e-01 1.8329807108e-07 2.6252599167e-26
2.6461080752e-01 1.8329807108e-07 1.5732776804e-28
2.9340714225e-01 1.8329807108e-07 6.7810509167e-32
3.2533724503e-01 1.8329807108e-07 5.2515424107e-37
3.6074214893e-01 1.8329807108e-07 8.1761905150e-45
4.0000000000e-01 1.8329807108e-07 nan
2.0000000000e-02 3.3598182863e-07 2.1207311440e-24
2.2176504808e-02 3.3598182863e-07 3.3319744476e-24
2.4589868274e-02 3.3598182863e-07 5.2567562324e-24
2.7265866600e-02 3.3598182863e-07 8.2427348686e-24
3.0233081086e-02 3.3598182863e-07 1.2867848808e-23
3.3523203403e-02 3.3598182863e-07 1.9932697786e-23
3.7171374071e-02 3.3598182863e-07 3.0630079786e-23
4.1216557790e-02 3.3598182863e-07 4.6859248063e-23
4.5701959599e-02 3.3598182863e-07 7.1399354506e-23
5.0675486338e-02 3.3598182863e-07 1.0780835087e-22
5.6190258320e-02 3.3598182863e-07 1.6449036935e-22
6.2305176688e-02 3.3598182863e-07 2.4658606872e-22
6.9085552518e-02 3.3598182863e-07 3.6060063643e-22
7.6603804377e-02 3.3598182863e-07 5.0972053367e-22
8.4940231802e-02 3.3598182863e-07 6.8818004359e-22
9.4183872945e-02 3.3598182863e-07 8.7311411784e-22
1.0443345556e-01 3.3598182863e-07 1.0170033187e-21
1.1579845146e-01 3.3598182863e-07 1.0524500442e-21
1.2840024578e-01 3.3598182863e-07 9.2560762417e-22
1.4237343339e-01 3.3598182863e-07 6.5258418070e-22
1.5786725650e-01 3.3598182863e-07 3.4295525069e-22
1.7504719864e-01 3.3598182863e-07 1.2262875431e-22
1.9409675211e-01 3.3598182863e-07 2.6174902788e-23
2.1521937781e-01 3.3598182863e-07 2.6373860787e-24
2.3864067833e-01 3.3598182863e-07 8.8203962743e-26
2.6461080752e-01 3.3598182863e-07 5.2859271201e-28
2.9340714225e-01 3.3598182863e-07 2.2783098870e-31
3.2533724503e-01 3.3598182863e-07 1.7644228223e-36
3.6074214893e-01 3.3598182863e-07 2.7470514404e-44
4.0000000000e-01 3.3598182863e-07 nan
2.0000000000e-02 6.1584821107e-07 7.1252712780e-24
2.2176504808e-02 6.1584821107e-07 1.1194828678e-23
2.4589868274e-02 6.1584821107e-07 1.7661745716e-23
2.7265866600e-02 6.1584821107e-07 2.7694091341e-23
3.0233081086e-02 6.1584821107e-07 4.3233633731e-23
3.3523203403e-02 6.1584821107e-07 6.6970242515e-23
3.7171374071e-02 6.1584821107e-07 1.0291150217e-22
4.1216557790e-02 6.1584821107e-07 1.5743855852e-22
4.5701959599e-02 6.1584821107e-07 2.3988885690e-22
5.0675486338e-02 6.1584821107e-07 3.6221646868e-22
5.6190258320e-02 6.1584821107e-07 5.5265775086e-22
6.2305176688e-02 6.1584821107e-07 8.2848438284e-22
6.9085552518e-02 6.1584821107e-07 1.2115526123e-21
7.6603804377e-02 6.1584821107e-07 1.7125683699e-21
8.4940231802e-02 6.1584821107e-07 2.3121598947e-21
9.4183872945e-02 6.1584821107e-07 2.9335047791e-21
1.0443345556e-01 6.1584821107e-07 3.4169463474e-21
1.1579845146e-01 6.1584821107e-07 3.5360409039e-21
1.2840024578e-01 6.1584821107e-07 3.1098734216e-21
1.4237343339e-01 6.1584821107e-07 2.1925642637e-21
1.5786725650e-01 6.1584821107e-07 1.1522673226e-21
1.7504719864e-01 6.1584821107e-07 4.1201033114e-22
1.9409675211e-01 6.1584821107e-07 8.7942917029e-23
2.1521937781e-01 6.1584821107e-07 8.8611379752e-24
2.3864067833e-01 6.1584821107e-07 2.9634928695e-25
2.6461080752e-01 6.1584821107e-07 1.7759754598e-27
2.9340714225e-01 6.1584821107e-07 7.6547072202e-31
3.2533724503e-01 6.1584821107e-07 5.9281400630e-36
3.6074214893e-01 6.1584821107e-07 9.2295936630e-44
4.0000000000e-01 6.1584821107e-07 nan
2.0000000000e-02 1.1288378917e-06 2.3939616734e-23
2.2176504808e-02 1.1288378917e-06 3.7612590106e-23
2.4589868274e-02 1.1288378917e-06 5.9340256225e-23
2.7265866600e-02 1.1288378917e-06 9.3047114508e-23
3.0233081086e-02 1.1288378917e-06 1.4525715319e-22
3.3523203403e-02 1.1288378917e-06 2.2500784544e-22
3.7171374071e-02 1.1288378917e-06 3.4576394687e-22
4.1216557790e-02 1.1288378917e-06 5.2896494790e-22
4.5701959599e-02 1.1288378917e-06 8.0598296808e-22
5.0675486338e-02 1.1288378917e-06 1.2169815151e-21
5.6190258320e-02 1.1288378917e-06 1.8568296174e-21
6.2305176688e-02 1.1288378917e-06 2.7835569794e-21
6.9085552518e-02 1.1288378917e-06 4.0705966217e-21
7.6603804377e-02 1.1288378917e-06 5.7539185258e-21
8.4940231802e-02 1.1288378917e-06 7.7684370951e-21
9.4183872945e-02 1.1288378917e-06 9.8560429999e-21
1.0443345556e-01 1.1288378917e-06 1.1480318821e-20
1.1579845146e-01 1.1288378917e-06 1.1880454890e-20
1.2840024578e-01 1.1288378917e-06 1.0448609590e-20
1.4237343339e-01 1.1288378917e-06 7.3666175070e-21
1.5786725650e-01 1.1288378917e-06 3.8714088213e-21
1.7504719864e-01 1.1288378917e-06 1.3842798447e-21
1.9409675211e-01 1.1288378917e-06 2.9547222079e-22
2.1521937781e-01 1.1288378917e-06 2.9771813407e-23
2.3864067833e-01 1.1288378917e-06 9.9567975343e-25
2.6461080752e-01 1.1288378917e-06 5.9669548259e-27
2.9340714225e-01 1.1288378917e-06 2.5718425295e-30
3.2533724503e-01 1.1288378917e-06 1.9917473388e-35
3.6074214893e-01 1.1288378917e-06 3.1009757564e-43
4.0000000000e-01 1.1288378917e-06 nan
2.0000000000e-02 2.0691380811e-06 8.0432762071e-23
2.2176504808e-02 2.0691380811e-06 1.2637146803e-22
2.4589868274e-02 2.0691380811e-06 1.9937247798e-22
2.7265866600e-02 2.0691380811e-06 3.1262139681e-22
3.0233081086e-02 2.0691380811e-06 4.8803763951e-22
3.3523203403e-02 2.0691380811e-06 7.5598547367e-22
3.7171374071e-02 2.0691380811e-06 1.1617040314e-21
4.1216557790e-02 2.0691380811e-06 1.7772261048e-21
4.5701959599e-02 2.0691380811e-06 2.7079563146e-21
5.0675486338e-02 2.0691380811e-06 4.0888367484e-21
5.6190258320e-02 2.0691380811e-06 6.2386101031e-21
6.2305176688e-02 2.0691380811e-06 9.3522456402e-21
6.9085552518e-02 2.0691380811e-06 1.3676464966e-20
7.6603804377e-02 2.0691380811e-06 1.9332120681e-20
8.4940231802e-02 2.0691380811e-06 2.6100537008e-20
9.4183872945e-02 2.0691380811e-06 3.3114513502e-20
1.0443345556e-01 2.0691380811e-06 3.8571785108e-20
1.1579845146e-01 2.0691380811e-06 3.9916169590e-20
1.2840024578e-01 2.0691380811e-06 3.5105429567e-20
1.4237343339e-01 2.0691380811e-06 2.4750496208e-20
1.5786725650e-01 2.0691380811e-06 1.3007230152e-20
1.7504719864e-01 2.0691380811e-06 4.6509287358e-21
1.9409675211e-01 2.0691380811e-06 9.9273297052e-22
2.1521937781e-01 2.0691380811e-06 1.0002788310e-22
2.3864067833e-01 2.0691380811e-06 3.3453030430e-24
2.6461080752e-01 2.0691380811e-06 2.0047883939e-26
2.9340714225e-01 2.0691380811e-06 8.6409235606e-30
3.2533724503e-01 2.0691380811e-06 6.6919091309e-35
3.6074214893e-01 2.0691380811e-06 1.0418715052e-42
4.0000000000e-01 2.0691380811e-06 nan
2.0000000000e-02 3.7926901907e-06 2.7023946482e-22
2.2176504808e-02 3.7926901907e-06 4.2458516916e-22
2.4589868274e-02 3.7926901907e-06 6.6985529730e-22
2.7265866600e-02 3.7926901907e-06 1.0503510857e-21
3.0233081086e-02 3.7926901907e-06 1.6397177856e-21
3.3523203403e-02 3.7926901907e-06 2.5399738186e-21
3.7171374071e-02 3.7926901907e-06 3.9031144481e-21
4.1216557790e-02 3.7926901907e-06 5.9711567657e-21
4.5701959599e-02 3.7926901907e-06 9.0982411443e-21
5.0675486338e-02 3.7926901907e-06 1.3737748477e-20
5.6190258320e-02 3.7926901907e-06 2.0960596306e-20
6.2305176688e-02 3.7926901907e-06 3.1421845920e-20
6.9085552518e-02 3.7926901907e-06 4.5950437084e-20
7.6603804377e-02 3.7926901907e-06 6.4952412578e-20
8.4940231802e-02 3.7926901907e-06 8.7693061524e-20
9.4183872945e-02 3.7926901907e-06 1.1125874801e-19
1.0443345556e-01 3.7926901907e-06 1.2959418895e-19
1.1579845146e-01 3.7926901907e-06 1.3411107651e-19
1.2840024578e-01 3.7926901907e-06 1.1794786421e-19
1.4237343339e-01 3.7926901907e-06 8.3157169761e-20
1.5786725650e-01 3.7926901907e-06 4.3701929721e-20
1.7504719864e-01 3.7926901907e-06 1.5626275416e-20
1.9409675211e-01 3.7926901907e-06 3.3354023881e-21
2.1521937781e-01 3.7926901907e-06 3.3607551083e-22
2.3864067833e-01 3.7926901907e-06 1.1239610339e-23
2.6461080752e-01 3.7926901907e-06 6.7357247069e-26
2.9340714225e-01 3.7926901907e-06 2.9031932995e-29
3.2533724503e-01 3.7926901907e-06 2.2483598672e-34
3.6074214893e-01 3.7926901907e-06 3.5004989359e-42
4.0000000000e-01 3.7926901907e-06 nan
2.0000000000e-02 6.9519279618e-06 9.0795549560e-22
2.2176504808e-02 6.9519279618e-06 1.4265290154e-21
2.4589868274e-02 6.9519279618e-06 2.2505920770e-21
2.7265866600e-02 6.9519279618e-06 3.5289887848e-21
3.0233081086e-02 6.9519279618e-06 5.5091538006e-21
3.3523203403e-02 6.9519279618e-06 8.5338504826e-21
3.7171374071e-02 6.9519279618e-06 1.3113755297e-20
4.1216557790e-02 6.9519279618e-06 2.0062001692e-20
4.5701959599e-02 6.9519279618e-06 3.0568436971e-20
5.0675486338e-02 6.9519279618e-06 4.6156338547e-20
5.6190258320e-02 6.9519279618e-06 7.0423794762e-20
6.2305176688e-02 6.9519279618e-06 1.0557169252e-19
6.9085552518e-02 6.9519279618e-06 1.5438511879e-19
7.6603804377e-02 6.9519279618e-06 2.1822830353e-19
8.4940231802e-02 6.9519279618e-06 2.9463275171e-19
9.4183872945e-02 6.9519279618e-06 3.7380917610e-19
1.0443345556e-01 6.9519279618e-06 4.3541292587e-19
1.1579845146e-01 6.9519279618e-06 4.5058884732e-19
1.2840024578e-01 6.9519279618e-06 3.9628339108e-19
1.4237343339e-01 6.9519279618e-06 2.7939297966e-19
1.5786725650e-01 6.9519279618e-06 1.4683054266e-19
1.7504719864e-01 6.9519279618e-06 5.2501445905e-20
1.9409675211e-01 6.9519279618e-06 1.1206345940e-20
2.1521937781e-01 6.9519279618e-06 1.1291526473e-21
2.3864067833e-01 6.9519279618e-06 3.7763048365e-23
2.6461080752e-01 6.9519279618e-06 2.2630811054e-25
2.9340714225e-01 6.9519279618e-06 9.7542019422e-29
3.2533724503e-01 6.9519279618e-06 7.5540806010e-34
3.6074214893e-01 6.9519279618e-06 1.1761040343e-41
4.0000000000e-01 6.9519279618e-06 nan
2.0000000000e-02 1.2742749857e-05 3.0505654773e-21
2.2176504808e-02 1.2742749857e-05 4.7928782721e-21
2.4589868274e-02 1.2742749857e-05 7.5615804157e-21
2.7265866600e-02 1.2742749857e-05 1.1856761052e-20
3.0233081086e-02 1.2742749857e-05 1.8509755682e-20
3.3523203403e-02 1.2742749857e-05 2.8672186905e-20
3.7171374071e-02 1.2742749857e-05 4.4059834850e-20
4.1216557790e-02 1.2742749857e-05 6.7404680150e-20
4.5701959599e-02 1.2742749857e-05 1.0270439353e-19
5.0675486338e-02 1.2742749857e-05 1.5507691029e-19
5.6190258320e-02 1.2742749857e-05 2.3661115346e-19
6.2305176688e-02 1.2742749857e-05 3.5470170309e-19
6.9085552518e-02 1.2742749857e-05 5.1870594533e-19
7.6603804377e-02 1.2742749857e-05 7.3320744496e-19
8.4940231802e-02 1.2742749857e-05 9.8991250723e-19
9.4183872945e-02 1.2742749857e-05 1.2559309059e-18
1.0443345556e-01 1.2742749857e-05 1.4629083110e-18
1.1579845146e-01 1.2742749857e-05 1.5138966496e-18
1.2840024578e-01 1.2742749857e-05 1.3314401847e-18
1.4237343339e-01 1.2742749857e-05 9.3870964276e-19
1.5786725650e-01 1.2742749857e-05 4.9332394262e-19
1.7504719864e-01 1.2742749857e-05 1.7639531818e-19
1.9409675211e-01 1.2742749857e-05 3.7651286055e-20
2.1521937781e-01 1.2742749857e-05 3.7937477178e-21
2.3864067833e-01 1.2742749857e-05 1.2687698065e-22
2.6461080752e-01 1.2742749857e-05 7.6035412957e-25
2.9340714225e-01 1.2742749857e-05 3.2772346122e-28
3.2533724503e-01 1.2742749857e-05 2.5380338195e-33
3.6074214893e-01 1.2742749857e-05 3.9514958491e-41
4.0000000000e-01 1.2742749857e-05 nan
2.0000000000e-02 2.3357214691e-05 1.0249345675e-20
2.2176504808e-02 2.3357214691e-05 1.6103200064e-20
2.4589868274e-02 2.3357214691e-05 2.5405536157e-20
2.7265866600e-02 2.3357214691e-05 3.9836562603e-20
3.0233081086e-02 2.3357214691e-05 6.2189415625e-20
3.3523203403e-02 2.3357214691e-05 9.6333337891e-20
3.7171374071e-02 2.3357214691e-05 1.4803303885e-19
4.1216557790e-02 2.3357214691e-05 2.2646747701e-19
4.5701959599e-02 2.3357214691e-05 3.4506809956e-19
5.0675486338e-02 2.3357214691e-05 5.2103023919e-19
5.6190258320e-02 2.3357214691e-05 7.9497048051e-19
6.2305176688e-02 2.3357214691e-05 1.1917332689e-18
6.9085552518e-02 2.3357214691e-05 1.7427577215e-18
7.6603804377e-02 2.3357214691e-05 2.4634437832e-18
8.4940231802e-02 2.3357214691e-05 3.3259261468e-18
9.4183872945e-02 2.3357214691e-05 4.2196996287e-18
1.0443345556e-01 2.3357214691e-05 4.9151061012e-18
1.1579845146e-01 2.3357214691e-05 5.0864176551e-18
1.2840024578e-01 2.3357214691e-05 4.4733970884e-18
1.4237343339e-01 2.3357214691e-05 3.1538938307e-18
1.5786725650e-01 2.3357214691e-05 1.6574788081e-18
1.7504719864e-01 2.3357214691e-05 5.9265621763e-19
1.9409675211e-01 2.3357214691e-05 1.2650147989e-19
2.1521937781e-01 2.3357214691e-05 1.2746303016e-20
2.3864067833e-01 2.3357214691e-05 4.2628360205e-22
2.6461080752e-01 2.3357214691e-05 2.5546517247e-24
2.9340714225e-01 2.3357214691e-05 1.1010912856e-27
3.2533724503e-01 2.3357214691e-05 8.5273325010e-33
3.6074214893e-01 2.3357214691e-05 1.3276308103e-40
4.0000000000e-01 2.3357214691e-05 nan
2.0000000000e-02 4.2813323987e-05 3.4435939030e-20
2.2176504808e-02 4.2813323987e-05 5.4103826060e-20
2.4589868274e-02 4.2813323987e-05 8.5357984984e-20
2.7265866600e-02 4.2813323987e-05 1.3384361156e-19
3.0233081086e-02 4.2813323987e-05 2.0894513594e-19
3.3523203403e-02 4.2813323987e-05 3.2366251043e-19
3.7171374071e-02 4.2813323987e-05 4.9736411129e-19
4.1216557790e-02 4.2813323987e-05 7.6088957119e-19
4.5701959599e-02 4.2813323987e-05 1.1593661122e-18
5.0675486338e-02 4.2813323987e-05 1.7505669276e-18
5.6190258320e-02 4.2813323987e-05 2.6709563616e-18
6.2305176688e-02 4.2813323987e-05 4.0040072366e-18
6.9085552518e-02 4.2813323987e-05 5.8553492742e-18
7.6603804377e-02 4.2813323987e-05 8.2767234920e-18
8.4940231802e-02 4.2813323987e-05 1.1174507522e-17
9.4183872945e-02 4.2813323987e-05 1.4177424029e-17
1.0443345556e-01 4.2813323987e-05 1.6513863433e-17
1.1579845146e-01 4.2813323987e-05 1.7089439143e-17
1.2840024578e-01 4.2813323987e-05 1.5029801438e-17
1.4237343339e-01 4.2813323987e-05 1.0596510249e-17
1.5786725650e-01 4.2813323987e-05 5.5688276612e-18
1.7504719864e-01 4.2813323987e-05 1.9912172199e-18
1.9409675211e-01 4.2813323987e-05 4.2502199107e-19
2.1521937781e-01 4.2813323987e-05 4.2825262633e-20
2.3864067833e-01 4.2813323987e-05 1.4322354678e-21
2.6461080752e-01 4.2813323987e-05 8.5831657623e-24
2.9340714225e-01 4.2813323987e-05 3.6994667237e-27
3.2533724503e-01 4.2813323987e-05 2.8650288381e-32
3.6074214893e-01 4.2813323987e-05 4.4605983766e-40
4.0000000000e-01 4.2813323987e-05 nan
2.0000000000e-02 7.8475997035e-05 1.1569849776e-19
2.2176504808e-02 7.8475997035e-05 1.8177902435e-19
2.4589868274e-02 7.8475997035e-05 2.8678731919e-19
2.7265866600e-02 7.8475997035e-05 4.4969021428e-19
3.0233081086e-02 7.8475997035e-05 7.0201768982e-19
3.3523203403e-02 7.8475997035e-05 1.0874472234e-18
3.7171374071e-02 7.8475997035e-05 1.6710530403e-18
4.1216557790e-02 7.8475997035e-05 2.5564507029e-18
4.5701959599e-02 7.8475997035e-05 3.8952594784e-18
5.0675486338e-02 7.8475997035e-05 5.8815868002e-18
5.6190258320e-02 7.8475997035e-05 8.9739280722e-18
6.2305176688e-02 7.8475997035e-05 1.3452736816e-17
6.9085552518e-02 7.8475997035e-05 1.9672909711e-17
7.6603804377e-02 7.8475997035e-05 2.7808287187e-17
8.4940231802e-02 7.8475997035e-05 3.7544315116e-17
9.4183872945e-02 7.8475997035e-05 4.7633569117e-17
1.0443345556e-01 7.8475997035e-05 5.5483581195e-17
1.1579845146e-01 7.8475997035e-05 5.7417411194e-17
1.2840024578e-01 7.8475997035e-05 5.0497402828e-17
1.4237343339e-01 7.8475997035e-05 3.5602349847e-17
1.5786725650e-01 7.8475997035e-05 1.8710249601e-17
1.7504719864e-01 7.8475997035e-05 6.6901282800e-18
1.9409675211e-01 7.8475997035e-05 1.4279967219e-18
2.1521937781e-01 7.8475997035e-05 1.4388510816e-19
2.3864067833e-01 7.8475997035e-05 4.8120512142e-21
2.6461080752e-01 7.8475997035e-05 2.8837879341e-23
2.9340714225e-01 7.8475997035e-05 1.2429536935e-26
3.2533724503e-01 7.8475997035e-05 9.6259770835e-32
3.6074214893e-01 7.8475997035e-05 1.4986801153e-39
4.0000000000e-01 7.8475997035e-05 nan
2.0000000000e-02 1.4384498883e-04 3.8872592965e-19
2.2176504808e-02 1.4384498883e-04 6.1074449225e-19
2.4589868274e-02 1.4384498883e-04 9.6355328339e-19
2.7265866600e-02 1.4384498883e-04 1.5108774127e-18
3.0233081086e-02 1.4384498883e-04 2.3586518857e-18
3.3523203403e-02 1.4384498883e-04 3.6536250929e-18
3.7171374071e-02 1.4384498883e-04 5.6144346102e-18
4.1216557790e-02 1.4384498883e-04 8.5892099073e-18
4.5701959599e-02 1.4384498883e-04 1.3087364185e-17
5.0675486338e-02 1.4384498883e-04 1.9761063172e-17
5.6190258320e-02 1.4384498883e-04 3.0150768163e-17
6.2305176688e-02 1.4384498883e-04 4.5198752098e-17
6.9085552518e-02 1.4384498883e-04 6.6097403445e-17
7.6603804377e-02 1.4384498883e-04 9.3430794605e-17
8.4940231802e-02 1.4384498883e-04 1.2614208101e-16
9.4183872945e-02 1.4384498883e-04 1.6004014346e-16
1.0443345556e-01 1.4384498883e-04 1.8641476033e-16
1.1579845146e-01 1.4384498883e-04 1.9291208004e-16
1.2840024578e-01 1.4384498883e-04 1.6966211003e-16
1.4237343339e-01 1.4384498883e-04 1.1961743669e-16
1.5786725650e-01 1.4384498883e-04 6.2863045436e-17
1.7504719864e-01 1.4384498883e-04 2.2477618186e-17
1.9409675211e-01 1.4384498883e-04 4.7978102233e-18
2.1521937781e-01 1.4384498883e-04 4.8342790383e-19
2.3864067833e-01 1.4384498883e-04 1.6167621041e-20
2.6461080752e-01 1.4384498883e-04 9.6890057593e-23
2.9340714225e-01 1.4384498883e-04 4.1760996631e-26
3.2533724503e-01 1.4384498883e-04 3.2341542887e-31
3.6074214893e-01 1.4384498883e-04 5.0352941652e-39
4.0000000000e-01 1.4384498883e-04 nan
2.0000000000e-02 2.6366508987e-04 1.3060485000e-18
2.2176504808e-02 2.6366508987e-04 2.0519905379e-18
2.4589868274e-02 2.6366508987e-04 3.2373639875e-18
2.7265866600e-02 2.6366508987e-04 5.0762736458e-18
3.0233081086e-02 2.6366508987e-04 7.9246418969e-18
3.3523203403e-02 2.6366508987e-04 1.2275516694e-17
3.7171374071e-02 2.6366508987e-04 1.8863480613e-17
4.1216557790e-02 2.6366508987e-04 2.8858185501e-17
4.5701959599e-02 2.6366508987e-04 4.3971167310e-17
5.0675486338e-02 2.6366508987e-04 6.6393584658e-17
5.6190258320e-02 2.6366508987e-04 1.0130110816e-16
6.2305176688e-02 2.6366508987e-04 1.5185960448e-16
6.9085552518e-02 2.6366508987e-04 2.2207528345e-16
7.6603804377e-02 2.6366508987e-04 3.1391052386e-16
8.4940231802e-02 2.6366508987e-04 4.2381452166e-16
9.4183872945e-02 2.6366508987e-04 5.3770587847e-16
1.0443345556e-01 2.6366508987e-04 6.2631982940e-16
1.1579845146e-01 2.6366508987e-04 6.4814966918e-16
1.2840024578e-01 2.6366508987e-04 5.7003400205e-16
1.4237343339e-01 2.6366508987e-04 4.0189297123e-16
1.5786725650e-01 2.6366508987e-04 2.1120848505e-16
1.7504719864e-01 2.6366508987e-04 7.5520744817e-17
1.9409675211e-01 2.6366508987e-04 1.6119778701e-17
2.1521937781e-01 2.6366508987e-04 1.6242308859e-18
2.3864067833e-01 2.6366508987e-04 5.4320306943e-20
2.6461080752e-01 2.6366508987e-04 3.2553324964e-22
2.9340714225e-01 2.6366508987e-04 1.4030948596e-25
3.2533724503e-01 2.6366508987e-04 1.0866180946e-30
3.6074214893e-01 2.6366508987e-04 1.6917688186e-38
4.0000000000e-01 2.6366508987e-04 nan
2.0000000000e-02 4.8329302386e-04 4.3880857823e-18
2.2176504808e-02 4.8329302386e-04 6.8943156109e-18
2.4589868274e-02 4.8329302386e-04 1.0876955246e-17
2.7265866600e-02 4.8329302386e-04 1.7055357994e-17
3.0233081086e-02 4.8329302386e-04 2.6625358565e-17
3.3523203403e-02 4.8329302386e-04 4.1243508800e-17
3.7171374071e-02 4.8329302386e-04 6.3377873224e-17
4.1216557790e-02 4.8329302386e-04 9.6958270532e-17
4.5701959599e-02 4.8329302386e-04 1.4773515235e-16
5.0675486338e-02 4.8329302386e-04 2.2307041657e-16
5.6190258320e-02 4.8329302386e-04 3.4035338271e-16
6.2305176688e-02 4.8329302386e-04 5.1022079649e-16
6.9085552518e-02 4.8329302386e-04 7.4613280918e-16
7.6603804377e-02 4.8329302386e-04 1.0546826756e-15
8.4940231802e-02 4.8329302386e-04 1.4239403581e-15
9.4183872945e-02 4.8329302386e-04 1.8065949227e-15
1.0443345556e-01 4.8329302386e-04 2.1043220443e-15
1.1579845146e-01 4.8329302386e-04 2.1776666347e-15
1.2840024578e-01 4.8329302386e-04 1.9152122699e-15
1.4237343339e-01 4.8329302386e-04 1.3502887094e-15
1.5786725650e-01 4.8329302386e-04 7.0962298213e-16
1.7504719864e-01 4.8329302386e-04 2.5373634297e-16
1.9409675211e-01 4.8329302386e-04 5.4159619571e-17
2.1521937781e-01 4.8329302386e-04 5.4571316318e-18
2.3864067833e-01 4.8329302386e-04 1.8250679093e-19
2.6461080752e-01 4.8329302386e-04 1.0937355268e-21
2.9340714225e-01 4.8329302386e-04 4.7141579697e-25
3.2533724503e-01 4.8329302386e-04 3.6508508878e-30
3.6074214893e-01 4.8329302386e-04 5.6840524887e-38
4.0000000000e-01 4.8329302386e-04 nan
2.0000000000e-02 8.8586679041e-04 1.4743172537e-17
2.2176504808e-02 8.8586679041e-04 2.3163650801e-17
2.4589868274e-02 8.8586679041e-04 3.6544599022e-17
2.7265866600e-02 8.8586679041e-04 5.7302914647e-17
3.0233081086e-02 8.8586679041e-04 8.9456386995e-17
3.3523203403e-02 8.8586679041e-04 1.3857073273e-16
3.7171374071e-02 8.8586679041e-04 2.1293820647e-16
4.1216557790e-02 8.8586679041e-04 3.2576229649e-16
4.5701959599e-02 8.8586679041e-04 4.9636349608e-16
5.0675486338e-02 8.8586679041e-04 7.4947647954e-16
5.6190258320e-02 8.8586679041e-04 1.1435262763e-15
6.2305176688e-02 8.8586679041e-04 1.7142505212e-15
6.9085552518e-02 8.8586679041e-04 2.5068730370e-15
7.6603804377e-02 8.8586679041e-04 3.5435461724e-15
8.4940231802e-02 8.8586679041e-04 4.7841873805e-15
9.4183872945e-02 8.8586679041e-04 6.0698405859e-15
1.0443345556e-01 8.8586679041e-04 7.0701535520e-15
1.1579845146e-01 8.8586679041e-04 7.3165813843e-15
1.2840024578e-01 8.8586679041e-04 6.4347833354e-15
1.4237343339e-01 8.8586679041e-04 4.5367399997e-15
1.5786725650e-01 8.8586679041e-04 2.3842138876e-15
1.7504719864e-01 8.8586679041e-04 8.5251210883e-16
1.9409675211e-01 8.8586679041e-04 1.8196752236e-16
2.1521937781e-01 8.8586679041e-04 1.8335094823e-17
2.3864067833e-01 8.8586679041e-04 6.1319451152e-19
2.6461080752e-01 8.8586679041e-04 3.6747860583e-21
2.9340714225e-01 8.8586679041e-04 1.5838874482e-24
3.2533724503e-01 8.8586679041e-04 1.2266325879e-29
3.6074214893e-01 8.8586679041e-04 1.9097571732e-37
4.0000000000e-01 8.8586679041e-04 nan
2.0000000000e-02 1.6237767392e-03 4.9534399700e-17
2.2176504808e-02 1.6237767392e-03 7.7825692988e-17
2.4589868274e-02 1.6237767392e-03 1.2278327851e-16
2.7265866600e-02 1.6237767392e-03 1.9252750443e-16
3.0233081086e-02 1.6237767392e-03 3.0055743523e-16
3.3523203403e-02 1.6237767392e-03 4.6557290710e-16
3.7171374071e-02 1.6237767392e-03 7.1543445961e-16
4.1216557790e-02 1.6237767392e-03 1.0945035448e-15
4.5701959599e-02 1.6237767392e-03 1.6676937437e-15
5.0675486338e-02 1.6237767392e-03 2.5181094637e-15
5.6190258320e-02 1.6237767392e-03 3.8420490426e-15
6.2305176688e-02 1.6237767392e-03 5.7595855908e-15
6.9085552518e-02 1.6237767392e-03 8.4226647459e-15
7.6603804377e-02 1.6237767392e-03 1.1905716752e-14
8.4940231802e-02 1.6237767392e-03 1.6074073924e-14
9.4183872945e-02 1.6237767392e-03 2.0393673476e-14
1.0443345556e-01 1.6237767392e-03 2.3754587729e-14
1.1579845146e-01 1.6237767392e-03 2.4582578127e-14
1.2840024578e-01 1.6237767392e-03 2.1619907365e-14
1.4237343339e-01 1.6237767392e-03 1.5242794747e-14
1.5786725650e-01 1.6237767392e-03 8.0106339651e-15
1.7504719864e-01 1.6237767392e-03 2.8643320979e-15
1.9409675211e-01 1.6237767392e-03 6.1138957332e-16
2.1521937781e-01 1.6237767392e-03 6.1603988601e-17
2.3864067833e-01 1.6237767392e-03 2.0602769711e-18
2.6461080752e-01 1.6237767392e-03 1.2346990820e-20
2.9340714225e-01 1.6237767392e-03 5.3217549964e-24
3.2533724503e-01 1.6237767392e-03 4.1214096893e-29
3.6074214893e-01 1.6237767392e-03 6.4166495542e-37
4.0000000000e-01 1.6237767392e-03 nan
2.0000000000e-02 2.9763514416e-03 1.6642679652e-16
2.2176504808e-02 2.9763514416e-03 2.6148058661e-16
2.4589868274e-02 2.9763514416e-03 4.1253025452e-16
2.7265866600e-02 2.9763514416e-03 6.4685882908e-16
3.0233081086e-02 2.9763514416e-03 1.0098209676e-15
3.3523203403e-02 2.9763514416e-03 1.5642451681e-15
3.7171374071e-02 2.9763514416e-03 2.4037385812e-15
4.1216557790e-02 2.9763514416e-03 3.6773491001e-15
4.5701959599e-02 2.9763514416e-03 5.6031772058e-15
5.0675486338e-02 2.9763514416e-03 8.4604430819e-15
5.6190258320e-02 2.9763514416e-03 1.2908683129e-14
6.2305176688e-02 2.9763514416e-03 1.9351334180e-14
6.9085552518e-02 2.9763514416e-03 2.8298926404e-14
7.6603804377e-02 2.9763514416e-03 4.0001558736e-14
8.4940231802e-02 2.9763514416e-03 5.4006799205e-14
9.4183872945e-02 2.9763514416e-03 6.8520302275e-14
1.0443345556e-01 2.9763514416e-03 7.9812865293e-14
1.1579845146e-01 2.9763514416e-03 8.2595187709e-14
1.2840024578e-01 2.9763514416e-03 7.2641270240e-14
1.4237343339e-01 2.9763514416e-03 5.1214970426e-14
1.5786725650e-01 2.9763514416e-03 2.6915499802e-14
1.7504719864e-01 2.9763514416e-03 9.6241582971e-15
1.9409675211e-01 2.9763514416e-03 2.0542906664e-15
2.1521937781e-01 2.9763514416e-03 2.0699403062e-16
2.3864067833e-01 2.9763514416e-03 6.9227752705e-18
2.6461080752e-01 2.9763514416e-03 4.1487905939e-20
2.9340714225e-01 2.9763514416e-03 1.7882172689e-23
3.2533724503e-01 2.9763514416e-03 1.3848847907e-28
3.6074214893e-01 2.9763514416e-03 2.1561174642e-36
4.0000000000e-01 2.9763514416e-03 nan
2.0000000000e-02 5.4555947812e-03 5.5916621683e-16
2.2176504808e-02 5.4555947812e-03 8.7853177358e-16
2.4589868274e-02 5.4555947812e-03 1.3860351605e-15
2.7265866600e-02 5.4555947812e-03 2.1733439161e-15
3.0233081086e-02 5.4555947812e-03 3.3928443095e-15
3.3523203403e-02 5.4555947812e-03 5.2556337174e-15
3.7171374071e-02 5.4555947812e-03 8.0762241913e-15
4.1216557790e-02 5.4555947812e-03 1.2355406220e-14
4.5701959599e-02 5.4555947812e-03 1.8825987647e-14
5.0675486338e-02 5.4555947812e-03 2.8426148067e-14
5.6190258320e-02 5.4555947812e-03 4.3371918951e-14
6.2305176688e-02 5.4555947812e-03 6.5018921476e-14
6.9085552518e-02 5.4555947812e-03 9.5082674985e-14
7.6603804377e-02 5.4555947812e-03 1.3440376943e-13
8.4940231802e-02 5.4555947812e-03 1.8146242011e-13
9.4183872945e-02 5.4555947812e-03 2.3023004669e-13
1.0443345556e-01 5.4555947812e-03 2.6817667151e-13
1.1579845146e-01 5.4555947812e-03 2.7752956830e-13
1.2840024578e-01 5.4555947812e-03 2.4408754563e-13
1.4237343339e-01 5.4555947812e-03 1.7209500533e-13
1.5786725650e-01 5.4555947812e-03 9.0445020235e-14
1.7504719864e-01 5.4555947812e-03 3.2341326096e-14
1.9409675211e-01 5.4555947812e-03 6.9035423987e-15
2.1521937781e-01 5.4555947812e-03 6.9564094349e-16
2.3864067833e-01 5.4555947812e-03 2.3266254481e-17
2.6461080752e-01 5.4555947812e-03 1.3943991443e-19
2.9340714225e-01 5.4555947812e-03 6.0103908965e-23
3.2533724503e-01 5.4555947812e-03 4.6548348892e-28
3.6074214893e-01 5.4555947812e-03 7.2468683328e-36
4.0000000000e-01 5.4555947812e-03 nan
2.0000000000e-02 1.0000000000e-02 1.8787242271e-15
2.2176504808e-02 1.0000000000e-02 2.9517581097e-15
2.4589868274e-02 1.0000000000e-02 4.6569218648e-15
2.7265866600e-02 1.0000000000e-02 7.3022189141e-15
3.0233081086e-02 1.0000000000e-02 1.1399671743e-14
3.3523203403e-02 1.0000000000e-02 1.7658586072e-14
3.7171374071e-02 1.0000000000e-02 2.7135767232e-14
4.1216557790e-02 1.0000000000e-02 4.1513968244e-14
4.5701959599e-02 1.0000000000e-02 6.3255627340e-14
5.0675486338e-02 1.0000000000e-02 9.5513427758e-14
5.6190258320e-02 1.0000000000e-02 1.4573406307e-13
6.2305176688e-02 1.0000000000e-02 2.1847383051e-13
6.9085552518e-02 1.0000000000e-02 3.1949916798e-13
7.6603804377e-02 1.0000000000e-02 4.5163772504e-13
8.4940231802e-02 1.0000000000e-02 6.0978673883e-13
9.4183872945e-02 1.0000000000e-02 7.7369234270e-13
1.0443345556e-01 1.0000000000e-02 9.0125005609e-13
1.1579845146e-01 1.0000000000e-02 9.3272826279e-13
1.2840024578e-01 1.0000000000e-02 8.2038417053e-13
1.4237343339e-01 1.0000000000e-02 5.7845641361e-13
1.5786725650e-01 1.0000000000e-02 3.0403496900e-13
1.7504719864e-01 1.0000000000e-02 1.0872761292e-13
1.9409675211e-01 1.0000000000e-02 2.3211569082e-14
2.1521937781e-01 1.0000000000e-02 2.3392432700e-15
2.3864067833e-01 1.0000000000e-02 7.8249254293e-17
2.6461080752e-01 1.0000000000e-02 4.6903548858e-19
2.9340714225e-01 1.0000000000e-02 2.0219837731e-22
3.2533724503e-01 1.0000000000e-02 1.5660529765e-27
3.6074214893e-01 1.0000000000e-02 2.4378638191e-35
4.0000000000e-01 1.0000000000e-02 nan
