2.0000000000e-02 1.0000000000e-07 5.1286385465e-25
2.2176504808e-02 1.0000000000e-07 7.6490217639e-25
2.4589868274e-02 1.0000000000e-07 1.1381361877e-24
2.7265866600e-02 1.0000000000e-07 1.6948052422e-24
3.0233081086e-02 1.0000000000e-07 2.5138253634e-24
3.3523203403e-02 1.0000000000e-07 3.7395880103e-24
3.7171374071e-02 1.0000000000e-07 5.5693418777e-24
4.1216557790e-02 1.0000000000e-07 8.2810650629e-24
4.5701959599e-02 1.0000000000e-07 1.2275180082e-23
5.0675486338e-02 1.0000000000e-07 1.8009077749e-23
5.6190258320e-02 1.0000000000e-07 2.6543725204e-23
6.2305176688e-02 1.0000000000e-07 3.8459258104e-23
6.9085552518e-02 1.0000000000e-07 5.4362406533e-23
7.6603804377e-02 1.0000000000e-07 7.4232036703e-23
8.4940231802e-02 1.0000000000e-07 9.6739135370e-23
9.4183872945e-02 1.0000000000e-07 1.1828914035e-22
1.0443345556e-01 1.0000000000e-07 1.3235432569e-22
1.1579845146e-01 1.0000000000e-07 1.3101772891e-22
1.2840024578e-01 1.0000000000e-07 1.0973336779e-22
1.4237343339e-01 1.0000000000e-07 7.3041757225e-23
1.5786725650e-01 1.0000000000e-07 3.5573667246e-23
1.7504719864e-01 1.0000000000e-07 1.1532052698e-23
1.9409675211e-01 1.0000000000e-07 2.2331111077e-24
2.1521937781e-01 1.0000000000e-07 2.1385273510e-25
2.3864067833e-01 1.0000000000e-07 7.4057739634e-27
2.6461080752e-01 1.0000000000e-07 5.0524337934e-29
2.9340714225e-01 1.0000000000e-07 2.6523143219e-32
3.2533724503e-01 1.0000000000e-07 2.6394506206e-37
3.6074214893e-01 1.0000000000e-07 3.2494219934e-45
4.0000000000e-01 1.0000000000e-07 nan
2.0000000000e-02 1.8329807108e-07 1.7231293572e-24
2.2176504808e-02 1.8329807108e-07 2.5699323195e-24
2.4589868274e-02 1.8329807108e-07 3.8239307755e-24
2.7265866600e-02 1.8329807108e-07 5.6942376443e-24
3.0233081086e-02 1.8329807108e-07 8.4459964245e-24
3.3523203403e-02 1.8329807108e-07 1.2564336180e-23
3.7171374071e-02 1.8329807108e-07 1.8711976683e-23
4.1216557790e-02 1.8329807108e-07 2.7822873828e-23
4.5701959599e-02 1.8329807108e-07 4.1242374506e-23
5.0675486338e-02 1.8329807108e-07 6.0507228741e-23
5.6190258320e-02 1.8329807108e-07 8.9182093326e-23
6.2305176688e-02 1.8329807108e-07 1.2921611865e-22
6.9085552518e-02 1.8329807108e-07 1.8264780755e-22
7.6603804377e-02 1.8329807108e-07 2.4940615434e-22
8.4940231802e-02 1.8329807108e-07 3.2502591602e-22
9.4183872945e-02 1.8329807108e-07 3.9743001683e-22
1.0443345556e-01 1.8329807108e-07 4.4468648373e-22
1.1579845146e-01 1.8329807108e-07 4.4019576141e-22
1.2840024578e-01 1.8329807108e-07 3.6868417572e-22
1.4237343339e-01 1.8329807108e-07 2.4540703159e-22
1.5786725650e-01 1.8329807108e-07 1.1952105772e-22
1.7504719864e-01 1.8329807108e-07 3.8745601533e-23
1.9409675211e-01 1.8329807108e-07 7.5028475351e-24
2.1521937781e-01 1.8329807108e-07 7.1850632996e-25
2.3864067833e-01 1.8329807108e-07 2.4882054786e-26
2.6461080752e-01 1.8329807108e-07 1.6975259449e-28
2.9340714225e-01 1.8329807108e-07 8.9112941597e-32
3.2533724503e-01 1.8329807108e-07 8.8680744610e-37
3.6074214893e-01 1.8329807108e-07 1.0917467433e-44
4.0000000000e-01 1.8329807108e-07 nan
2.0000000000e-02 3.3598182863e-07 5.7894015240e-24
2.2176504808e-02 3.3598182863e-07 8.6345056014e-24
2.4589868274e-02 3.3598182863e-07 1.2847712545e-23
2.7265866600e-02 3.3598182863e-07 1.9131603764e-23
3.0233081086e-02 3.3598182863e-07 2.8377013233e-23
3.3523203403e-02 3.3598182863e-07 4.2213886453e-23
3.7171374071e-02 3.3598182863e-07 6.2868841433e-23
4.1216557790e-02 3.3598182863e-07 9.3479800265e-23
4.5701959599e-02 3.3598182863e-07 1.3856688404e-22
5.0675486338e-02 3.3598182863e-07 2.0329329358e-22
5.6190258320e-02 3.3598182863e-07 2.9963562796e-22
6.2305176688e-02 3.3598182863e-07 4.3414267834e-22
6.9085552518e-02 3.3598182863e-07 6.1366344377e-22
7.6603804377e-02 3.3598182863e-07 8.3795935807e-22
8.4940231802e-02 3.3598182863e-07 1.0920280161e-21
9.4183872945e-02 3.3598182863e-07 1.3352926381e-21
1.0443345556e-01 3.3598182863e-07 1.4940657797e-21
1.1579845146e-01 3.3598182863e-07 1.4789777687e-21
1.2840024578e-01 3.3598182863e-07 1.2387118355e-21
1.4237343339e-01 3.3598182863e-07 8.2452303231e-22
1.5786725650e-01 3.3598182863e-07 4.0156903533e-22
1.7504719864e-01 3.3598182863e-07 1.3017818055e-22
1.9409675211e-01 3.3598182863e-07 2.5208204348e-23
2.1521937781e-01 3.3598182863e-07 2.4140507062e-24
2.3864067833e-01 3.3598182863e-07 8.3599182671e-26
2.6461080752e-01 3.3598182863e-07 5.7033787112e-28
2.9340714225e-01 3.3598182863e-07 2.9940329072e-31
3.2533724503e-01 3.3598182863e-07 2.9795118738e-36
3.6074214893e-01 3.3598182863e-07 3.6680706722e-44
4.0000000000e-01 3.3598182863e-07 nan
2.0000000000e-02 6.1584821107e-07 1.9451337107e-23
2.2176504808e-02 6.1584821107e-07 2.9010369813e-23
2.4589868274e-02 6.1584821107e-07 4.3165979546e-23
2.7265866600e-02 6.1584821107e-07 6.4278712172e-23
3.0233081086e-02 6.1584821107e-07 9.5341607970e-23
3.3523203403e-02 6.1584821107e-07 1.4183098764e-22
3.7171374071e-02 6.1584821107e-07 2.1122788309e-22
4.1216557790e-02 6.1584821107e-07 3.1407514233e-22
4.5701959599e-02 6.1584821107e-07 4.6555955086e-22
5.0675486338e-02 6.1584821107e-07 6.8302852523e-22
5.6190258320e-02 6.1584821107e-07 1.0067212621e-21
6.2305176688e-02 6.1584821107e-07 1.4586405095e-21
6.9085552518e-02 6.1584821107e-07 2.0617976600e-21
7.6603804377e-02 6.1584821107e-07 2.8153911744e-21
8.4940231802e-02 6.1584821107e-07 3.6690156978e-21
9.4183872945e-02 6.1584821107e-07 4.4863406229e-21
1.0443345556e-01 6.1584821107e-07 5.0197895275e-21
1.1579845146e-01 6.1584821107e-07 4.9690965524e-21
1.2840024578e-01 6.1584821107e-07 4.1618466762e-21
1.4237343339e-01 6.1584821107e-07 2.7702475614e-21
1.5786725650e-01 6.1584821107e-07 1.3491989881e-21
1.7504719864e-01 6.1584821107e-07 4.3737503147e-22
1.9409675211e-01 6.1584821107e-07 8.4694985932e-23
2.1521937781e-01 6.1584821107e-07 8.1107717068e-24
2.3864067833e-01 6.1584821107e-07 2.8087806266e-25
2.6461080752e-01 6.1584821107e-07 1.9162316088e-27
2.9340714225e-01 6.1584821107e-07 1.0059406511e-30
3.2533724503e-01 6.1584821107e-07 1.0010618478e-35
3.6074214893e-01 6.1584821107e-07 1.2324050920e-43
4.0000000000e-01 6.1584821107e-07 nan
2.0000000000e-02 1.1288378917e-06 6.5352958105e-23
2.2176504808e-02 1.1288378917e-06 9.7469570988e-23
2.4589868274e-02 1.1288378917e-06 1.4502984742e-22
2.7265866600e-02 1.1288378917e-06 2.1596479257e-22
3.0233081086e-02 1.1288378917e-06 3.2033047790e-22
3.3523203403e-02 1.1288378917e-06 4.7652634584e-22
3.7171374071e-02 1.1288378917e-06 7.0968730416e-22
4.1216557790e-02 1.1288378917e-06 1.0552354065e-21
4.5701959599e-02 1.1288378917e-06 1.5641954923e-21
5.0675486338e-02 1.1288378917e-06 2.2948517291e-21
5.6190258320e-02 1.1288378917e-06 3.3824005054e-21
6.2305176688e-02 1.1288378917e-06 4.9007670570e-21
6.9085552518e-02 1.1288378917e-06 6.9272654807e-21
7.6603804377e-02 1.1288378917e-06 9.4592027508e-21
8.4940231802e-02 1.1288378917e-06 1.2327226034e-20
9.4183872945e-02 1.1288378917e-06 1.5073289263e-20
1.0443345556e-01 1.1288378917e-06 1.6865580648e-20
1.1579845146e-01 1.1288378917e-06 1.6695261463e-20
1.2840024578e-01 1.1288378917e-06 1.3983048567e-20
1.4237343339e-01 1.1288378917e-06 9.3075284144e-21
1.5786725650e-01 1.1288378917e-06 4.5330634321e-21
1.7504719864e-01 1.1288378917e-06 1.4695006287e-21
1.9409675211e-01 1.1288378917e-06 2.8455976249e-22
2.1521937781e-01 1.1288378917e-06 2.7250719096e-23
2.3864067833e-01 1.1288378917e-06 9.4369925113e-25
2.6461080752e-01 1.1288378917e-06 6.4381899998e-27
2.9340714225e-01 1.1288378917e-06 3.3797777946e-30
3.2533724503e-01 1.1288378917e-06 3.3633859018e-35
3.6074214893e-01 1.1288378917e-06 4.1406571641e-43
4.0000000000e-01 1.1288378917e-06 nan
2.0000000000e-02 2.0691380811e-06 2.1957406370e-22
2.2176504808e-02 2.0691380811e-06 3.2748004696e-22
2.4589868274e-02 2.0691380811e-06 4.8727393343e-22
2.7265866600e-02 2.0691380811e-06 7.2560245928e-22
3.0233081086e-02 2.0691380811e-06 1.0762521973e-21
3.3523203403e-02 2.0691380811e-06 1.6010419306e-21
3.7171374071e-02 2.0691380811e-06 2.3844203821e-21
4.1216557790e-02 2.0691380811e-06 3.5453992150e-21
4.5701959599e-02 2.0691380811e-06 5.2554126184e-21
5.0675486338e-02 2.0691380811e-06 7.7102848038e-21
5.6190258320e-02 2.0691380811e-06 1.1364251070e-20
6.2305176688e-02 2.0691380811e-06 1.6465686775e-20
6.9085552518e-02 2.0691380811e-06 2.3274353236e-20
7.6603804377e-02 2.0691380811e-06 3.1781202376e-20
8.4940231802e-02 2.0691380811e-06 4.1417239449e-20
9.4183872945e-02 2.0691380811e-06 5.0643512901e-20
1.0443345556e-01 2.0691380811e-06 5.6665286269e-20
1.1579845146e-01 2.0691380811e-06 5.6093044758e-20
1.2840024578e-01 2.0691380811e-06 4.6980502275e-20
1.4237343339e-01 2.0691380811e-06 3.1271604167e-20
1.5786725650e-01 2.0691380811e-06 1.5230269412e-20
1.7504719864e-01 2.0691380811e-06 4.9372550840e-21
1.9409675211e-01 2.0691380811e-06 9.5606909355e-22
2.1521937781e-01 2.0691380811e-06 9.1557464334e-23
2.3864067833e-01 2.0691380811e-06 3.1706580007e-24
2.6461080752e-01 2.0691380811e-06 2.1631148492e-26
2.9340714225e-01 2.0691380811e-06 1.1355439238e-29
3.2533724503e-01 2.0691380811e-06 1.1300365457e-34
3.6074214893e-01 2.0691380811e-06 1.3911855657e-42
4.0000000000e-01 2.0691380811e-06 nan
2.0000000000e-02 3.7926901907e-06 7.3772895443e-22
2.2176504808e-02 3.7926901907e-06 1.1002734502e-21
2.4589868274e-02 3.7926901907e-06 1.6371518720e-21
2.7265866600e-02 3.7926901907e-06 2.4378924113e-21
3.0233081086e-02 3.7926901907e-06 3.6160118132e-21
3.3523203403e-02 3.7926901907e-06 5.3792099557e-21
3.7171374071e-02 3.7926901907e-06 8.0112192019e-21
4.1216557790e-02 3.7926901907e-06 1.1911897115e-20
4.5701959599e-02 3.7926901907e-06 1.7657231417e-20
5.0675486338e-02 3.7926901907e-06 2.5905155876e-20
5.6190258320e-02 3.7926901907e-06 3.8181818554e-20
6.2305176688e-02 3.7926901907e-06 5.5321715523e-20
6.9085552518e-02 3.7926901907e-06 7.8197597604e-20
7.6603804377e-02 3.7926901907e-06 1.0677906490e-19
8.4940231802e-02 3.7926901907e-06 1.3915439847e-19
9.4183872945e-02 3.7926901907e-06 1.7015300073e-19
1.0443345556e-01 3.7926901907e-06 1.9038506500e-19
1.1579845146e-01 3.7926901907e-06 1.8846243751e-19
1.2840024578e-01 3.7926901907e-06 1.5784595064e-19
1.4237343339e-01 3.7926901907e-06 1.0506690752e-19
1.5786725650e-01 3.7926901907e-06 5.1170937676e-20
1.7504719864e-01 3.7926901907e-06 1.6588279915e-20
1.9409675211e-01 3.7926901907e-06 3.2122184235e-21
2.1521937781e-01 3.7926901907e-06 3.0761644291e-22
2.3864067833e-01 3.7926901907e-06 1.0652834730e-23
2.6461080752e-01 3.7926901907e-06 7.2676728255e-26
2.9340714225e-01 3.7926901907e-06 3.8152212398e-29
3.2533724503e-01 3.7926901907e-06 3.7967174499e-34
3.6074214893e-01 3.7926901907e-06 4.6741307024e-42
4.0000000000e-01 3.7926901907e-06 nan
2.0000000000e-02 6.9519279618e-06 2.4786352314e-21
2.2176504808e-02 6.9519279618e-06 3.6967188578e-21
2.4589868274e-02 6.9519279618e-06 5.5005327969e-21
2.7265866600e-02 6.9519279618e-06 8.1908755034e-21
3.0233081086e-02 6.9519279618e-06 1.2149142613e-20
3.3523203403e-02 6.9519279618e-06 1.8073167975e-20
3.7171374071e-02 6.9519279618e-06 2.6916240770e-20
4.1216557790e-02 6.9519279618e-06 4.0021809750e-20
4.5701959599e-02 6.9519279618e-06 5.9325089001e-20
5.0675486338e-02 6.9519279618e-06 8.7036616423e-20
5.6190258320e-02 6.9519279618e-06 1.2828397218e-19
6.2305176688e-02 6.9519279618e-06 1.8587091144e-19
6.9085552518e-02 6.9519279618e-06 2.6272971837e-19
7.6603804377e-02 6.9519279618e-06 3.5875825485e-19
8.4940231802e-02 6.9519279618e-06 4.6753349258e-19
9.4183872945e-02 6.9519279618e-06 5.7168316331e-19
1.0443345556e-01 6.9519279618e-06 6.3965922284e-19
1.1579845146e-01 6.9519279618e-06 6.3319954382e-19
1.2840024578e-01 6.9519279618e-06 5.3033371138e-19
1.4237343339e-01 6.9519279618e-06 3.5300571717e-19
1.5786725650e-01 6.9519279618e-06 1.7192505213e-19
1.7504719864e-01 6.9519279618e-06 5.5733606197e-20
1.9409675211e-01 6.9519279618e-06 1.0792470198e-20
2.1521937781e-01 6.9519279618e-06 1.0335353500e-21
2.3864067833e-01 6.9519279618e-06 3.5791588925e-23
2.6461080752e-01 6.9519279618e-06 2.4418060056e-25
2.9340714225e-01 6.9519279618e-06 1.2818450086e-28
3.2533724503e-01 6.9519279618e-06 1.2756280713e-33
3.6074214893e-01 6.9519279618e-06 1.5704229798e-41
4.0000000000e-01 6.9519279618e-06 nan
2.0000000000e-02 1.2742749857e-05 8.3277639755e-21
2.2176504808e-02 1.2742749857e-05 1.2420303618e-20
2.4589868274e-02 1.2742749857e-05 1.8480790675e-20
2.7265866600e-02 1.2742749857e-05 2.7519853297e-20
3.0233081086e-02 1.2742749857e-05 4.0818911515e-20
3.3523203403e-02 1.2742749857e-05 6.0722560253e-20
3.7171374071e-02 1.2742749857e-05 9.0433677937e-20
4.1216557790e-02 1.2742749857e-05 1.3446600825e-19
4.5701959599e-02 1.2742749857e-05 1.9932151886e-19
5.0675486338e-02 1.2742749857e-05 2.9242721543e-19
5.6190258320e-02 1.2742749857e-05 4.3101083557e-19
6.2305176688e-02 1.2742749857e-05 6.2449248715e-19
6.9085552518e-02 1.2742749857e-05 8.8272411214e-19
7.6603804377e-02 1.2742749857e-05 1.2053625450e-18
8.4940231802e-02 1.2742749857e-05 1.5708275778e-18
9.4183872945e-02 1.2742749857e-05 1.9207515460e-18
1.0443345556e-01 1.2742749857e-05 2.1491387539e-18
1.1579845146e-01 1.2742749857e-05 2.1274354062e-18
1.2840024578e-01 1.2742749857e-05 1.7818249013e-18
1.4237343339e-01 1.2742749857e-05 1.1860350637e-18
1.5786725650e-01 1.2742749857e-05 5.7763693400e-19
1.7504719864e-01 1.2742749857e-05 1.8725478925e-19
1.9409675211e-01 1.2742749857e-05 3.6260738725e-20
2.1521937781e-01 1.2742749857e-05 3.4724909682e-21
2.3864067833e-01 1.2742749857e-05 1.2025323495e-22
2.6461080752e-01 1.2742749857e-05 8.2040244667e-25
2.9340714225e-01 1.2742749857e-05 4.3067662978e-28
3.2533724503e-01 1.2742749857e-05 4.2858785163e-33
3.6074214893e-01 1.2742749857e-05 5.2763358355e-41
4.0000000000e-01 1.2742749857e-05 nan
2.0000000000e-02 2.3357214691e-05 2.7979773689e-20
2.2176504808e-02 2.3357214691e-05 4.1729963216e-20
2.4589868274e-02 2.3357214691e-05 6.2092098456e-20
2.7265866600e-02 2.3357214691e-05 9.2461706343e-20
3.0233081086e-02 2.3357214691e-05 1.3714412533e-19
3.3523203403e-02 2.3357214691e-05 2.0401676833e-19
3.7171374071e-02 2.3357214691e-05 3.0384072483e-19
4.1216557790e-02 2.3357214691e-05 4.5178135339e-19
4.5701959599e-02 2.3357214691e-05 6.6968408392e-19
5.0675486338e-02 2.3357214691e-05 9.8250230582e-19
5.6190258320e-02 2.3357214691e-05 1.4481180869e-18
6.2305176688e-02 2.3357214691e-05 2.0981812780e-18
6.9085552518e-02 2.3357214691e-05 2.9657926137e-18
7.6603804377e-02 2.3357214691e-05 4.0497991203e-18
8.4940231802e-02 2.3357214691e-05 5.2776952206e-18
9.4183872945e-02 2.3357214691e-05 6.4533761677e-18
1.0443345556e-01 2.3357214691e-05 7.2207156850e-18
1.1579845146e-01 2.3357214691e-05 7.1477963805e-18
1.2840024578e-01 2.3357214691e-05 5.9866078862e-18
1.4237343339e-01 2.3357214691e-05 3.9848622950e-18
1.5786725650e-01 2.3357214691e-05 1.9407551335e-18
1.7504719864e-01 2.3357214691e-05 6.2914206505e-19
1.9409675211e-01 2.3357214691e-05 1.2182949302e-19
2.1521937781e-01 2.3357214691e-05 1.1666938650e-20
2.3864067833e-01 2.3357214691e-05 4.0402901754e-22
2.6461080752e-01 2.3357214691e-05 2.7564031398e-24
2.9340714225e-01 2.3357214691e-05 1.4469952137e-27
3.2533724503e-01 2.3357214691e-05 1.4399772966e-32
3.6074214893e-01 2.3357214691e-05 1.7727529520e-40
4.0000000000e-01 2.3357214691e-05 nan
2.0000000000e-02 4.2813323987e-05 9.4006955285e-20
2.2176504808e-02 4.2813323987e-05 1.4020509350e-19
2.4589868274e-02 4.2813323987e-05 2.0861816783e-19
2.7265866600e-02 4.2813323987e-05 3.1065453175e-19
3.0233081086e-02 4.2813323987e-05 4.6077934015e-19
3.3523203403e-02 4.2813323987e-05 6.8545926894e-19
3.7171374071e-02 4.2813323987e-05 1.0208496234e-18
4.1216557790e-02 4.2813323987e-05 1.5179032525e-18
4.5701959599e-02 4.2813323987e-05 2.2500168312e-18
5.0675486338e-02 4.2813323987e-05 3.3010292134e-18
5.6190258320e-02 4.2813323987e-05 4.8654136292e-18
6.2305176688e-02 4.2813323987e-05 7.0495078257e-18
6.9085552518e-02 4.2813323987e-05 9.9645242568e-18
7.6603804377e-02 4.2813323987e-05 1.3606589140e-17
8.4940231802e-02 4.2813323987e-05 1.7732096911e-17
9.4183872945e-02 4.2813323987e-05 2.1682171256e-17
1.0443345556e-01 4.2813323987e-05 2.4260292598e-17
1.1579845146e-01 4.2813323987e-05 2.4015296984e-17
1.2840024578e-01 4.2813323987e-05 2.0113914647e-17
1.4237343339e-01 4.2813323987e-05 1.3388413205e-17
1.5786725650e-01 4.2813323987e-05 6.5205845852e-18
1.7504719864e-01 4.2813323987e-05 2.1138030140e-18
1.9409675211e-01 4.2813323987e-05 4.0932495819e-19
2.1521937781e-01 4.2813323987e-05 3.9198793781e-20
2.3864067833e-01 4.2813323987e-05 1.3574640789e-21
2.6461080752e-01 4.2813323987e-05 9.2610136439e-24
2.9340714225e-01 4.2813323987e-05 4.8616409509e-27
3.2533724503e-01 4.2813323987e-05 4.8380620014e-32
3.6074214893e-01 4.2813323987e-05 5.9561276674e-40
4.0000000000e-01 4.2813323987e-05 nan
2.0000000000e-02 7.8475997035e-05 3.1584628741e-19
2.2176504808e-02 7.8475997035e-05 4.7106363697e-19
2.4589868274e-02 7.8475997035e-05 7.0091913511e-19
2.7265866600e-02 7.8475997035e-05 1.0437427765e-18
3.0233081086e-02 7.8475997035e-05 1.5481348530e-18
3.3523203403e-02 7.8475997035e-05 2.3030185863e-18
3.7171374071e-02 7.8475997035e-05 3.4298692322e-18
4.1216557790e-02 7.8475997035e-05 5.0998791047e-18
4.5701959599e-02 7.8475997035e-05 7.5596476939e-18
5.0675486338e-02 7.8475997035e-05 1.1090858315e-17
5.6190258320e-02 7.8475997035e-05 1.6346905682e-17
6.2305176688e-02 7.8475997035e-05 2.3685065302e-17
6.9085552518e-02 7.8475997035e-05 3.3478990812e-17
7.6603804377e-02 7.8475997035e-05 4.5715667005e-17
8.4940231802e-02 7.8475997035e-05 5.9576623454e-17
9.4183872945e-02 7.8475997035e-05 7.2848155468e-17
1.0443345556e-01 7.8475997035e-05 8.1510174690e-17
1.1579845146e-01 7.8475997035e-05 8.0687033944e-17
1.2840024578e-01 7.8475997035e-05 6.7579098219e-17
1.4237343339e-01 7.8475997035e-05 4.4982635488e-17
1.5786725650e-01 7.8475997035e-05 2.1907979308e-17
1.7504719864e-01 7.8475997035e-05 7.1019940103e-18
1.9409675211e-01 7.8475997035e-05 1.3752574765e-18
2.1521937781e-01 7.8475997035e-05 1.3170082367e-19
2.3864067833e-01 7.8475997035e-05 4.5608326075e-21
2.6461080752e-01 7.8475997035e-05 3.1115322656e-23
2.9340714225e-01 7.8475997035e-05 1.6334229849e-26
3.2533724503e-01 7.8475997035e-05 1.6255008600e-31
3.6074214893e-01 7.8475997035e-05 2.0011505321e-39
4.0000000000e-01 7.8475997035e-05 nan
2.0000000000e-02 1.4384498883e-04 1.0611861321e-18
2.2176504808e-02 1.4384498883e-04 1.5826882215e-18
2.4589868274e-02 1.4384498883e-04 2.3549609274e-18
2.7265866600e-02 1.4384498883e-04 3.5067860666e-18
3.0233081086e-02 1.4384498883e-04 5.2014517887e-18
3.3523203403e-02 1.4384498883e-04 7.7377239598e-18
3.7171374071e-02 1.4384498883e-04 1.1523737366e-17
4.1216557790e-02 1.4384498883e-04 1.7134667074e-17
4.5701959599e-02 1.4384498883e-04 2.5399042560e-17
5.0675486338e-02 1.4384498883e-04 3.7263268576e-17
5.6190258320e-02 1.4384498883e-04 5.4922632632e-17
6.2305176688e-02 1.4384498883e-04 7.9577515510e-17
6.9085552518e-02 1.4384498883e-04 1.1248332553e-16
7.6603804377e-02 1.4384498883e-04 1.5359633396e-16
8.4940231802e-02 1.4384498883e-04 2.0016662889e-16
9.4183872945e-02 1.4384498883e-04 2.4475656480e-16
1.0443345556e-01 1.4384498883e-04 2.7385937534e-16
1.1579845146e-01 1.4384498883e-04 2.7109377194e-16
1.2840024578e-01 1.4384498883e-04 2.2705348973e-16
1.4237343339e-01 1.4384498883e-04 1.5113348102e-16
1.5786725650e-01 1.4384498883e-04 7.3606829288e-17
1.7504719864e-01 1.4384498883e-04 2.3861409236e-17
1.9409675211e-01 1.4384498883e-04 4.6206151842e-18
2.1521937781e-01 1.4384498883e-04 4.4249083040e-19
2.3864067833e-01 1.4384498883e-04 1.5323568483e-20
2.6461080752e-01 1.4384498883e-04 1.0454182627e-22
2.9340714225e-01 1.4384498883e-04 5.4880040540e-26
3.2533724503e-01 1.4384498883e-04 5.4613868568e-31
3.6074214893e-01 1.4384498883e-04 6.7235006487e-39
4.0000000000e-01 1.4384498883e-04 nan
2.0000000000e-02 2.6366508987e-04 3.5653925717e-18
2.2176504808e-02 2.6366508987e-04 5.3175448281e-18
2.4589868274e-02 2.6366508987e-04 7.9122407872e-18
2.7265866600e-02 2.6366508987e-04 1.1782163953e-17
3.0233081086e-02 2.6366508987e-04 1.7475932835e-17
3.3523203403e-02 2.6366508987e-04 2.5997346454e-17
3.7171374071e-02 2.6366508987e-04 3.8717663528e-17
4.1216557790e-02 2.6366508987e-04 5.7569367762e-17
4.5701959599e-02 2.6366508987e-04 8.5336167643e-17
5.0675486338e-02 2.6366508987e-04 1.2519781116e-16
5.6190258320e-02 2.6366508987e-04 1.8453006544e-16
6.2305176688e-02 2.6366508987e-04 2.6736599176e-16
6.9085552518e-02 2.6366508987e-04 3.7792353394e-16
7.6603804377e-02 2.6366508987e-04 5.1605577139e-16
8.4940231802e-02 2.6366508987e-04 6.7252349971e-16
9.4183872945e-02 2.6366508987e-04 8.2233758146e-16
1.0443345556e-01 2.6366508987e-04 9.2011773593e-16
1.1579845146e-01 2.6366508987e-04 9.1082581031e-16
1.2840024578e-01 2.6366508987e-04 7.6285846409e-16
1.4237343339e-01 2.6366508987e-04 5.0778103026e-16
1.5786725650e-01 2.6366508987e-04 2.4730556870e-16
1.7504719864e-01 2.6366508987e-04 8.0169997858e-17
1.9409675211e-01 2.6366508987e-04 1.5524427007e-17
2.1521937781e-01 2.6366508987e-04 1.4866887236e-18
2.3864067833e-01 2.6366508987e-04 5.1484402073e-20
2.6461080752e-01 2.6366508987e-04 3.5124149698e-22
2.9340714225e-01 2.6366508987e-04 1.8438692313e-25
3.2533724503e-01 2.6366508987e-04 1.8349260012e-30
3.6074214893e-01 2.6366508987e-04 2.2589723464e-38
4.0000000000e-01 2.6366508987e-04 nan
2.0000000000e-02 4.8329302386e-04 1.1979071160e-17
2.2176504808e-02 4.8329302386e-04 1.7865984351e-17
2.4589868274e-02 4.8329302386e-04 2.6583691282e-17
2.7265866600e-02 4.8329302386e-04 3.9585929900e-17
3.0233081086e-02 4.8329302386e-04 5.8715958707e-17
3.3523203403e-02 4.8329302386e-04 8.7346360010e-17
3.7171374071e-02 4.8329302386e-04 1.3008431392e-16
4.1216557790e-02 4.8329302386e-04 1.9342261453e-16
4.5701959599e-02 4.8329302386e-04 2.8671401650e-16
5.0675486338e-02 4.8329302386e-04 4.2064189529e-16
5.6190258320e-02 4.8329302386e-04 6.1998748808e-16
6.2305176688e-02 4.8329302386e-04 8.9830114791e-16
6.9085552518e-02 4.8329302386e-04 1.2697543994e-15
7.6603804377e-02 4.8329302386e-04 1.7338536157e-15
8.4940231802e-02 4.8329302386e-04 2.2595567486e-15
9.4183872945e-02 4.8329302386e-04 2.7629048363e-15
1.0443345556e-01 4.8329302386e-04 3.0914283812e-15
1.1579845146e-01 4.8329302386e-04 3.0602091912e-15
1.2840024578e-01 4.8329302386e-04 2.5630657874e-15
1.4237343339e-01 4.8329302386e-04 1.7060519579e-15
1.5786725650e-01 4.8329302386e-04 8.3090174557e-16
1.7504719864e-01 4.8329302386e-04 2.6935661093e-16
1.9409675211e-01 4.8329302386e-04 5.2159249425e-17
2.1521937781e-01 4.8329302386e-04 4.9950032836e-18
2.3864067833e-01 4.8329302386e-04 1.7297819573e-19
2.6461080752e-01 4.8329302386e-04 1.1801071236e-21
2.9340714225e-01 4.8329302386e-04 6.1950609740e-25
3.2533724503e-01 4.8329302386e-04 6.1650095587e-30
3.6074214893e-01 4.8329302386e-04 7.5897174488e-38
4.0000000000e-01 4.8329302386e-04 nan
2.0000000000e-02 8.8586679041e-04 4.0247502336e-17
2.2176504808e-02 8.8586679041e-04 6.0026460925e-17
2.4589868274e-02 8.8586679041e-04 8.9316372085e-17
2.7265866600e-02 8.8586679041e-04 1.3300153115e-16
3.0233081086e-02 8.8586679041e-04 1.9727495175e-16
3.3523203403e-02 8.8586679041e-04 2.9346789758e-16
3.7171374071e-02 8.8586679041e-04 4.3705965660e-16
4.1216557790e-02 8.8586679041e-04 6.4986483713e-16
4.5701959599e-02 8.8586679041e-04 9.6330699527e-16
5.0675486338e-02 8.8586679041e-04 1.4132803311e-15
5.6190258320e-02 8.8586679041e-04 2.0830452981e-15
6.2305176688e-02 8.8586679041e-04 3.0181286195e-15
6.9085552518e-02 8.8586679041e-04 4.2661440413e-15
7.6603804377e-02 8.8586679041e-04 5.8254330640e-15
8.4940231802e-02 8.8586679041e-04 7.5917000408e-15
9.4183872945e-02 8.8586679041e-04 9.2828581088e-15
1.0443345556e-01 8.8586679041e-04 1.0386637453e-14
1.1579845146e-01 8.8586679041e-04 1.0281746553e-14
1.2840024578e-01 8.8586679041e-04 8.6114349612e-15
1.4237343339e-01 8.8586679041e-04 5.7320241924e-15
1.5786725650e-01 8.8586679041e-04 2.7916785805e-15
1.7504719864e-01 8.8586679041e-04 9.0498911024e-16
1.9409675211e-01 8.8586679041e-04 1.7524555127e-16
2.1521937781e-01 8.8586679041e-04 1.6782295742e-17
2.3864067833e-01 8.8586679041e-04 5.8117485570e-19
2.6461080752e-01 8.8586679041e-04 3.9649400649e-21
2.9340714225e-01 8.8586679041e-04 2.0814227368e-24
3.2533724503e-01 8.8586679041e-04 2.0713217323e-29
3.6074214893e-01 8.8586679041e-04 2.5499855315e-37
4.0000000000e-01 8.8586679041e-04 nan
2.0000000000e-02 1.6237767392e-03 1.3522429432e-16
2.2176504808e-02 1.6237767392e-03 2.0167800107e-16
2.4589868274e-02 1.6237767392e-03 3.0008678017e-16
2.7265866600e-02 1.6237767392e-03 4.4686097642e-16
3.0233081086e-02 1.6237767392e-03 6.6280799019e-16
3.3523203403e-02 1.6237767392e-03 9.8599880842e-16
3.7171374071e-02 1.6237767392e-03 1.4684410258e-15
4.1216557790e-02 1.6237767392e-03 2.1834277618e-15
4.5701959599e-02 1.6237767392e-03 3.2365364545e-15
5.0675486338e-02 1.6237767392e-03 4.7483650929e-15
5.6190258320e-02 1.6237767392e-03 6.9986536661e-15
6.2305176688e-02 1.6237767392e-03 1.0140363684e-14
6.9085552518e-02 1.6237767392e-03 1.4333468662e-14
7.6603804377e-02 1.6237767392e-03 1.9572396311e-14
8.4940231802e-02 1.6237767392e-03 2.5506732148e-14
9.4183872945e-02 1.6237767392e-03 3.1188715480e-14
1.0443345556e-01 1.6237767392e-03 3.4897212723e-14
1.1579845146e-01 1.6237767392e-03 3.4544797288e-14
1.2840024578e-01 1.6237767392e-03 2.8932852814e-14
1.4237343339e-01 1.6237767392e-03 1.9258555489e-14
1.5786725650e-01 1.6237767392e-03 9.3795293762e-15
1.7504719864e-01 1.6237767392e-03 3.0405971926e-15
1.9409675211e-01 1.6237767392e-03 5.8879265754e-16
2.1521937781e-01 1.6237767392e-03 5.6385377989e-17
2.3864067833e-01 1.6237767392e-03 1.9526368343e-18
2.6461080752e-01 1.6237767392e-03 1.3321416854e-20
2.9340714225e-01 1.6237767392e-03 6.9931437248e-24
3.2533724503e-01 1.6237767392e-03 6.9591579272e-29
3.6074214893e-01 1.6237767392e-03 8.5672440161e-37
4.0000000000e-01 1.6237767392e-03 nan
2.0000000000e-02 2.9763514416e-03 4.5432905678e-16
2.2176504808e-02 2.9763514416e-03 6.7760143583e-16
2.4589868274e-02 2.9763514416e-03 1.0082370513e-15
2.7265866600e-02 2.9763514416e-03 1.5013716794e-15
3.0233081086e-02 2.9763514416e-03 2.2269144044e-15
3.3523203403e-02 2.9763514416e-03 3.3127768236e-15
3.7171374071e-02 2.9763514416e-03 4.9336950032e-15
4.1216557790e-02 2.9763514416e-03 7.3359205034e-15
4.5701959599e-02 2.9763514416e-03 1.0874174325e-14
5.0675486338e-02 2.9763514416e-03 1.5953643787e-14
5.6190258320e-02 2.9763514416e-03 2.3514204366e-14
6.2305176688e-02 2.9763514416e-03 3.4069778852e-14
6.9085552518e-02 2.9763514416e-03 4.8157848990e-14
7.6603804377e-02 2.9763514416e-03 6.5759692510e-14
8.4940231802e-02 2.9763514416e-03 8.5697979751e-14
9.4183872945e-02 2.9763514416e-03 1.0478840595e-13
1.0443345556e-01 2.9763514416e-03 1.1724827398e-13
1.1579845146e-01 2.9763514416e-03 1.1606421008e-13
1.2840024578e-01 2.9763514416e-03 9.7209084610e-14
1.4237343339e-01 2.9763514416e-03 6.4705199370e-14
1.5786725650e-01 2.9763514416e-03 3.1513476295e-14
1.7504719864e-01 2.9763514416e-03 1.0215834081e-14
1.9409675211e-01 2.9763514416e-03 1.9782301265e-15
2.1521937781e-01 2.9763514416e-03 1.8944365177e-16
2.3864067833e-01 2.9763514416e-03 6.5604476721e-18
2.6461080752e-01 2.9763514416e-03 4.4756848203e-20
2.9340714225e-01 2.9763514416e-03 2.3495032397e-23
3.2533724503e-01 2.9763514416e-03 2.3380301567e-28
3.6074214893e-01 2.9763514416e-03 2.8781628889e-36
4.0000000000e-01 2.9763514416e-03 nan
2.0000000000e-02 5.4555947812e-03 1.5264630725e-15
2.2176504808e-02 5.4555947812e-03 2.2766176938e-15
2.4589868274e-02 5.4555947812e-03 3.3874932790e-15
2.7265866600e-02 5.4555947812e-03 5.0443360164e-15
3.0233081086e-02 5.4555947812e-03 7.4820277223e-15
3.3523203403e-02 5.4555947812e-03 1.1130328114e-14
3.7171374071e-02 5.4555947812e-03 1.6576318605e-14
4.1216557790e-02 5.4555947812e-03 2.4647359656e-14
4.5701959599e-02 5.4555947812e-03 3.6535249299e-14
5.0675486338e-02 5.4555947812e-03 5.3601343204e-14
5.6190258320e-02 5.4555947812e-03 7.9003451552e-14
6.2305176688e-02 5.4555947812e-03 1.1446826056e-13
6.9085552518e-02 5.4555947812e-03 1.6180160895e-13
7.6603804377e-02 5.4555947812e-03 2.2094058894e-13
8.4940231802e-02 5.4555947812e-03 2.8792957915e-13
9.4183872945e-02 5.4555947812e-03 3.5206988240e-13
1.0443345556e-01 5.4555947812e-03 3.9393267517e-13
1.1579845146e-01 5.4555947812e-03 3.8995429929e-13
1.2840024578e-01 5.4555947812e-03 3.2660437074e-13
1.4237343339e-01 5.4555947812e-03 2.1739717554e-13
1.5786725650e-01 5.4555947812e-03 1.0587912474e-13
1.7504719864e-01 5.4555947812e-03 3.4323120751e-14
1.9409675211e-01 5.4555947812e-03 6.6464236411e-15
2.1521937781e-01 5.4555947812e-03 6.3648527011e-16
2.3864067833e-01 5.4555947812e-03 2.2041265579e-17
2.6461080752e-01 5.4555947812e-03 1.5036706864e-19
2.9340714225e-01 5.4555947812e-03 7.8931592228e-23
3.2533724503e-01 5.4555947812e-03 7.8539969492e-28
3.6074214893e-01 5.4555947812e-03 9.6669958861e-36
4.0000000000e-01 5.4555947812e-03 nan
2.0000000000e-02 1.0000000000e-02 5.1286385392e-15
2.2176504808e-02 1.0000000000e-02 7.6490217459e-15
2.4589868274e-02 1.0000000000e-02 1.1381361833e-14
2.7265866600e-02 1.0000000000e-02 1.6948052315e-14
3.0233081086e-02 1.0000000000e-02 2.5138253385e-14
3.3523203403e-02 1.0000000000e-02 3.7395879519e-14
3.7171374071e-02 1.0000000000e-02 5.5693417406e-14
4.1216557790e-02 1.0000000000e-02 8.2810647446e-14
4.5701959599e-02 1.0000000000e-02 1.2275179367e-13
5.0675486338e-02 1.0000000000e-02 1.8009076262e-13
5.6190258320e-02 1.0000000000e-02 2.6543721564e-13
6.2305176688e-02 1.0000000000e-02 3.8459249362e-13
6.9085552518e-02 1.0000000000e-02 5.4362386098e-13
7.6603804377e-02 1.0000000000e-02 7.4231990969e-13
8.4940231802e-02 1.0000000000e-02 9.6739038439e-13
9.4183872945e-02 1.0000000000e-02 1.1828894730e-12
1.0443345556e-01 1.0000000000e-02 1.3235397247e-12
1.1579845146e-01 1.0000000000e-02 1.3101715656e-12
1.2840024578e-01 1.0000000000e-02 1.0973258135e-12
1.4237343339e-01 1.0000000000e-02 7.3040894939e-13
1.5786725650e-01 1.0000000000e-02 3.5572977475e-13
1.7504719864e-01 1.0000000000e-02 1.1531690434e-13
1.9409675211e-01 1.0000000000e-02 2.2329984250e-14
2.1521937781e-01 1.0000000000e-02 2.1383509606e-15
2.3864067833e-01 1.0000000000e-02 7.4047349954e-17
2.6461080752e-01 1.0000000000e-02 5.0511789279e-19
2.9340714225e-01 1.0000000000e-02 2.6511175680e-22
3.2533724503e-01 1.0000000000e-02 2.6372661528e-27
3.6074214893e-01 1.0000000000e-02 3.2444285136e-35
4.0000000000e-01 1.0000000000e-02 nan
