2.0000000000e-02 1.0000000000e-07 3.9259630354e-26
2.2176504808e-02 1.0000000000e-07 6.2336630982e-26
2.4589868274e-02 1.0000000000e-07 9.6986484086e-26
2.7265866600e-02 1.0000000000e-07 1.5192036728e-25
3.0233081086e-02 1.0000000000e-07 2.3534450340e-25
3.3523203403e-02 1.0000000000e-07 3.7356030582e-25
3.7171374071e-02 1.0000000000e-07 5.7296129767e-25
4.1216557790e-02 1.0000000000e-07 8.8342690669e-25
4.5701959599e-02 1.0000000000e-07 1.3475485931e-24
5.0675486338e-02 1.0000000000e-07 2.0432437553e-24
5.6190258320e-02 1.0000000000e-07 3.0959983962e-24
6.2305176688e-02 1.0000000000e-07 4.6017274532e-24
6.9085552518e-02 1.0000000000e-07 6.6581613160e-24
7.6603804377e-02 1.0000000000e-07 9.2867357063e-24
8.4940231802e-02 1.0000000000e-07 1.2335299313e-23
9.4183872945e-02 1.0000000000e-07 1.5354341675e-23
1.0443345556e-01 1.0000000000e-07 1.7498977750e-23
1.1579845146e-01 1.0000000000e-07 1.7657494062e-23
1.2840024578e-01 1.0000000000e-07 1.5070911435e-23
1.4237343339e-01 1.0000000000e-07 1.0247852235e-23
1.5786725650e-01 1.0000000000e-07 5.1533420229e-24
1.7504719864e-01 1.0000000000e-07 1.7453042326e-24
1.9409675211e-01 1.0000000000e-07 3.4777177291e-25
2.1521937781e-01 1.0000000000e-07 3.2099056506e-26
2.3864067833e-01 1.0000000000e-07 9.6684188718e-28
2.6461080752e-01 1.0000000000e-07 5.1609135213e-30
2.9340714225e-01 1.0000000000e-07 1.9674095280e-33
3.2533724503e-01 1.0000000000e-07 1.3413781817e-38
3.6074214893e-01 1.0000000000e-07 1.5543049602e-46
4.0000000000e-01 1.0000000000e-07 nan
2.0000000000e-02 1.8329807108e-07 1.3190522398e-25
2.2176504808e-02 1.8329807108e-07 2.0943975268e-25
2.4589868274e-02 1.8329807108e-07 3.2585696276e-25
2.7265866600e-02 1.8329807108e-07 5.1042482804e-25
3.0233081086e-02 1.8329807108e-07 7.9071476610e-25
3.3523203403e-02 1.8329807108e-07 1.2550947465e-24
3.7171374071e-02 1.8329807108e-07 1.9250458452e-24
4.1216557790e-02 1.8329807108e-07 2.9681538757e-24
4.5701959599e-02 1.8329807108e-07 4.5275184047e-24
5.0675486338e-02 1.8329807108e-07 6.8649277323e-24
5.6190258320e-02 1.8329807108e-07 1.0401992026e-23
6.2305176688e-02 1.8329807108e-07 1.5460968046e-23
6.9085552518e-02 1.8329807108e-07 2.2370212143e-23
7.6603804377e-02 1.8329807108e-07 3.1201744446e-23
8.4940231802e-02 1.8329807108e-07 4.1444364198e-23
9.4183872945e-02 1.8329807108e-07 5.1587797935e-23
1.0443345556e-01 1.8329807108e-07 5.8793385437e-23
1.1579845146e-01 1.8329807108e-07 5.9325971438e-23
1.2840024578e-01 1.8329807108e-07 5.0635523831e-23
1.4237343339e-01 1.8329807108e-07 3.4430921334e-23
1.5786725650e-01 1.8329807108e-07 1.7314292764e-23
1.7504719864e-01 1.8329807108e-07 5.8639050757e-24
1.9409675211e-01 1.8329807108e-07 1.1684499621e-24
2.1521937781e-01 1.8329807108e-07 1.0784699702e-25
2.3864067833e-01 1.8329807108e-07 3.2484130525e-27
2.6461080752e-01 1.8329807108e-07 1.7339731623e-29
2.9340714225e-01 1.8329807108e-07 6.6101385089e-33
3.2533724503e-01 1.8329807108e-07 4.5067869437e-38
3.6074214893e-01 1.8329807108e-07 5.2221822276e-46
4.0000000000e-01 1.8329807108e-07 nan
2.0000000000e-02 3.3598182863e-07 4.4317758357e-25
2.2176504808e-02 3.3598182863e-07 7.0367951093e-25
2.4589868274e-02 3.3598182863e-07 1.0948201822e-24
2.7265866600e-02 3.3598182863e-07 1.7149346710e-24
3.0233081086e-02 3.3598182863e-07 2.6566579304e-24
3.3523203403e-02 3.3598182863e-07 4.2168902804e-24
3.7171374071e-02 3.3598182863e-07 6.4678042328e-24
4.1216557790e-02 3.3598182863e-07 9.9724576681e-24
4.5701959599e-02 3.3598182863e-07 1.5211639127e-23
5.0675486338e-02 3.3598182863e-07 2.3064909729e-23
5.6190258320e-02 3.3598182863e-07 3.4948803022e-23
6.2305176688e-02 3.3598182863e-07 5.1946043164e-23
6.9085552518e-02 3.3598182863e-07 7.5159847825e-23
7.6603804377e-02 3.3598182863e-07 1.0483219155e-22
8.4940231802e-02 3.3598182863e-07 1.3924553269e-22
9.4183872945e-02 3.3598182863e-07 1.7332562685e-22
1.0443345556e-01 3.3598182863e-07 1.9753509150e-22
1.1579845146e-01 3.3598182863e-07 1.9932448369e-22
1.2840024578e-01 3.3598182863e-07 1.7012615890e-22
1.4237343339e-01 3.3598182863e-07 1.1568163911e-22
1.5786725650e-01 3.3598182863e-07 5.8172877443e-23
1.7504719864e-01 3.3598182863e-07 1.9701655502e-23
1.9409675211e-01 3.3598182863e-07 3.9257795492e-24
2.1521937781e-01 3.3598182863e-07 3.6234631271e-25
2.3864067833e-01 3.3598182863e-07 1.0914077575e-26
2.6461080752e-01 3.3598182863e-07 5.8258347385e-29
2.9340714225e-01 3.3598182863e-07 2.2208864237e-32
3.2533724503e-01 3.3598182863e-07 1.5141985186e-37
3.6074214893e-01 3.3598182863e-07 1.7545583343e-45
4.0000000000e-01 3.3598182863e-07 nan
2.0000000000e-02 6.1584821107e-07 1.4889961494e-24
2.2176504808e-02 6.1584821107e-07 2.3642352885e-24
2.4589868274e-02 6.1584821107e-07 3.6783968683e-24
2.7265866600e-02 6.1584821107e-07 5.7618688675e-24
3.0233081086e-02 6.1584821107e-07 8.9258878948e-24
3.3523203403e-02 6.1584821107e-07 1.4167985075e-23
3.7171374071e-02 6.1584821107e-07 2.1730646933e-23
4.1216557790e-02 6.1584821107e-07 3.3505645632e-23
4.5701959599e-02 6.1584821107e-07 5.1108343305e-23
5.0675486338e-02 6.1584821107e-07 7.7493905479e-23
5.6190258320e-02 6.1584821107e-07 1.1742162748e-22
6.2305176688e-02 6.1584821107e-07 1.7452926572e-22
6.9085552518e-02 6.1584821107e-07 2.5252343112e-22
7.6603804377e-02 6.1584821107e-07 3.5221711417e-22
8.4940231802e-02 6.1584821107e-07 4.6783968703e-22
9.4183872945e-02 6.1584821107e-07 5.8234261057e-22
1.0443345556e-01 6.1584821107e-07 6.6368201262e-22
1.1579845146e-01 6.1584821107e-07 6.6969404520e-22
1.2840024578e-01 6.1584821107e-07 5.7159297966e-22
1.4237343339e-01 6.1584821107e-07 3.8866928647e-22
1.5786725650e-01 6.1584821107e-07 1.9545029740e-22
1.7504719864e-01 6.1584821107e-07 6.6193982427e-23
1.9409675211e-01 6.1584821107e-07 1.3189905917e-23
2.1521937781e-01 6.1584821107e-07 1.2174177674e-24
2.3864067833e-01 6.1584821107e-07 3.6669317415e-26
2.6461080752e-01 6.1584821107e-07 1.9573746087e-28
2.9340714225e-01 6.1584821107e-07 7.4617748182e-32
3.2533724503e-01 6.1584821107e-07 5.0874318718e-37
3.6074214893e-01 6.1584821107e-07 5.8949971758e-45
4.0000000000e-01 6.1584821107e-07 nan
2.0000000000e-02 1.1288378917e-06 5.0027564908e-24
2.2176504808e-02 1.1288378917e-06 7.9434009554e-24
2.4589868274e-02 1.1288378917e-06 1.2358745062e-23
2.7265866600e-02 1.1288378917e-06 1.9358832384e-23
3.0233081086e-02 1.1288378917e-06 2.9989361370e-23
3.3523203403e-02 1.1288378917e-06 4.7601855336e-23
3.7171374071e-02 1.1288378917e-06 7.3011024940e-23
4.1216557790e-02 1.1288378917e-06 1.1257288089e-22
4.5701959599e-02 1.1288378917e-06 1.7171474642e-22
5.0675486338e-02 1.1288378917e-06 2.6036544070e-22
5.6190258320e-02 1.1288378917e-06 3.9451533120e-22
6.2305176688e-02 1.1288378917e-06 5.8638661847e-22
6.9085552518e-02 1.1288378917e-06 8.4843284158e-22
7.6603804377e-02 1.1288378917e-06 1.1833855009e-21
8.4940231802e-02 1.1288378917e-06 1.5718563355e-21
9.4183872945e-02 1.1288378917e-06 1.9565653519e-21
1.0443345556e-01 1.1288378917e-06 2.2298509623e-21
1.1579845146e-01 1.1288378917e-06 2.2500502993e-21
1.2840024578e-01 1.1288378917e-06 1.9204485454e-21
1.4237343339e-01 1.1288378917e-06 1.3058581760e-21
1.5786725650e-01 1.1288378917e-06 6.5667748326e-22
1.7504719864e-01 1.1288378917e-06 2.2239975260e-22
1.9409675211e-01 1.1288378917e-06 4.4315687096e-23
2.1521937781e-01 1.1288378917e-06 4.0903024770e-24
2.3864067833e-01 1.1288378917e-06 1.2320224320e-25
2.6461080752e-01 1.1288378917e-06 6.5764230037e-28
2.9340714225e-01 1.1288378917e-06 2.5070207483e-31
3.2533724503e-01 1.1288378917e-06 1.7092846634e-36
3.6074214893e-01 1.1288378917e-06 1.9806119309e-44
4.0000000000e-01 1.1288378917e-06 nan
2.0000000000e-02 2.0691380811e-06 1.6808352740e-23
2.2176504808e-02 2.0691380811e-06 2.6688383785e-23
2.4589868274e-02 2.0691380811e-06 4.1523137656e-23
2.7265866600e-02 2.0691380811e-06 6.5042159046e-23
3.0233081086e-02 2.0691380811e-06 1.0075880473e-22
3.3523203403e-02 2.0691380811e-06 1.5993358402e-22
3.7171374071e-02 2.0691380811e-06 2.4530377669e-22
4.1216557790e-02 2.0691380811e-06 3.7822442375e-22
4.5701959599e-02 2.0691380811e-06 5.7693034504e-22
5.0675486338e-02 2.0691380811e-06 8.7478056880e-22
5.6190258320e-02 2.0691380811e-06 1.3254998240e-21
6.2305176688e-02 2.0691380811e-06 1.9701524836e-21
6.9085552518e-02 2.0691380811e-06 2.8505801758e-21
7.6603804377e-02 2.0691380811e-06 3.9759602458e-21
8.4940231802e-02 2.0691380811e-06 5.2811516596e-21
9.4183872945e-02 2.0691380811e-06 6.5737040477e-21
1.0443345556e-01 2.0691380811e-06 7.4918940388e-21
1.1579845146e-01 2.0691380811e-06 7.5597601407e-21
1.2840024578e-01 2.0691380811e-06 6.4523581408e-21
1.4237343339e-01 2.0691380811e-06 4.3874461792e-21
1.5786725650e-01 2.0691380811e-06 2.2063170165e-21
1.7504719864e-01 2.0691380811e-06 7.4722275568e-22
1.9409675211e-01 2.0691380811e-06 1.4889265588e-22
2.1521937781e-01 2.0691380811e-06 1.3742673059e-23
2.3864067833e-01 2.0691380811e-06 4.1393714963e-25
2.6461080752e-01 2.0691380811e-06 2.2095586267e-27
2.9340714225e-01 2.0691380811e-06 8.4231341546e-31
3.2533724503e-01 2.0691380811e-06 5.7428858687e-36
3.6074214893e-01 2.0691380811e-06 6.6544961839e-44
4.0000000000e-01 2.0691380811e-06 nan
2.0000000000e-02 3.7926901907e-06 5.6473010897e-23
2.2176504808e-02 3.7926901907e-06 8.9668119873e-23
2.4589868274e-02 3.7926901907e-06 1.3951019720e-22
2.7265866600e-02 3.7926901907e-06 2.1852983534e-22
3.0233081086e-02 3.7926901907e-06 3.3853127463e-22
3.3523203403e-02 3.7926901907e-06 5.3734778019e-22
3.7171374071e-02 3.7926901907e-06 8.2417611463e-22
4.1216557790e-02 3.7926901907e-06 1.2707653353e-21
4.5701959599e-02 3.7926901907e-06 1.9383811232e-21
5.0675486338e-02 3.7926901907e-06 2.9391037516e-21
5.6190258320e-02 3.7926901907e-06 4.4534385472e-21
6.2305176688e-02 3.7926901907e-06 6.6193543411e-21
6.9085552518e-02 3.7926901907e-06 9.5774314015e-21
7.6603804377e-02 3.7926901907e-06 1.3358503940e-20
8.4940231802e-02 3.7926901907e-06 1.7743709919e-20
9.4183872945e-02 3.7926901907e-06 2.2086451069e-20
1.0443345556e-01 3.7926901907e-06 2.5171402591e-20
1.1579845146e-01 3.7926901907e-06 2.5399420362e-20
1.2840024578e-01 3.7926901907e-06 2.1678750872e-20
1.4237343339e-01 3.7926901907e-06 1.4741021904e-20
1.5786725650e-01 3.7926901907e-06 7.4128242579e-21
1.7504719864e-01 3.7926901907e-06 2.5105326787e-21
1.9409675211e-01 3.7926901907e-06 5.0025226797e-22
2.1521937781e-01 3.7926901907e-06 4.6172884253e-23
2.3864067833e-01 3.7926901907e-06 1.3907536049e-24
2.6461080752e-01 3.7926901907e-06 7.4237154799e-27
2.9340714225e-01 3.7926901907e-06 2.8300200166e-30
3.2533724503e-01 3.7926901907e-06 1.9295052962e-35
3.6074214893e-01 3.7926901907e-06 2.2357897969e-43
4.0000000000e-01 3.7926901907e-06 nan
2.0000000000e-02 6.9519279618e-06 1.8973905470e-22
2.2176504808e-02 6.9519279618e-06 3.0126858885e-22
2.4589868274e-02 6.9519279618e-06 4.6872891168e-22
2.7265866600e-02 6.9519279618e-06 7.3422053689e-22
3.0233081086e-02 6.9519279618e-06 1.1374035670e-21
3.3523203403e-02 6.9519279618e-06 1.8053908980e-21
3.7171374071e-02 6.9519279618e-06 2.7690819811e-21
4.1216557790e-02 6.9519279618e-06 4.2695406111e-21
4.5701959599e-02 6.9519279618e-06 6.5126083437e-21
5.0675486338e-02 6.9519279618e-06 9.8748545301e-21
5.6190258320e-02 6.9519279618e-06 1.4962744268e-20
6.2305176688e-02 6.9519279618e-06 2.2239827760e-20
6.9085552518e-02 6.9519279618e-06 3.2178429160e-20
7.6603804377e-02 6.9519279618e-06 4.4882145817e-20
8.4940231802e-02 6.9519279618e-06 5.9615641057e-20
9.4183872945e-02 6.9519279618e-06 7.4206462187e-20
1.0443345556e-01 6.9519279618e-06 8.4571338728e-20
1.1579845146e-01 6.9519279618e-06 8.5337437005e-20
1.2840024578e-01 6.9519279618e-06 7.2836663617e-20
1.4237343339e-01 6.9519279618e-06 4.9527154961e-20
1.5786725650e-01 6.9519279618e-06 2.4905742501e-20
1.7504719864e-01 6.9519279618e-06 8.4349336047e-21
1.9409675211e-01 6.9519279618e-06 1.6807567183e-21
2.1521937781e-01 6.9519279618e-06 1.5513250091e-22
2.3864067833e-01 6.9519279618e-06 4.6726793957e-24
2.6461080752e-01 6.9519279618e-06 2.4942335035e-26
2.9340714225e-01 6.9519279618e-06 9.5083530082e-30
3.2533724503e-01 6.9519279618e-06 6.4827871817e-35
3.6074214893e-01 6.9519279618e-06 7.5118474483e-43
4.0000000000e-01 6.9519279618e-06 nan
2.0000000000e-02 1.2742749857e-05 6.3748874561e-22
2.2176504808e-02 1.2742749857e-05 1.0122077139e-21
2.4589868274e-02 1.2742749857e-05 1.5748439688e-21
2.7265866600e-02 1.2742749857e-05 2.4668475861e-21
3.0233081086e-02 1.2742749857e-05 3.8214693034e-21
3.3523203403e-02 1.2742749857e-05 6.0657853533e-21
3.7171374071e-02 1.2742749857e-05 9.3036122770e-21
4.1216557790e-02 1.2742749857e-05 1.4344880620e-20
4.5701959599e-02 1.2742749857e-05 2.1881180607e-20
5.0675486338e-02 1.2742749857e-05 3.3177716829e-20
5.6190258320e-02 1.2742749857e-05 5.0272101813e-20
6.2305176688e-02 1.2742749857e-05 7.4721780004e-20
6.9085552518e-02 1.2742749857e-05 1.0811367474e-19
7.6603804377e-02 1.2742749857e-05 1.5079585428e-19
8.4940231802e-02 1.2742749857e-05 2.0029772103e-19
9.4183872945e-02 1.2742749857e-05 2.4932022870e-19
1.0443345556e-01 1.2742749857e-05 2.8414433047e-19
1.1579845146e-01 1.2742749857e-05 2.8671828149e-19
1.2840024578e-01 1.2742749857e-05 2.4471795447e-19
1.4237343339e-01 1.2742749857e-05 1.6640224102e-19
1.5786725650e-01 1.2742749857e-05 8.3678769158e-20
1.7504719864e-01 1.2742749857e-05 2.8339844197e-20
1.9409675211e-01 1.2742749857e-05 5.6470371636e-21
2.1521937781e-01 1.2742749857e-05 5.2121701408e-22
2.3864067833e-01 1.2742749857e-05 1.5699353705e-23
2.6461080752e-01 1.2742749857e-05 8.3801713512e-26
2.9340714225e-01 1.2742749857e-05 3.1946338376e-29
3.2533724503e-01 1.2742749857e-05 2.1780986967e-34
3.6074214893e-01 1.2742749857e-05 2.5238442472e-42
4.0000000000e-01 1.2742749857e-05 nan
2.0000000000e-02 2.3357214691e-05 2.1418463450e-21
2.2176504808e-02 2.3357214691e-05 3.4008339871e-21
2.4589868274e-02 2.3357214691e-05 5.2911895651e-21
2.7265866600e-02 2.3357214691e-05 8.2881596304e-21
3.0233081086e-02 2.3357214691e-05 1.2839442448e-20
3.3523203403e-02 2.3357214691e-05 2.0379936555e-20
3.7171374071e-02 2.3357214691e-05 3.1258446664e-20
4.1216557790e-02 2.3357214691e-05 4.8196192235e-20
4.5701959599e-02 2.3357214691e-05 7.3516790751e-20
5.0675486338e-02 2.3357214691e-05 1.1147109974e-19
5.6190258320e-02 2.3357214691e-05 1.6890512704e-19
6.2305176688e-02 2.3357214691e-05 2.5105160298e-19
6.9085552518e-02 2.3357214691e-05 3.6324230162e-19
7.6603804377e-02 2.3357214691e-05 5.0664666910e-19
8.4940231802e-02 2.3357214691e-05 6.7296394645e-19
9.4183872945e-02 2.3357214691e-05 8.3767066448e-19
1.0443345556e-01 2.3357214691e-05 9.5467331876e-19
1.1579845146e-01 2.3357214691e-05 9.6332132675e-19
1.2840024578e-01 2.3357214691e-05 8.2220786003e-19
1.4237343339e-01 2.3357214691e-05 5.5908129357e-19
1.5786725650e-01 2.3357214691e-05 2.8114545958e-19
1.7504719864e-01 2.3357214691e-05 9.5216727081e-20
1.9409675211e-01 2.3357214691e-05 1.8973018801e-20
2.1521937781e-01 2.3357214691e-05 1.7511944632e-21
2.3864067833e-01 2.3357214691e-05 5.2746975952e-23
2.6461080752e-01 2.3357214691e-05 2.8155853126e-25
2.9340714225e-01 2.3357214691e-05 1.0733389261e-28
3.2533724503e-01 2.3357214691e-05 7.3180158843e-34
3.6074214893e-01 2.3357214691e-05 8.4796581111e-42
4.0000000000e-01 2.3357214691e-05 nan
2.0000000000e-02 4.2813323987e-05 7.1962145181e-21
2.2176504808e-02 4.2813323987e-05 1.1426184222e-20
2.4589868274e-02 4.2813323987e-05 1.7777435464e-20
2.7265866600e-02 4.2813323987e-05 2.7846710298e-20
3.0233081086e-02 4.2813323987e-05 4.3138193546e-20
3.3523203403e-02 4.2813323987e-05 6.8472883553e-20
3.7171374071e-02 4.2813323987e-05 1.0502270078e-19
4.1216557790e-02 4.2813323987e-05 1.6193044815e-19
4.5701959599e-02 4.2813323987e-05 2.4700305818e-19
5.0675486338e-02 4.2813323987e-05 3.7452263978e-19
5.6190258320e-02 4.2813323987e-05 5.6749053535e-19
6.2305176688e-02 4.2813323987e-05 8.4348776805e-19
6.9085552518e-02 4.2813323987e-05 1.2204281300e-18
7.6603804377e-02 4.2813323987e-05 1.7022407481e-18
8.4940231802e-02 4.2813323987e-05 2.2610365805e-18
9.4183872945e-02 4.2813323987e-05 2.8144212272e-18
1.0443345556e-01 4.2813323987e-05 3.2075288885e-18
1.1579845146e-01 4.2813323987e-05 3.2365846269e-18
1.2840024578e-01 4.2813323987e-05 2.7624690214e-18
1.4237343339e-01 4.2813323987e-05 1.8784115685e-18
1.5786725650e-01 4.2813323987e-05 9.4459766509e-19
1.7504719864e-01 4.2813323987e-05 3.1991090440e-19
1.9409675211e-01 4.2813323987e-05 6.3745896365e-20
2.1521937781e-01 4.2813323987e-05 5.8836952733e-21
2.3864067833e-01 4.2813323987e-05 1.7722025762e-22
2.6461080752e-01 4.2813323987e-05 9.4598552202e-25
2.9340714225e-01 4.2813323987e-05 3.6062238362e-28
3.2533724503e-01 4.2813323987e-05 2.4587204195e-33
3.6074214893e-01 4.2813323987e-05 2.8490111035e-41
4.0000000000e-01 4.2813323987e-05 nan
2.0000000000e-02 7.8475997035e-05 2.4177973152e-20
2.2176504808e-02 7.8475997035e-05 3.8389902732e-20
2.4589868274e-02 7.8475997035e-05 5.9728952830e-20
2.7265866600e-02 7.8475997035e-05 9.3559886614e-20
3.0233081086e-02 7.8475997035e-05 1.4493649177e-19
3.3523203403e-02 7.8475997035e-05 2.3005644677e-19
3.7171374071e-02 7.8475997035e-05 3.5285719146e-19
4.1216557790e-02 7.8475997035e-05 5.4405688245e-19
4.5701959599e-02 7.8475997035e-05 8.2988539466e-19
5.0675486338e-02 7.8475997035e-05 1.2583280192e-18
5.6190258320e-02 7.8475997035e-05 1.9066650879e-18
6.2305176688e-02 7.8475997035e-05 2.8339656450e-18
6.9085552518e-02 7.8475997035e-05 4.1004167790e-18
7.6603804377e-02 7.8475997035e-05 5.7192196441e-18
8.4940231802e-02 7.8475997035e-05 7.5966721304e-18
9.4183872945e-02 7.8475997035e-05 9.4559440256e-18
1.0443345556e-01 7.8475997035e-05 1.0776714379e-17
1.1579845146e-01 7.8475997035e-05 1.0874336415e-17
1.2840024578e-01 7.8475997035e-05 9.2813941386e-18
1.4237343339e-01 7.8475997035e-05 6.3111217038e-18
1.5786725650e-01 7.8475997035e-05 3.1736766087e-18
1.7504719864e-01 7.8475997035e-05 1.0748425471e-18
1.9409675211e-01 7.8475997035e-05 2.1417463789e-19
2.1521937781e-01 7.8475997035e-05 1.9768148019e-20
2.3864067833e-01 7.8475997035e-05 5.9542789919e-22
2.6461080752e-01 7.8475997035e-05 3.1783396818e-24
2.9340714225e-01 7.8475997035e-05 1.2116257749e-27
3.2533724503e-01 7.8475997035e-05 8.2608545127e-33
3.6074214893e-01 7.8475997035e-05 9.5721603388e-41
4.0000000000e-01 7.8475997035e-05 nan
2.0000000000e-02 1.4384498883e-04 8.1233596565e-20
2.2176504808e-02 1.4384498883e-04 1.2898309767e-19
2.4589868274e-02 1.4384498883e-04 2.0067842879e-19
2.7265866600e-02 1.4384498883e-04 3.1434421950e-19
3.0233081086e-02 1.4384498883e-04 4.8696027833e-19
3.3523203403e-02 1.4384498883e-04 7.7294786226e-19
3.7171374071e-02 1.4384498883e-04 1.1855360545e-18
4.1216557790e-02 1.4384498883e-04 1.8279322811e-18
4.5701959599e-02 1.4384498883e-04 2.7882641585e-18
5.0675486338e-02 1.4384498883e-04 4.2277535509e-18
5.6190258320e-02 1.4384498883e-04 6.4060483398e-18
6.2305176688e-02 1.4384498883e-04 9.5216097957e-18
6.9085552518e-02 1.4384498883e-04 1.3776655620e-17
7.6603804377e-02 1.4384498883e-04 1.9215539320e-17
8.4940231802e-02 1.4384498883e-04 2.5523438857e-17
9.4183872945e-02 1.4384498883e-04 3.1770255021e-17
1.0443345556e-01 1.4384498883e-04 3.6207803909e-17
1.1579845146e-01 1.4384498883e-04 3.6535796603e-17
1.2840024578e-01 1.4384498883e-04 3.1183800064e-17
1.4237343339e-01 1.4384498883e-04 2.1204223992e-17
1.5786725650e-01 1.4384498883e-04 1.0662977838e-17
1.7504719864e-01 1.4384498883e-04 3.6112761026e-18
1.9409675211e-01 1.4384498883e-04 7.1958797335e-19
2.1521937781e-01 1.4384498883e-04 6.6417397038e-20
2.3864067833e-01 1.4384498883e-04 2.0005299608e-21
2.6461080752e-01 1.4384498883e-04 1.0678646338e-23
2.9340714225e-01 1.4384498883e-04 4.0708435178e-27
3.2533724503e-01 1.4384498883e-04 2.7754977799e-32
3.6074214893e-01 1.4384498883e-04 3.2160727648e-40
4.0000000000e-01 1.4384498883e-04 nan
2.0000000000e-02 2.6366508987e-04 2.7293012596e-19
2.2176504808e-02 2.6366508987e-04 4.3335977538e-19
2.4589868274e-02 2.6366508987e-04 6.7424306433e-19
2.7265866600e-02 2.6366508987e-04 1.0561394748e-18
3.0233081086e-02 2.6366508987e-04 1.6360980809e-18
3.3523203403e-02 2.6366508987e-04 2.5969644245e-18
3.7171374071e-02 2.6366508987e-04 3.9831858292e-18
4.1216557790e-02 2.6366508987e-04 6.1415205148e-18
4.5701959599e-02 2.6366508987e-04 9.3680612908e-18
5.0675486338e-02 2.6366508987e-04 1.4204484387e-17
5.6190258320e-02 2.6366508987e-04 2.1523159618e-17
6.2305176688e-02 2.6366508987e-04 3.1990880953e-17
6.9085552518e-02 2.6366508987e-04 4.6287063370e-17
7.6603804377e-02 2.6366508987e-04 6.4560726895e-17
8.4940231802e-02 2.6366508987e-04 8.5754126960e-17
9.4183872945e-02 2.6366508987e-04 1.0674229924e-16
1.0443345556e-01 2.6366508987e-04 1.2165166281e-16
1.1579845146e-01 2.6366508987e-04 1.2275366309e-16
1.2840024578e-01 2.6366508987e-04 1.0477192783e-16
1.4237343339e-01 2.6366508987e-04 7.1242360786e-17
1.5786725650e-01 2.6366508987e-04 3.5825680714e-17
1.7504719864e-01 2.6366508987e-04 1.2133236655e-17
1.9409675211e-01 2.6366508987e-04 2.4176860563e-18
2.1521937781e-01 2.6366508987e-04 2.2315051873e-19
2.3864067833e-01 2.6366508987e-04 6.7214218510e-21
2.6461080752e-01 2.6366508987e-04 3.5878340079e-23
2.9340714225e-01 2.6366508987e-04 1.3677306719e-26
3.2533724503e-01 2.6366508987e-04 9.3251769395e-32
3.6074214893e-01 2.6366508987e-04 1.0805429458e-39
4.0000000000e-01 2.6366508987e-04 nan
2.0000000000e-02 4.8329302386e-04 9.1699565926e-19
2.2176504808e-02 4.8329302386e-04 1.4560101566e-18
2.4589868274e-02 4.8329302386e-04 2.2653342856e-18
2.7265866600e-02 4.8329302386e-04 3.5484369226e-18
3.0233081086e-02 4.8329302386e-04 5.4969926237e-18
3.3523203403e-02 4.8329302386e-04 8.7253292685e-18
3.7171374071e-02 4.8329302386e-04 1.3382781879e-17
4.1216557790e-02 4.8329302386e-04 2.0634395310e-17
4.5701959599e-02 4.8329302386e-04 3.1474987967e-17
5.0675486338e-02 4.8329302386e-04 4.7724494250e-17
5.6190258320e-02 4.8329302386e-04 7.2313919514e-17
6.2305176688e-02 4.8329302386e-04 1.0748357218e-16
6.9085552518e-02 4.8329302386e-04 1.5551616588e-16
7.6603804377e-02 4.8329302386e-04 2.1691238425e-16
8.4940231802e-02 4.8329302386e-04 2.8811840084e-16
9.4183872945e-02 4.8329302386e-04 3.5863490347e-16
1.0443345556e-01 4.8329302386e-04 4.0872771977e-16
1.1579845146e-01 4.8329302386e-04 4.1243029045e-16
1.2840024578e-01 4.8329302386e-04 3.5201493401e-16
1.4237343339e-01 4.8329302386e-04 2.3936162666e-16
1.5786725650e-01 4.8329302386e-04 1.2036792155e-16
1.7504719864e-01 4.8329302386e-04 4.0765528726e-17
1.9409675211e-01 4.8329302386e-04 8.1229996484e-18
2.1521937781e-01 4.8329302386e-04 7.4974670187e-19
2.3864067833e-01 4.8329302386e-04 2.2582809173e-20
2.6461080752e-01 4.8329302386e-04 1.2054502865e-22
2.9340714225e-01 4.8329302386e-04 4.5953403249e-26
3.2533724503e-01 4.8329302386e-04 3.1330998721e-31
3.6074214893e-01 4.8329302386e-04 3.6304385284e-39
4.0000000000e-01 4.8329302386e-04 nan
2.0000000000e-02 8.8586679041e-04 3.0809391364e-18
2.2176504808e-02 8.8586679041e-04 4.8919302124e-18
2.4589868274e-02 8.8586679041e-04 7.6111127832e-18
2.7265866600e-02 8.8586679041e-04 1.1922105545e-17
3.0233081086e-02 8.8586679041e-04 1.8468900550e-17
3.3523203403e-02 8.8586679041e-04 2.9315528801e-17
3.7171374071e-02 8.8586679041e-04 4.4963729863e-17
4.1216557790e-02 8.8586679041e-04 6.9327845536e-17
4.5701959599e-02 8.8586679041e-04 1.0575028907e-16
5.0675486338e-02 8.8586679041e-04 1.6034571723e-16
5.6190258320e-02 8.8586679041e-04 2.4296179002e-16
6.2305176688e-02 8.8586679041e-04 3.6112555756e-16
6.9085552518e-02 8.8586679041e-04 5.2250655406e-16
7.6603804377e-02 8.8586679041e-04 7.2878702435e-16
8.4940231802e-02 8.8586679041e-04 9.6802679204e-16
9.4183872945e-02 8.8586679041e-04 1.2049500771e-15
1.0443345556e-01 8.8586679041e-04 1.3732535594e-15
1.1579845146e-01 8.8586679041e-04 1.3856940884e-15
1.2840024578e-01 8.8586679041e-04 1.1827095426e-15
1.4237343339e-01 8.8586679041e-04 8.0421428094e-16
1.5786725650e-01 8.8586679041e-04 4.0441597353e-16
1.7504719864e-01 8.8586679041e-04 1.3696542745e-16
1.9409675211e-01 8.8586679041e-04 2.7291958832e-17
2.1521937781e-01 8.8586679041e-04 2.5190297071e-18
2.3864067833e-01 8.8586679041e-04 7.5874734951e-20
2.6461080752e-01 8.8586679041e-04 4.0501306668e-22
2.9340714225e-01 8.8586679041e-04 1.5439664264e-25
3.2533724503e-01 8.8586679041e-04 1.0526757677e-30
3.6074214893e-01 8.8586679041e-04 1.2197733184e-38
4.0000000000e-01 8.8586679041e-04 nan
2.0000000000e-02 1.6237767392e-03 1.0351399622e-17
2.2176504808e-02 1.6237767392e-03 1.6436004069e-17
2.4589868274e-02 1.6237767392e-03 2.5571969748e-17
2.7265866600e-02 1.6237767392e-03 4.0056134007e-17
3.0233081086e-02 1.6237767392e-03 6.2052197364e-17
3.3523203403e-02 1.6237767392e-03 9.8494939719e-17
3.7171374071e-02 1.6237767392e-03 1.5107012645e-16
4.1216557790e-02 1.6237767392e-03 2.3292926625e-16
4.5701959599e-02 1.6237767392e-03 3.5530230742e-16
5.0675486338e-02 1.6237767392e-03 5.3873347458e-16
5.6190258320e-02 1.6237767392e-03 8.1630928105e-16
6.2305176688e-02 1.6237767392e-03 1.2133194835e-15
6.9085552518e-02 1.6237767392e-03 1.7555326755e-15
7.6603804377e-02 1.6237767392e-03 2.4486013317e-15
8.4940231802e-02 1.6237767392e-03 3.2524090212e-15
9.4183872945e-02 1.6237767392e-03 4.0484355455e-15
1.0443345556e-01 1.6237767392e-03 4.6139128138e-15
1.1579845146e-01 1.6237767392e-03 4.6557171001e-15
1.2840024578e-01 1.6237767392e-03 3.9737267413e-15
1.4237343339e-01 1.6237767392e-03 2.7020444462e-15
1.5786725650e-01 1.6237767392e-03 1.3587825792e-15
1.7504719864e-01 1.6237767392e-03 4.6018638210e-16
1.9409675211e-01 1.6237767392e-03 9.1697784171e-17
2.1521937781e-01 1.6237767392e-03 8.4636742925e-18
2.3864067833e-01 1.6237767392e-03 2.5493209196e-19
2.6461080752e-01 1.6237767392e-03 1.3608117934e-21
2.9340714225e-01 1.6237767392e-03 5.1876225140e-25
3.2533724503e-01 1.6237767392e-03 3.5369250817e-30
3.6074214893e-01 1.6237767392e-03 4.0983515091e-38
4.0000000000e-01 1.6237767392e-03 nan
2.0000000000e-02 2.9763514416e-03 3.4778866587e-17
2.2176504808e-02 2.9763514416e-03 5.5222071536e-17
2.4589868274e-02 2.9763514416e-03 8.5917327808e-17
2.7265866600e-02 2.9763514416e-03 1.3458162261e-16
3.0233081086e-02 2.9763514416e-03 2.0848464436e-16
3.3523203403e-02 2.9763514416e-03 3.3092611530e-16
3.7171374071e-02 2.9763514416e-03 5.0757003190e-16
4.1216557790e-02 2.9763514416e-03 7.8260342938e-16
4.5701959599e-02 2.9763514416e-03 1.1937574255e-15
5.0675486338e-02 2.9763514416e-03 1.8100578872e-15
5.6190258320e-02 2.9763514416e-03 2.7426713504e-15
6.2305176688e-02 2.9763514416e-03 4.0765694672e-15
6.9085552518e-02 2.9763514416e-03 5.8983340057e-15
7.6603804377e-02 2.9763514416e-03 8.2269611942e-15
8.4940231802e-02 2.9763514416e-03 1.0927671543e-14
9.4183872945e-02 2.9763514416e-03 1.3602258856e-14
1.0443345556e-01 2.9763514416e-03 1.5502251733e-14
1.1579845146e-01 2.9763514416e-03 1.5642778441e-14
1.2840024578e-01 2.9763514416e-03 1.3351424133e-14
1.4237343339e-01 2.9763514416e-03 9.0787237538e-15
1.5786725650e-01 2.9763514416e-03 4.5654702177e-15
1.7504719864e-01 2.9763514416e-03 1.5462265434e-15
1.9409675211e-01 2.9763514416e-03 3.0810778006e-16
2.1521937781e-01 2.9763514416e-03 2.8438577482e-17
2.3864067833e-01 2.9763514416e-03 8.5660192579e-19
2.6461080752e-01 2.9763514416e-03 4.5725486444e-21
2.9340714225e-01 2.9763514416e-03 1.7431454312e-24
3.2533724503e-01 2.9763514416e-03 1.1884845387e-29
3.6074214893e-01 2.9763514416e-03 1.3771237836e-37
4.0000000000e-01 2.9763514416e-03 nan
2.0000000000e-02 5.4555947812e-03 1.1685117819e-16
2.2176504808e-02 5.4555947812e-03 1.8553707974e-16
2.4589868274e-02 5.4555947812e-03 2.8866837268e-16
2.7265866600e-02 5.4555947812e-03 4.5217308265e-16
3.0233081086e-02 5.4555947812e-03 7.0047658188e-16
3.3523203403e-02 5.4555947812e-03 1.1118630796e-15
3.7171374071e-02 5.4555947812e-03 1.7053640546e-15
4.1216557790e-02 5.4555947812e-03 2.6294439329e-15
4.5701959599e-02 5.4555947812e-03 4.0108784213e-15
5.0675486338e-02 5.4555947812e-03 6.0815932357e-15
5.6190258320e-02 5.4555947812e-03 9.2151087761e-15
6.2305176688e-02 5.4555947812e-03 1.3696944434e-14
6.9085552518e-02 5.4555947812e-03 1.9818044106e-14
7.6603804377e-02 5.4555947812e-03 2.7642287438e-14
8.4940231802e-02 5.4555947812e-03 3.6716889816e-14
9.4183872945e-02 5.4555947812e-03 4.5703952319e-14
1.0443345556e-01 5.4555947812e-03 5.2088621770e-14
1.1579845146e-01 5.4555947812e-03 5.2561577634e-14
1.2840024578e-01 5.4555947812e-03 4.4863149302e-14
1.4237343339e-01 5.4555947812e-03 3.0506761225e-14
1.5786725650e-01 5.4555947812e-03 1.5341494468e-14
1.7504719864e-01 5.4555947812e-03 5.1959875468e-15
1.9409675211e-01 5.4555947812e-03 1.0354106536e-15
2.1521937781e-01 5.4555947812e-03 9.5572945879e-17
2.3864067833e-01 5.4555947812e-03 2.8788894522e-18
2.6461080752e-01 5.4555947812e-03 1.5368218456e-20
2.9340714225e-01 5.4555947812e-03 5.8588926842e-24
3.2533724503e-01 5.4555947812e-03 3.9946943767e-29
3.6074214893e-01 5.4555947812e-03 4.6286021272e-37
4.0000000000e-01 5.4555947812e-03 nan
2.0000000000e-02 1.0000000000e-02 3.9260444004e-16
2.2176504808e-02 1.0000000000e-02 6.2338164230e-16
2.4589868274e-02 1.0000000000e-02 9.6989318546e-16
2.7265866600e-02 1.0000000000e-02 1.5192564853e-15
3.0233081086e-02 1.0000000000e-02 2.3535424517e-15
3.3523203403e-02 1.0000000000e-02 3.7357873387e-15
3.7171374071e-02 1.0000000000e-02 5.7299501636e-15
4.1216557790e-02 1.0000000000e-02 8.8348897649e-15
4.5701959599e-02 1.0000000000e-02 1.3476617294e-14
5.0675486338e-02 1.0000000000e-02 2.0434489092e-14
5.6190258320e-02 1.0000000000e-02 3.0963703328e-14
6.2305176688e-02 1.0000000000e-02 4.6023892842e-14
6.9085552518e-02 1.0000000000e-02 6.6593082986e-14
7.6603804377e-02 1.0000000000e-02 9.2886527329e-14
8.4940231802e-02 1.0000000000e-02 1.2338351602e-13
9.4183872945e-02 1.0000000000e-02 1.5358896912e-13
1.0443345556e-01 1.0000000000e-02 1.7505202281e-13
1.1579845146e-01 1.0000000000e-02 1.7665023080e-13
1.2840024578e-01 1.0000000000e-02 1.5078610437e-13
1.4237343339e-01 1.0000000000e-02 1.0254118872e-13
1.5786725650e-01 1.0000000000e-02 5.1571094776e-14
1.7504719864e-01 1.0000000000e-02 1.7468267505e-14
1.9409675211e-01 1.0000000000e-02 3.4813257683e-15
2.1521937781e-01 1.0000000000e-02 3.2138419767e-16
2.3864067833e-01 1.0000000000e-02 9.6822818305e-18
2.6461080752e-01 1.0000000000e-02 5.1694075340e-20
2.9340714225e-01 1.0000000000e-02 1.9710097393e-23
3.2533724503e-01 1.0000000000e-02 1.3439517178e-28
3.6074214893e-01 1.0000000000e-02 1.5570597829e-36
4.0000000000e-01 1.0000000000e-02 nan
