2.0000000000e-02 1.0000000000e-07 6.9572761948e-27
2.2176504808e-02 1.0000000000e-07 1.1215511094e-26
2.4589868274e-02 1.0000000000e-07 1.7975395316e-26
2.7265866600e-02 1.0000000000e-07 2.7755278450e-26
3.0233081086e-02 1.0000000000e-07 4.4124632884e-26
3.3523203403e-02 1.0000000000e-07 6.9870524401e-26
3.7171374071e-02 1.0000000000e-07 1.0965684869e-25
4.1216557790e-02 1.0000000000e-07 1.7024301748e-25
4.5701959599e-02 1.0000000000e-07 2.5945114568e-25
5.0675486338e-02 1.0000000000e-07 3.8806893594e-25
5.6190258320e-02 1.0000000000e-07 6.0373528165e-25
6.2305176688e-02 1.0000000000e-07 9.3102521151e-25
6.9085552518e-02 1.0000000000e-07 1.4176702142e-24
7.6603804377e-02 1.0000000000e-07 2.1189910946e-24
8.4940231802e-02 1.0000000000e-07 3.0827502384e-24
9.4183872945e-02 1.0000000000e-07 4.3180875323e-24
1.0443345556e-01 1.0000000000e-07 5.7429805742e-24
1.1579845146e-01 1.0000000000e-07 7.1166064652e-24
1.2840024578e-01 1.0000000000e-07 8.0069419694e-24
1.4237343339e-01 1.0000000000e-07 7.8938933752e-24
1.5786725650e-01 1.0000000000e-07 6.5026503870e-24
1.7504719864e-01 1.0000000000e-07 4.2050930323e-24
1.9409675211e-01 1.0000000000e-07 1.9740936464e-24
2.1521937781e-01 1.0000000000e-07 6.0645808914e-25
2.3864067833e-01 1.0000000000e-07 1.0446775371e-25
2.6461080752e-01 1.0000000000e-07 7.6660202789e-27
2.9340714225e-01 1.0000000000e-07 1.4747762086e-28
3.2533724503e-01 1.0000000000e-07 3.9091154014e-31
3.6074214893e-01 1.0000000000e-07 4.4976336085e-35
4.0000000000e-01 1.0000000000e-07 nan
2.0000000000e-02 1.8329807108e-07 2.3375183782e-26
2.2176504808e-02 1.8329807108e-07 3.7682079264e-26
2.4589868274e-02 1.8329807108e-07 6.0394061886e-26
2.7265866600e-02 1.8329807108e-07 9.3252692076e-26
3.0233081086e-02 1.8329807108e-07 1.4825074844e-25
3.3523203403e-02 1.8329807108e-07 2.3475226555e-25
3.7171374071e-02 1.8329807108e-07 3.6842708543e-25
4.1216557790e-02 1.8329807108e-07 5.7198560324e-25
4.5701959599e-02 1.8329807108e-07 8.7170870365e-25
5.0675486338e-02 1.8329807108e-07 1.3038411073e-24
5.6190258320e-02 1.8329807108e-07 2.0284408394e-24
6.2305176688e-02 1.8329807108e-07 3.1280755306e-24
6.9085552518e-02 1.8329807108e-07 4.7631143095e-24
7.6603804377e-02 1.8329807108e-07 7.1194250281e-24
8.4940231802e-02 1.8329807108e-07 1.0357480623e-23
9.4183872945e-02 1.8329807108e-07 1.4507989453e-23
1.0443345556e-01 1.8329807108e-07 1.9295371151e-23
1.1579845146e-01 1.8329807108e-07 2.3910504538e-23
1.2840024578e-01 1.8329807108e-07 2.6901870046e-23
1.4237343339e-01 1.8329807108e-07 2.6522047312e-23
1.5786725650e-01 1.8329807108e-07 2.1847723679e-23
1.7504719864e-01 1.8329807108e-07 1.4128348466e-23
1.9409675211e-01 1.8329807108e-07 6.6325959320e-24
2.1521937781e-01 1.8329807108e-07 2.0375889778e-24
2.3864067833e-01 1.8329807108e-07 3.5099266924e-25
2.6461080752e-01 1.8329807108e-07 2.5756435116e-26
2.9340714225e-01 1.8329807108e-07 4.9549800738e-28
3.2533724503e-01 1.8329807108e-07 1.3133917409e-30
3.6074214893e-01 1.8329807108e-07 1.5111231643e-34
4.0000000000e-01 1.8329807108e-07 nan
2.0000000000e-02 3.3598182863e-07 7.8536369916e-26
2.2176504808e-02 3.3598182863e-07 1.2660493898e-25
2.4589868274e-02 3.3598182863e-07 2.0291307351e-25
2.7265866600e-02 3.3598182863e-07 3.1331210008e-25
3.0233081086e-02 3.3598182863e-07 4.9809557556e-25
3.3523203403e-02 3.3598182863e-07 7.8872495456e-25
3.7171374071e-02 3.3598182863e-07 1.2378480588e-24
4.1216557790e-02 3.3598182863e-07 1.9217676893e-24
4.5701959599e-02 3.3598182863e-07 2.9287828428e-24
5.0675486338e-02 3.3598182863e-07 4.3806691947e-24
5.6190258320e-02 3.3598182863e-07 6.8151926248e-24
6.2305176688e-02 3.3598182863e-07 1.0509765369e-23
6.9085552518e-02 3.3598182863e-07 1.6003198557e-23
7.6603804377e-02 3.3598182863e-07 2.3919974397e-23
8.4940231802e-02 3.3598182863e-07 3.4799252797e-23
9.4183872945e-02 3.3598182863e-07 4.8744208261e-23
1.0443345556e-01 3.3598182863e-07 6.4828940833e-23
1.1579845146e-01 3.3598182863e-07 8.0334950382e-23
1.2840024578e-01 3.3598182863e-07 9.0385394916e-23
1.4237343339e-01 3.3598182863e-07 8.9109259548e-23
1.5786725650e-01 3.3598182863e-07 7.3404381532e-23
1.7504719864e-01 3.3598182863e-07 4.7468683530e-23
1.9409675211e-01 3.3598182863e-07 2.2284317098e-23
2.1521937781e-01 3.3598182863e-07 6.8459287074e-24
2.3864067833e-01 3.3598182863e-07 1.1792715885e-24
2.6461080752e-01 3.3598182863e-07 8.6536941693e-26
2.9340714225e-01 3.3598182863e-07 1.6647832660e-27
3.2533724503e-01 3.3598182863e-07 4.4127575881e-30
3.6074214893e-01 3.3598182863e-07 5.0770992402e-34
4.0000000000e-01 3.3598182863e-07 nan
2.0000000000e-02 6.1584821107e-07 2.6386793178e-25
2.2176504808e-02 6.1584821107e-07 4.2536958911e-25
2.4589868274e-02 6.1584821107e-07 6.8175105490e-25
2.7265866600e-02 6.1584821107e-07 1.0526717232e-24
3.0233081086e-02 6.1584821107e-07 1.6735106231e-24
3.3523203403e-02 6.1584821107e-07 2.6499725252e-24
3.7171374071e-02 6.1584821107e-07 4.1589445436e-24
4.1216557790e-02 6.1584821107e-07 6.4567902244e-24
4.5701959599e-02 6.1584821107e-07 9.8401781519e-24
5.0675486338e-02 6.1584821107e-07 1.4718252467e-23
5.6190258320e-02 6.1584821107e-07 2.2897808805e-23
6.2305176688e-02 6.1584821107e-07 3.5310901870e-23
6.9085552518e-02 6.1584821107e-07 5.3767839149e-23
7.6603804377e-02 6.1584821107e-07 8.0366767387e-23
8.4940231802e-02 6.1584821107e-07 1.1691916590e-22
9.4183872945e-02 6.1584821107e-07 1.6377168226e-22
1.0443345556e-01 6.1584821107e-07 2.1781346089e-22
1.1579845146e-01 6.1584821107e-07 2.6991083532e-22
1.2840024578e-01 6.1584821107e-07 3.0367850265e-22
1.4237343339e-01 6.1584821107e-07 2.9939091971e-22
1.5786725650e-01 6.1584821107e-07 2.4662538336e-22
1.7504719864e-01 6.1584821107e-07 1.5948615095e-22
1.9409675211e-01 6.1584821107e-07 7.4871256083e-23
2.1521937781e-01 6.1584821107e-07 2.3001076458e-23
2.3864067833e-01 6.1584821107e-07 3.9621382474e-24
2.6461080752e-01 6.1584821107e-07 2.9074839914e-25
2.9340714225e-01 6.1584821107e-07 5.5933692599e-27
3.2533724503e-01 6.1584821107e-07 1.4826063637e-29
3.6074214893e-01 6.1584821107e-07 1.7058130869e-33
4.0000000000e-01 6.1584821107e-07 nan
2.0000000000e-02 1.1288378917e-06 8.8654830236e-25
2.2176504808e-02 1.1288378917e-06 1.4291645239e-24
2.4589868274e-02 1.1288378917e-06 2.2905596609e-24
2.7265866600e-02 1.1288378917e-06 3.5367857050e-24
3.0233081086e-02 1.1288378917e-06 5.6226915937e-24
3.3523203403e-02 1.1288378917e-06 8.9034261482e-24
3.7171374071e-02 1.1288378917e-06 1.3973297929e-23
4.1216557790e-02 1.1288378917e-06 2.1693641867e-23
4.5701959599e-02 1.1288378917e-06 3.3061210495e-23
5.0675486338e-02 1.1288378917e-06 4.9450653780e-23
5.6190258320e-02 1.1288378917e-06 7.6932476740e-23
6.2305176688e-02 1.1288378917e-06 1.1863821381e-22
6.9085552518e-02 1.1288378917e-06 1.8065016919e-22
7.6603804377e-02 1.1288378917e-06 2.7001773468e-22
8.4940231802e-02 1.1288378917e-06 3.9282715160e-22
9.4183872945e-02 1.1288378917e-06 5.5024309285e-22
1.0443345556e-01 1.1288378917e-06 7.3181364890e-22
1.1579845146e-01 1.1288378917e-06 9.0685136018e-22
1.2840024578e-01 1.1288378917e-06 1.0203045864e-21
1.4237343339e-01 1.1288378917e-06 1.0058990868e-21
1.5786725650e-01 1.1288378917e-06 8.2861647289e-22
1.7504719864e-01 1.1288378917e-06 5.3584448637e-22
1.9409675211e-01 1.1288378917e-06 2.5155381530e-22
2.1521937781e-01 1.1288378917e-06 7.7279437288e-23
2.3864067833e-01 1.1288378917e-06 1.3312064537e-23
2.6461080752e-01 1.1288378917e-06 9.7686178814e-25
2.9340714225e-01 1.1288378917e-06 1.8792704321e-26
3.2533724503e-01 1.1288378917e-06 4.9812879723e-29
3.6074214893e-01 1.1288378917e-06 5.7312220023e-33
4.0000000000e-01 1.1288378917e-06 nan
2.0000000000e-02 2.0691380811e-06 2.9786411979e-24
2.2176504808e-02 2.0691380811e-06 4.8017331016e-24
2.4589868274e-02 2.0691380811e-06 7.6958642346e-24
2.7265866600e-02 2.0691380811e-06 1.1882957286e-23
3.0233081086e-02 2.0691380811e-06 1.8891222035e-23
3.3523203403e-02 2.0691380811e-06 2.9913893983e-23
3.7171374071e-02 2.0691380811e-06 4.6947741902e-23
4.1216557790e-02 2.0691380811e-06 7.2886694639e-23
4.5701959599e-02 2.0691380811e-06 1.1107965959e-22
5.0675486338e-02 2.0691380811e-06 1.6614521084e-22
5.6190258320e-02 2.0691380811e-06 2.5847914216e-22
6.2305176688e-02 2.0691380811e-06 3.9860284021e-22
6.9085552518e-02 2.0691380811e-06 6.0695174186e-22
7.6603804377e-02 2.0691380811e-06 9.0721052259e-22
8.4940231802e-02 2.0691380811e-06 1.3198278473e-21
9.4183872945e-02 2.0691380811e-06 1.8487168053e-21
1.0443345556e-01 2.0691380811e-06 2.4587608797e-21
1.1579845146e-01 2.0691380811e-06 3.0468557829e-21
1.2840024578e-01 2.0691380811e-06 3.4280380068e-21
1.4237343339e-01 2.0691380811e-06 3.3796381459e-21
1.5786725650e-01 2.0691380811e-06 2.7840007779e-21
1.7504719864e-01 2.0691380811e-06 1.8003401039e-21
1.9409675211e-01 2.0691380811e-06 8.4517510865e-22
2.1521937781e-01 2.0691380811e-06 2.5964486655e-22
2.3864067833e-01 2.0691380811e-06 4.4726117859e-23
2.6461080752e-01 2.0691380811e-06 3.2820780990e-24
2.9340714225e-01 2.0691380811e-06 6.3140071629e-26
3.2533724503e-01 2.0691380811e-06 1.6736222419e-28
3.6074214893e-01 2.0691380811e-06 1.9255864486e-32
4.0000000000e-01 2.0691380811e-06 nan
2.0000000000e-02 3.7926901907e-06 1.0007693165e-23
2.2176504808e-02 3.7926901907e-06 1.6132950681e-23
2.4589868274e-02 3.7926901907e-06 2.5856705384e-23
2.7265866600e-02 3.7926901907e-06 3.9924577185e-23
3.0233081086e-02 3.7926901907e-06 6.3471073243e-23
3.3523203403e-02 3.7926901907e-06 1.0050524802e-22
3.7171374071e-02 3.7926901907e-06 1.5773588174e-22
4.1216557790e-02 3.7926901907e-06 2.4488604948e-22
4.5701959599e-02 3.7926901907e-06 3.7320747152e-22
5.0675486338e-02 3.7926901907e-06 5.5821771755e-22
5.6190258320e-02 3.7926901907e-06 8.6844294845e-22
6.2305176688e-02 3.7926901907e-06 1.3392331115e-21
6.9085552518e-02 3.7926901907e-06 2.0392475612e-21
7.6603804377e-02 3.7926901907e-06 3.0480625033e-21
8.4940231802e-02 3.7926901907e-06 4.4343817361e-21
9.4183872945e-02 3.7926901907e-06 6.2113525285e-21
1.0443345556e-01 3.7926901907e-06 8.2609897655e-21
1.1579845146e-01 3.7926901907e-06 1.0236881775e-20
1.2840024578e-01 3.7926901907e-06 1.1517584782e-20
1.4237343339e-01 3.7926901907e-06 1.1354970044e-20
1.5786725650e-01 3.7926901907e-06 9.3537367229e-21
1.7504719864e-01 3.7926901907e-06 6.0488156028e-21
1.9409675211e-01 3.7926901907e-06 2.8396347852e-21
2.1521937781e-01 3.7926901907e-06 8.7235957062e-22
2.3864067833e-01 3.7926901907e-06 1.5027162866e-22
2.6461080752e-01 3.7926901907e-06 1.1027186015e-23
2.9340714225e-01 3.7926901907e-06 2.1213916727e-25
3.2533724503e-01 3.7926901907e-06 5.6230666130e-28
3.6074214893e-01 3.7926901907e-06 6.4696205625e-32
4.0000000000e-01 3.7926901907e-06 nan
2.0000000000e-02 6.9519279618e-06 3.3624030500e-23
2.2176504808e-02 6.9519279618e-06 5.4203782708e-23
2.4589868274e-02 6.9519279618e-06 8.6873831574e-23
2.7265866600e-02 6.9519279618e-06 1.3413932450e-22
3.0233081086e-02 6.9519279618e-06 2.1325127253e-22
3.3523203403e-02 6.9519279618e-06 3.3767937016e-22
3.7171374071e-02 6.9519279618e-06 5.2996389988e-22
4.1216557790e-02 6.9519279618e-06 8.2277262709e-22
4.5701959599e-02 6.9519279618e-06 1.2539092874e-21
5.0675486338e-02 6.9519279618e-06 1.8755100952e-21
5.6190258320e-02 6.9519279618e-06 2.9178104988e-21
6.2305176688e-02 6.9519279618e-06 4.4995798977e-21
6.9085552518e-02 6.9519279618e-06 6.8515012465e-21
7.6603804377e-02 6.9519279618e-06 1.0240936137e-20
8.4940231802e-02 6.9519279618e-06 1.4898716846e-20
9.4183872945e-02 6.9519279618e-06 2.0869015808e-20
1.0443345556e-01 6.9519279618e-06 2.7755424478e-20
1.1579845146e-01 6.9519279618e-06 3.4394062584e-20
1.2840024578e-01 6.9519279618e-06 3.8696991965e-20
1.4237343339e-01 6.9519279618e-06 3.8150635996e-20
1.5786725650e-01 6.9519279618e-06 3.1426855689e-20
1.7504719864e-01 6.9519279618e-06 2.0322921274e-20
1.9409675211e-01 6.9519279618e-06 9.5406568787e-21
2.1521937781e-01 6.9519279618e-06 2.9309696379e-21
2.3864067833e-01 6.9519279618e-06 5.0488536595e-22
2.6461080752e-01 6.9519279618e-06 3.7049341224e-23
2.9340714225e-01 6.9519279618e-06 7.1274905356e-25
3.2533724503e-01 6.9519279618e-06 1.8892482036e-27
3.6074214893e-01 6.9519279618e-06 2.1736749477e-31
4.0000000000e-01 6.9519279618e-06 nan
2.0000000000e-02 1.2742749857e-05 1.1297063253e-22
2.2176504808e-02 1.2742749857e-05 1.8211486033e-22
2.4589868274e-02 1.2742749857e-05 2.9188028792e-22
2.7265866600e-02 1.2742749857e-05 4.5068375537e-22
3.0233081086e-02 1.2742749857e-05 7.1648552503e-22
3.3523203403e-02 1.2742749857e-05 1.1345413228e-21
3.7171374071e-02 1.2742749857e-05 1.7805824019e-21
4.1216557790e-02 1.2742749857e-05 2.7643665180e-21
4.5701959599e-02 1.2742749857e-05 4.2129073532e-21
5.0675486338e-02 1.2742749857e-05 6.3013731141e-21
5.6190258320e-02 1.2742749857e-05 9.8033130702e-21
6.2305176688e-02 1.2742749857e-05 1.5117770821e-20
6.9085552518e-02 1.2742749857e-05 2.3019799178e-20
7.6603804377e-02 1.2742749857e-05 3.4407684502e-20
8.4940231802e-02 1.2742749857e-05 5.0056981304e-20
9.4183872945e-02 1.2742749857e-05 7.0116100935e-20
1.0443345556e-01 1.2742749857e-05 9.3253182713e-20
1.1579845146e-01 1.2742749857e-05 1.1555780042e-19
1.2840024578e-01 1.2742749857e-05 1.3001486125e-19
1.4237343339e-01 1.2742749857e-05 1.2817920447e-19
1.5786725650e-01 1.2742749857e-05 1.0558852445e-19
1.7504719864e-01 1.2742749857e-05 6.8281322545e-20
1.9409675211e-01 1.2742749857e-05 3.2054873454e-20
2.1521937781e-01 1.2742749857e-05 9.8475253896e-21
2.3864067833e-01 1.2742749857e-05 1.6963230858e-21
2.6461080752e-01 1.2742749857e-05 1.2447905421e-22
2.9340714225e-01 1.2742749857e-05 2.3947073053e-24
3.2533724503e-01 1.2742749857e-05 6.3475306667e-27
3.6074214893e-01 1.2742749857e-05 7.3031528448e-31
4.0000000000e-01 1.2742749857e-05 nan
2.0000000000e-02 2.3357214691e-05 3.7956079700e-22
2.2176504808e-02 2.3357214691e-05 6.1187283796e-22
2.4589868274e-02 2.3357214691e-05 9.8066472880e-22
2.7265866600e-02 2.3357214691e-05 1.5142155227e-21
3.0233081086e-02 2.3357214691e-05 2.4072611690e-21
3.3523203403e-02 2.3357214691e-05 3.8118526831e-21
3.7171374071e-02 2.3357214691e-05 5.9824333146e-21
4.1216557790e-02 2.3357214691e-05 9.2877691778e-21
4.5701959599e-02 2.3357214691e-05 1.4154603165e-20
5.0675486338e-02 2.3357214691e-05 2.1171468619e-20
5.6190258320e-02 2.3357214691e-05 3.2937350523e-20
6.2305176688e-02 2.3357214691e-05 5.0792962860e-20
6.9085552518e-02 2.3357214691e-05 7.7342342236e-20
7.6603804377e-02 2.3357214691e-05 1.1560356760e-19
8.4940231802e-02 2.3357214691e-05 1.6818236118e-19
9.4183872945e-02 2.3357214691e-05 2.3557735815e-19
1.0443345556e-01 2.3357214691e-05 3.1331374864e-19
1.1579845146e-01 2.3357214691e-05 3.8825321114e-19
1.2840024578e-01 2.3357214691e-05 4.3682630852e-19
1.4237343339e-01 2.3357214691e-05 4.3065883537e-19
1.5786725650e-01 2.3357214691e-05 3.5475825551e-19
1.7504719864e-01 2.3357214691e-05 2.2941283630e-19
1.9409675211e-01 2.3357214691e-05 1.0769855011e-19
2.1521937781e-01 2.3357214691e-05 3.3085895920e-20
2.3864067833e-01 2.3357214691e-05 5.6993373316e-21
2.6461080752e-01 2.3357214691e-05 4.1822700334e-22
2.9340714225e-01 2.3357214691e-05 8.0457814121e-24
3.2533724503e-01 2.3357214691e-05 2.1326549663e-26
3.6074214893e-01 2.3357214691e-05 2.4537266554e-30
4.0000000000e-01 2.3357214691e-05 nan
2.0000000000e-02 4.2813323987e-05 1.2752553066e-21
2.2176504808e-02 4.2813323987e-05 2.0557815500e-21
2.4589868274e-02 4.2813323987e-05 3.2948552888e-21
2.7265866600e-02 4.2813323987e-05 5.0874890030e-21
3.0233081086e-02 4.2813323987e-05 8.0879600964e-21
3.3523203403e-02 4.2813323987e-05 1.2807132351e-20
3.7171374071e-02 4.2813323987e-05 2.0099888851e-20
4.1216557790e-02 4.2813323987e-05 3.1205216729e-20
4.5701959599e-02 4.2813323987e-05 4.7556894562e-20
5.0675486338e-02 4.2813323987e-05 7.1132287438e-20
5.6190258320e-02 4.2813323987e-05 1.1066351263e-19
6.2305176688e-02 4.2813323987e-05 1.7065512551e-19
6.9085552518e-02 4.2813323987e-05 2.5985621589e-19
7.6603804377e-02 4.2813323987e-05 3.8840698065e-19
8.4940231802e-02 4.2813323987e-05 5.6506217297e-19
9.4183872945e-02 4.2813323987e-05 7.9149711651e-19
1.0443345556e-01 4.2813323987e-05 1.0526772632e-18
1.1579845146e-01 4.2813323987e-05 1.3044602403e-18
1.2840024578e-01 4.2813323987e-05 1.4676570217e-18
1.4237343339e-01 4.2813323987e-05 1.4469354331e-18
1.5786725650e-01 4.2813323987e-05 1.1919232769e-18
1.7504719864e-01 4.2813323987e-05 7.7078544472e-19
1.9409675211e-01 4.2813323987e-05 3.6184755931e-19
2.1521937781e-01 4.2813323987e-05 1.1116259860e-19
2.3864067833e-01 4.2813323987e-05 1.9148737883e-20
2.6461080752e-01 4.2813323987e-05 1.4051667422e-21
2.9340714225e-01 4.2813323987e-05 2.7032363714e-23
3.2533724503e-01 4.2813323987e-05 7.1653332177e-26
3.6074214893e-01 4.2813323987e-05 8.2440757745e-30
4.0000000000e-01 4.2813323987e-05 nan
2.0000000000e-02 7.8475997035e-05 4.2846260998e-21
2.2176504808e-02 7.8475997035e-05 6.9070524462e-21
2.4589868274e-02 7.8475997035e-05 1.1070115054e-20
2.7265866600e-02 7.8475997035e-05 1.7093038590e-20
3.0233081086e-02 7.8475997035e-05 2.7174076243e-20
3.3523203403e-02 7.8475997035e-05 4.3029637491e-20
3.7171374071e-02 7.8475997035e-05 6.7531974155e-20
4.1216557790e-02 7.8475997035e-05 1.0484385787e-19
4.5701959599e-02 7.8475997035e-05 1.5978252413e-19
5.0675486338e-02 7.8475997035e-05 2.3899156034e-19
5.6190258320e-02 7.8475997035e-05 3.7180929385e-19
6.2305176688e-02 7.8475997035e-05 5.7337021223e-19
6.9085552518e-02 7.8475997035e-05 8.7306966758e-19
7.6603804377e-02 7.8475997035e-05 1.3049768790e-18
8.4940231802e-02 7.8475997035e-05 1.8985062267e-18
9.4183872945e-02 7.8475997035e-05 2.6592864941e-18
1.0443345556e-01 7.8475997035e-05 3.5368043322e-18
1.1579845146e-01 7.8475997035e-05 4.3827493893e-18
1.2840024578e-01 7.8475997035e-05 4.9310609270e-18
1.4237343339e-01 7.8475997035e-05 4.8614401598e-18
1.5786725650e-01 7.8475997035e-05 4.0046456539e-18
1.7504719864e-01 7.8475997035e-05 2.5896990571e-18
1.9409675211e-01 7.8475997035e-05 1.2157420608e-18
2.1521937781e-01 7.8475997035e-05 3.7348613677e-19
2.3864067833e-01 7.8475997035e-05 6.4336280790e-20
2.6461080752e-01 7.8475997035e-05 4.7211050123e-21
2.9340714225e-01 7.8475997035e-05 9.0823832171e-23
3.2533724503e-01 7.8475997035e-05 2.4074218289e-25
3.6074214893e-01 7.8475997035e-05 2.7698597537e-29
4.0000000000e-01 7.8475997035e-05 nan
2.0000000000e-02 1.4384498883e-04 1.4395565131e-20
2.2176504808e-02 1.4384498883e-04 2.3206441134e-20
2.4589868274e-02 1.4384498883e-04 3.7193575028e-20
2.7265866600e-02 1.4384498883e-04 5.7429503695e-20
3.0233081086e-02 1.4384498883e-04 9.1299958410e-20
3.3523203403e-02 1.4384498883e-04 1.4457176315e-19
3.7171374071e-02 1.4384498883e-04 2.2689516216e-19
4.1216557790e-02 1.4384498883e-04 3.5225631179e-19
4.5701959599e-02 1.4384498883e-04 5.3684024803e-19
5.0675486338e-02 1.4384498883e-04 8.0296821760e-19
5.6190258320e-02 1.4384498883e-04 1.2492116699e-18
6.2305176688e-02 1.4384498883e-04 1.9264197339e-18
6.9085552518e-02 1.4384498883e-04 2.9333554526e-18
7.6603804377e-02 1.4384498883e-04 4.3844852140e-18
8.4940231802e-02 1.4384498883e-04 6.3786359943e-18
9.4183872945e-02 1.4384498883e-04 8.9347194876e-18
1.0443345556e-01 1.4384498883e-04 1.1883020024e-17
1.1579845146e-01 1.4384498883e-04 1.4725241771e-17
1.2840024578e-01 1.4384498883e-04 1.6567468983e-17
1.4237343339e-01 1.4384498883e-04 1.6333555914e-17
1.5786725650e-01 1.4384498883e-04 1.3454882062e-17
1.7504719864e-01 1.4384498883e-04 8.7009185314e-18
1.9409675211e-01 1.4384498883e-04 4.0846725676e-18
2.1521937781e-01 1.4384498883e-04 1.2548456113e-18
2.3864067833e-01 1.4384498883e-04 2.1615822499e-19
2.6461080752e-01 1.4384498883e-04 1.5862056042e-20
2.9340714225e-01 1.4384498883e-04 3.0515159746e-22
3.2533724503e-01 1.4384498883e-04 8.0885006931e-25
3.6074214893e-01 1.4384498883e-04 9.3062265752e-29
4.0000000000e-01 1.4384498883e-04 nan
2.0000000000e-02 2.6366508987e-04 4.8366483090e-20
2.2176504808e-02 2.6366508987e-04 7.7969425513e-20
2.4589868274e-02 2.6366508987e-04 1.2496365395e-19
2.7265866600e-02 2.6366508987e-04 1.9295269750e-19
3.0233081086e-02 2.6366508987e-04 3.0675127134e-19
3.3523203403e-02 2.6366508987e-04 4.8573485643e-19
3.7171374071e-02 2.6366508987e-04 7.6232652034e-19
4.1216557790e-02 2.6366508987e-04 1.1835172079e-18
4.5701959599e-02 2.6366508987e-04 1.8036857005e-18
5.0675486338e-02 2.6366508987e-04 2.6978273337e-18
5.6190258320e-02 2.6366508987e-04 4.1971242732e-18
6.2305176688e-02 2.6366508987e-04 6.4724203621e-18
6.9085552518e-02 2.6366508987e-04 9.8555414963e-18
7.6603804377e-02 2.6366508987e-04 1.4731073968e-17
8.4940231802e-02 2.6366508987e-04 2.1431058501e-17
9.4183872945e-02 2.6366508987e-04 3.0019035003e-17
1.0443345556e-01 2.6366508987e-04 3.9924789707e-17
1.1579845146e-01 2.6366508987e-04 4.9474139157e-17
1.2840024578e-01 2.6366508987e-04 5.5663688741e-17
1.4237343339e-01 2.6366508987e-04 5.4877783983e-17
1.5786725650e-01 2.6366508987e-04 4.5205962901e-17
1.7504719864e-01 2.6366508987e-04 2.9233508389e-17
1.9409675211e-01 2.6366508987e-04 1.3723759395e-17
2.1521937781e-01 2.6366508987e-04 4.2160539012e-18
2.3864067833e-01 2.6366508987e-04 7.2625249615e-19
2.6461080752e-01 2.6366508987e-04 5.3293638258e-20
2.9340714225e-01 2.6366508987e-04 1.0252542029e-21
3.2533724503e-01 2.6366508987e-04 2.7175901676e-24
3.6074214893e-01 2.6366508987e-04 3.1267242917e-28
4.0000000000e-01 2.6366508987e-04 nan
2.0000000000e-02 4.8329302386e-04 1.6250259570e-19
2.2176504808e-02 4.8329302386e-04 2.6196310424e-19
2.4589868274e-02 4.8329302386e-04 4.1985517468e-19
2.7265866600e-02 4.8329302386e-04 6.4828601065e-19
3.0233081086e-02 4.8329302386e-04 1.0306285482e-18
3.3523203403e-02 4.8329302386e-04 1.6319808858e-18
3.7171374071e-02 4.8329302386e-04 2.5612786447e-18
4.1216557790e-02 4.8329302386e-04 3.9764028712e-18
4.5701959599e-02 4.8329302386e-04 6.0600564071e-18
5.0675486338e-02 4.8329302386e-04 9.0642099804e-18
5.6190258320e-02 4.8329302386e-04 1.4101575574e-17
6.2305176688e-02 4.8329302386e-04 2.1746157566e-17
6.9085552518e-02 4.8329302386e-04 3.3112830870e-17
7.6603804377e-02 4.8329302386e-04 4.9493735870e-17
8.4940231802e-02 4.8329302386e-04 7.2004469535e-17
9.4183872945e-02 4.8329302386e-04 1.0085851500e-16
1.0443345556e-01 4.8329302386e-04 1.3414005812e-16
1.1579845146e-01 4.8329302386e-04 1.6622414660e-16
1.2840024578e-01 4.8329302386e-04 1.8701991876e-16
1.4237343339e-01 4.8329302386e-04 1.8437942893e-16
1.5786725650e-01 4.8329302386e-04 1.5188386719e-16
1.7504719864e-01 4.8329302386e-04 9.8219312174e-17
1.9409675211e-01 4.8329302386e-04 4.6109358197e-17
2.1521937781e-01 4.8329302386e-04 1.4165182554e-17
2.3864067833e-01 4.8329302386e-04 2.4400779871e-18
2.6461080752e-01 4.8329302386e-04 1.7905707931e-19
2.9340714225e-01 4.8329302386e-04 3.4446710439e-21
3.2533724503e-01 4.8329302386e-04 9.1306194553e-24
3.6074214893e-01 4.8329302386e-04 1.0505239780e-27
4.0000000000e-01 4.8329302386e-04 nan
2.0000000000e-02 8.8586679041e-04 5.4597920814e-19
2.2176504808e-02 8.8586679041e-04 8.8014845766e-19
2.4589868274e-02 8.8586679041e-04 1.4106371500e-18
2.7265866600e-02 8.8586679041e-04 2.1781232972e-18
3.0233081086e-02 8.8586679041e-04 3.4627248392e-18
3.3523203403e-02 8.8586679041e-04 5.4831595938e-18
3.7171374071e-02 8.8586679041e-04 8.6054315210e-18
4.1216557790e-02 8.8586679041e-04 1.3359992368e-17
4.5701959599e-02 8.8586679041e-04 2.0360690676e-17
5.0675486338e-02 8.8586679041e-04 3.0454102635e-17
5.6190258320e-02 8.8586679041e-04 4.7378739286e-17
6.2305176688e-02 8.8586679041e-04 7.3063152260e-17
6.9085552518e-02 8.8586679041e-04 1.1125312097e-16
7.6603804377e-02 8.8586679041e-04 1.6629000597e-16
8.4940231802e-02 8.8586679041e-04 2.4192201572e-16
9.4183872945e-02 8.8586679041e-04 3.3886642138e-16
1.0443345556e-01 8.8586679041e-04 4.5068644122e-16
1.1579845146e-01 8.8586679041e-04 5.5848325655e-16
1.2840024578e-01 8.8586679041e-04 6.2835338830e-16
1.4237343339e-01 8.8586679041e-04 6.1948190508e-16
1.5786725650e-01 8.8586679041e-04 5.1030271800e-16
1.7504719864e-01 8.8586679041e-04 3.2999944881e-16
1.9409675211e-01 8.8586679041e-04 1.5491929539e-16
2.1521937781e-01 8.8586679041e-04 4.7592524726e-17
2.3864067833e-01 8.8586679041e-04 8.1982363652e-18
2.6461080752e-01 8.8586679041e-04 6.0160081786e-19
2.9340714225e-01 8.8586679041e-04 1.1573505166e-20
3.2533724503e-01 8.8586679041e-04 3.0677338659e-23
3.6074214893e-01 8.8586679041e-04 3.5295858455e-27
4.0000000000e-01 8.8586679041e-04 nan
2.0000000000e-02 1.6237767392e-03 1.8343911027e-18
2.2176504808e-02 1.6237767392e-03 2.9571392179e-18
2.4589868274e-02 1.6237767392e-03 4.7394851303e-18
2.7265866600e-02 1.6237767392e-03 7.3180996558e-18
3.0233081086e-02 1.6237767392e-03 1.1634128454e-17
3.3523203403e-02 1.6237767392e-03 1.8422424057e-17
3.7171374071e-02 1.6237767392e-03 2.8912694025e-17
4.1216557790e-02 1.6237767392e-03 4.4887161191e-17
4.5701959599e-02 1.6237767392e-03 6.8408247314e-17
5.0675486338e-02 1.6237767392e-03 1.0232029825e-16
5.6190258320e-02 1.6237767392e-03 1.5918404274e-16
6.2305176688e-02 1.6237767392e-03 2.4547907773e-16
6.9085552518e-02 1.6237767392e-03 3.7379056714e-16
7.6603804377e-02 1.6237767392e-03 5.5870473502e-16
8.4940231802e-02 1.6237767392e-03 8.1281494112e-16
9.4183872945e-02 1.6237767392e-03 1.1385311611e-15
1.0443345556e-01 1.6237767392e-03 1.5142270418e-15
1.1579845146e-01 1.6237767392e-03 1.8764059739e-15
1.2840024578e-01 1.6237767392e-03 2.1111582313e-15
1.4237343339e-01 1.6237767392e-03 2.0813525947e-15
1.5786725650e-01 1.6237767392e-03 1.7145303143e-15
1.7504719864e-01 1.6237767392e-03 1.1087427849e-15
1.9409675211e-01 1.6237767392e-03 5.2050328410e-16
2.1521937781e-01 1.6237767392e-03 1.5990319834e-16
2.3864067833e-01 1.6237767392e-03 2.7544784531e-17
2.6461080752e-01 1.6237767392e-03 2.0212871348e-18
2.9340714225e-01 1.6237767392e-03 3.8885285223e-20
3.2533724503e-01 1.6237767392e-03 1.0307159790e-22
3.6074214893e-01 1.6237767392e-03 1.1858949648e-26
4.0000000000e-01 1.6237767392e-03 nan
2.0000000000e-02 2.9763514416e-03 6.1632227491e-18
2.2176504808e-02 2.9763514416e-03 9.9354542035e-18
2.4589868274e-02 2.9763514416e-03 1.5923816014e-17
2.7265866600e-02 2.9763514416e-03 2.4587498277e-17
3.0233081086e-02 2.9763514416e-03 3.9088582571e-17
3.3523203403e-02 2.9763514416e-03 6.1896044490e-17
3.7171374071e-02 2.9763514416e-03 9.7141486576e-17
4.1216557790e-02 2.9763514416e-03 1.5081286900e-16
4.5701959599e-02 2.9763514416e-03 2.2983957893e-16
5.0675486338e-02 2.9763514416e-03 3.4377814333e-16
5.6190258320e-02 2.9763514416e-03 5.3483045226e-16
6.2305176688e-02 2.9763514416e-03 8.2476693098e-16
6.9085552518e-02 2.9763514416e-03 1.2558717342e-15
7.6603804377e-02 2.9763514416e-03 1.8771523922e-15
8.4940231802e-02 2.9763514416e-03 2.7309209876e-15
9.4183872945e-02 2.9763514416e-03 3.8252754461e-15
1.0443345556e-01 2.9763514416e-03 5.0875558716e-15
1.1579845146e-01 2.9763514416e-03 6.3044250511e-15
1.2840024578e-01 2.9763514416e-03 7.0931647783e-15
1.4237343339e-01 2.9763514416e-03 6.9930338097e-15
1.5786725650e-01 2.9763514416e-03 5.7605770260e-15
1.7504719864e-01 2.9763514416e-03 3.7252262365e-15
1.9409675211e-01 2.9763514416e-03 1.7488258306e-15
2.1521937781e-01 2.9763514416e-03 5.3725656593e-16
2.3864067833e-01 2.9763514416e-03 9.2547729294e-17
2.6461080752e-01 2.9763514416e-03 6.7913573483e-18
2.9340714225e-01 2.9763514416e-03 1.3065213107e-19
3.2533724503e-01 2.9763514416e-03 3.4631667803e-22
3.6074214893e-01 2.9763514416e-03 3.9845976923e-26
4.0000000000e-01 2.9763514416e-03 nan
2.0000000000e-02 5.4555947812e-03 2.0707330825e-17
2.2176504808e-02 5.4555947812e-03 3.3381363432e-17
2.4589868274e-02 5.4555947812e-03 5.3501209568e-17
2.7265866600e-02 5.4555947812e-03 8.2609675698e-17
3.0233081086e-02 5.4555947812e-03 1.3133081724e-16
3.3523203403e-02 5.4555947812e-03 2.0795999568e-16
3.7171374071e-02 5.4555947812e-03 3.2637874183e-16
4.1216557790e-02 5.4555947812e-03 5.0670568654e-16
4.5701959599e-02 5.4555947812e-03 7.7222259175e-16
5.0675486338e-02 5.4555947812e-03 1.1550381228e-15
5.6190258320e-02 5.4555947812e-03 1.7969443608e-15
6.2305176688e-02 5.4555947812e-03 2.7710877504e-15
6.9085552518e-02 5.4555947812e-03 4.2195386508e-15
7.6603804377e-02 5.4555947812e-03 6.3069587412e-15
8.4940231802e-02 5.4555947812e-03 9.1755166323e-15
9.4183872945e-02 5.4555947812e-03 1.2852429425e-14
1.0443345556e-01 5.4555947812e-03 1.7093581209e-14
1.1579845146e-01 5.4555947812e-03 2.1182196090e-14
1.2840024578e-01 5.4555947812e-03 2.3832385316e-14
1.4237343339e-01 5.4555947812e-03 2.3496082598e-14
1.5786725650e-01 5.4555947812e-03 1.9355245233e-14
1.7504719864e-01 5.4555947812e-03 1.2516669694e-14
1.9409675211e-01 5.4555947812e-03 5.8760686412e-15
2.1521937781e-01 5.4555947812e-03 1.8052072082e-15
2.3864067833e-01 5.4555947812e-03 3.1096904841e-16
2.6461080752e-01 5.4555947812e-03 2.2819982824e-17
2.9340714225e-01 5.4555947812e-03 4.3901978263e-19
3.2533724503e-01 5.4555947812e-03 1.1637286111e-21
3.6074214893e-01 5.4555947812e-03 1.3389850767e-25
4.0000000000e-01 5.4555947812e-03 nan
2.0000000000e-02 1.0000000000e-02 6.9573120842e-17
2.2176504808e-02 1.0000000000e-02 1.1215579748e-16
2.4589868274e-02 1.0000000000e-02 1.7975526042e-16
2.7265866600e-02 1.0000000000e-02 2.7755518521e-16
3.0233081086e-02 1.0000000000e-02 4.4125087288e-16
3.3523203403e-02 1.0000000000e-02 6.9871381925e-16
3.7171374071e-02 1.0000000000e-02 1.0965845407e-15
4.1216557790e-02 1.0000000000e-02 1.7024599314e-15
4.5701959599e-02 1.0000000000e-02 2.5945656441e-15
5.0675486338e-02 1.0000000000e-02 3.8807862801e-15
5.6190258320e-02 1.0000000000e-02 6.0375332598e-15
6.2305176688e-02 1.0000000000e-02 9.3105853467e-15
6.9085552518e-02 1.0000000000e-02 1.4177310192e-14
7.6603804377e-02 1.0000000000e-02 2.1191000748e-14
8.4940231802e-02 1.0000000000e-02 3.0829404656e-14
9.4183872945e-02 1.0000000000e-02 4.3184074151e-14
1.0443345556e-01 1.0000000000e-02 5.7434915963e-14
1.1579845146e-01 1.0000000000e-02 7.1173675016e-14
1.2840024578e-01 1.0000000000e-02 8.0079715171e-14
1.4237343339e-01 1.0000000000e-02 7.8951144048e-14
1.5786725650e-01 1.0000000000e-02 6.5038609281e-14
1.7504719864e-01 1.0000000000e-02 4.2060355940e-14
1.9409675211e-01 1.0000000000e-02 1.9746266499e-14
2.1521937781e-01 1.0000000000e-02 6.0665540994e-15
2.3864067833e-01 1.0000000000e-02 1.0450872936e-15
2.6461080752e-01 1.0000000000e-02 7.6696464516e-17
2.9340714225e-01 1.0000000000e-02 1.4756177902e-18
3.2533724503e-01 1.0000000000e-02 3.9118075000e-21
3.6074214893e-01 1.0000000000e-02 4.5013728555e-25
4.0000000000e-01 1.0000000000e-02 nan
