2.0000000000e-02 1.0000000000e-07 1.9547515913e-26
2.2176504808e-02 1.0000000000e-07 3.1033922326e-26
2.4589868274e-02 1.0000000000e-07 4.8278161871e-26
2.7265866600e-02 1.0000000000e-07 7.5615885486e-26
3.0233081086e-02 1.0000000000e-07 1.1712733800e-25
3.3523203403e-02 1.0000000000e-07 1.8592512788e-25
3.7171374071e-02 1.0000000000e-07 2.8514746038e-25
4.1216557790e-02 1.0000000000e-07 4.3967168444e-25
4.5701959599e-02 1.0000000000e-07 6.7062738344e-25
5.0675486338e-02 1.0000000000e-07 1.0167519786e-24
5.6190258320e-02 1.0000000000e-07 1.5409133989e-24
6.2305176688e-02 1.0000000000e-07 2.2910347511e-24
6.9085552518e-02 1.0000000000e-07 3.3163619449e-24
7.6603804377e-02 1.0000000000e-07 4.6285429458e-24
8.4940231802e-02 1.0000000000e-07 6.1531848966e-24
9.4183872945e-02 1.0000000000e-07 7.6679703166e-24
1.0443345556e-01 1.0000000000e-07 8.7528121043e-24
1.1579845146e-01 1.0000000000e-07 8.8513998554e-24
1.2840024578e-01 1.0000000000e-07 7.5773764080e-24
1.4237343339e-01 1.0000000000e-07 5.1730624559e-24
1.5786725650e-01 1.0000000000e-07 2.6150058557e-24
1.7504719864e-01 1.0000000000e-07 8.9169841745e-25
1.9409675211e-01 1.0000000000e-07 1.7934637450e-25
2.1521937781e-01 1.0000000000e-07 1.6754235596e-26
2.3864067833e-01 1.0000000000e-07 5.1519376996e-28
2.6461080752e-01 1.0000000000e-07 2.8347250917e-30
2.9340714225e-01 1.0000000000e-07 1.1292649852e-33
3.2533724503e-01 1.0000000000e-07 8.1926863773e-39
3.6074214893e-01 1.0000000000e-07 1.0329521247e-46
4.0000000000e-01 1.0000000000e-07 nan
2.0000000000e-02 1.8329807108e-07 6.5676101416e-26
2.2176504808e-02 1.8329807108e-07 1.0426833973e-25
2.4589868274e-02 1.8329807108e-07 1.6220585108e-25
2.7265866600e-02 1.8329807108e-07 2.5405563479e-25
3.0233081086e-02 1.8329807108e-07 3.9352657204e-25
3.3523203403e-02 1.8329807108e-07 6.2467464455e-25
3.7171374071e-02 1.8329807108e-07 9.5804365167e-25
4.1216557790e-02 1.8329807108e-07 1.4772169654e-24
4.5701959599e-02 1.8329807108e-07 2.2531861462e-24
5.0675486338e-02 1.8329807108e-07 3.4161018902e-24
5.6190258320e-02 1.8329807108e-07 5.1771890151e-24
6.2305176688e-02 1.8329807108e-07 7.6974604514e-24
6.9085552518e-02 1.8329807108e-07 1.1142373506e-23
7.6603804377e-02 1.8329807108e-07 1.5551063228e-23
8.4940231802e-02 1.8329807108e-07 2.0673583134e-23
9.4183872945e-02 1.8329807108e-07 2.5762986888e-23
1.0443345556e-01 1.8329807108e-07 2.9407858165e-23
1.1579845146e-01 1.8329807108e-07 2.9739095093e-23
1.2840024578e-01 1.8329807108e-07 2.5458607818e-23
1.4237343339e-01 1.8329807108e-07 1.7380549835e-23
1.5786725650e-01 1.8329807108e-07 8.7859444926e-24
1.7504719864e-01 1.8329807108e-07 2.9959446488e-24
1.9409675211e-01 1.8329807108e-07 6.0257122862e-25
2.1521937781e-01 1.8329807108e-07 5.6291187129e-26
2.3864067833e-01 1.8329807108e-07 1.7309574493e-27
2.6461080752e-01 1.8329807108e-07 9.5241611996e-30
2.9340714225e-01 1.8329807108e-07 3.7941251474e-33
3.2533724503e-01 1.8329807108e-07 2.7525937504e-38
3.6074214893e-01 1.8329807108e-07 3.4705314374e-46
4.0000000000e-01 1.8329807108e-07 nan
2.0000000000e-02 3.3598182863e-07 2.2065976651e-25
2.2176504808e-02 3.3598182863e-07 3.5032267450e-25
2.4589868274e-02 3.3598182863e-07 5.4498218461e-25
2.7265866600e-02 3.3598182863e-07 8.5358076750e-25
3.0233081086e-02 3.3598182863e-07 1.3221777729e-24
3.3523203403e-02 3.3598182863e-07 2.0987932937e-24
3.7171374071e-02 3.3598182863e-07 3.2188525799e-24
4.1216557790e-02 3.3598182863e-07 4.9631805730e-24
4.5701959599e-02 3.3598182863e-07 7.5702960163e-24
5.0675486338e-02 3.3598182863e-07 1.1477481598e-23
5.6190258320e-02 3.3598182863e-07 1.7394414324e-23
6.2305176688e-02 3.3598182863e-07 2.5862068383e-23
6.9085552518e-02 3.3598182863e-07 3.7436350259e-23
7.6603804377e-02 3.3598182863e-07 5.2248746605e-23
8.4940231802e-02 3.3598182863e-07 6.9459482658e-23
9.4183872945e-02 3.3598182863e-07 8.6558954457e-23
1.0443345556e-01 3.3598182863e-07 9.8805059622e-23
1.1579845146e-01 3.3598182863e-07 9.9917955512e-23
1.2840024578e-01 3.3598182863e-07 8.5536296089e-23
1.4237343339e-01 3.3598182863e-07 5.8395489163e-23
1.5786725650e-01 3.3598182863e-07 2.9519176969e-23
1.7504719864e-01 3.3598182863e-07 1.0065829616e-23
1.9409675211e-01 3.3598182863e-07 2.0245298327e-24
2.1521937781e-01 3.3598182863e-07 1.8912815987e-25
2.3864067833e-01 3.3598182863e-07 5.8157024910e-27
2.6461080752e-01 3.3598182863e-07 3.1999450960e-29
2.9340714225e-01 3.3598182863e-07 1.2747571051e-32
3.2533724503e-01 3.3598182863e-07 9.2482148174e-38
3.6074214893e-01 3.3598182863e-07 1.1660354986e-45
4.0000000000e-01 3.3598182863e-07 nan
2.0000000000e-02 6.1584821107e-07 7.4137671856e-25
2.2176504808e-02 6.1584821107e-07 1.1770205279e-24
2.4589868274e-02 6.1584821107e-07 1.8310411095e-24
2.7265866600e-02 6.1584821107e-07 2.8678762715e-24
3.0233081086e-02 6.1584821107e-07 4.4422770590e-24
3.3523203403e-02 6.1584821107e-07 7.0515640874e-24
3.7171374071e-02 6.1584821107e-07 1.0814759759e-23
4.1216557790e-02 6.1584821107e-07 1.6675384847e-23
4.5701959599e-02 6.1584821107e-07 2.5434818988e-23
5.0675486338e-02 6.1584821107e-07 3.8562252555e-23
5.6190258320e-02 6.1584821107e-07 5.8442071326e-23
6.2305176688e-02 6.1584821107e-07 8.6891850273e-23
6.9085552518e-02 6.1584821107e-07 1.2577933417e-22
7.6603804377e-02 6.1584821107e-07 1.7554629428e-22
8.4940231802e-02 6.1584821107e-07 2.3337123999e-22
9.4183872945e-02 6.1584821107e-07 2.9082235803e-22
1.0443345556e-01 6.1584821107e-07 3.3196704609e-22
1.1579845146e-01 6.1584821107e-07 3.3570617406e-22
1.2840024578e-01 6.1584821107e-07 2.8738641174e-22
1.4237343339e-01 6.1584821107e-07 1.9619823233e-22
1.5786725650e-01 6.1584821107e-07 9.9179070576e-23
1.7504719864e-01 6.1584821107e-07 3.3819358410e-23
1.9409675211e-01 6.1584821107e-07 6.8020523530e-24
2.1521937781e-01 6.1584821107e-07 6.3543624999e-25
2.3864067833e-01 6.1584821107e-07 1.9539703577e-26
2.6461080752e-01 6.1584821107e-07 1.0751234049e-28
2.9340714225e-01 6.1584821107e-07 4.2829522322e-32
3.2533724503e-01 6.1584821107e-07 3.1072321259e-37
3.6074214893e-01 6.1584821107e-07 3.9176673908e-45
4.0000000000e-01 6.1584821107e-07 nan
2.0000000000e-02 1.1288378917e-06 2.4908910560e-24
2.2176504808e-02 1.1288378917e-06 3.9545750929e-24
2.4589868274e-02 1.1288378917e-06 6.1519654028e-24
2.7265866600e-02 1.1288378917e-06 9.6355431397e-24
3.0233081086e-02 1.1288378917e-06 1.4925243696e-23
3.3523203403e-02 1.1288378917e-06 2.3691973968e-23
3.7171374071e-02 1.1288378917e-06 3.6335627600e-23
4.1216557790e-02 1.1288378917e-06 5.6026262941e-23
4.5701959599e-02 1.1288378917e-06 8.5456369945e-23
5.0675486338e-02 1.1288378917e-06 1.2956216129e-22
5.6190258320e-02 1.1288378917e-06 1.9635473993e-22
6.2305176688e-02 1.1288378917e-06 2.9194082748e-22
6.9085552518e-02 1.1288378917e-06 4.2259570699e-22
7.6603804377e-02 1.1288378917e-06 5.8980364961e-22
8.4940231802e-02 1.1288378917e-06 7.8408495961e-22
9.4183872945e-02 1.1288378917e-06 9.7711027656e-22
1.0443345556e-01 1.1288378917e-06 1.1153489519e-21
1.1579845146e-01 1.1288378917e-06 1.1279117424e-21
1.2840024578e-01 1.1288378917e-06 9.6556612140e-22
1.4237343339e-01 1.1288378917e-06 6.5919040871e-22
1.5786725650e-01 1.1288378917e-06 3.3322365494e-22
1.7504719864e-01 1.1288378917e-06 1.1362689882e-22
1.9409675211e-01 1.1288378917e-06 2.2853659880e-23
2.1521937781e-01 1.1288378917e-06 2.1349503325e-24
2.3864067833e-01 1.1288378917e-06 6.5649853387e-26
2.6461080752e-01 1.1288378917e-06 3.6122192757e-28
2.9340714225e-01 1.1288378917e-06 1.4389941229e-31
3.2533724503e-01 1.1288378917e-06 1.0439735317e-36
3.6074214893e-01 1.1288378917e-06 1.3162650539e-44
4.0000000000e-01 1.1288378917e-06 nan
2.0000000000e-02 2.0691380811e-06 8.3689413193e-24
2.2176504808e-02 2.0691380811e-06 1.3286653712e-23
2.4589868274e-02 2.0691380811e-06 2.0669485857e-23
2.7265866600e-02 2.0691380811e-06 3.2373674039e-23
3.0233081086e-02 2.0691380811e-06 5.0146106696e-23
3.3523203403e-02 2.0691380811e-06 7.9600727375e-23
3.7171374071e-02 2.0691380811e-06 1.2208110605e-22
4.1216557790e-02 2.0691380811e-06 1.8823806274e-22
4.5701959599e-02 2.0691380811e-06 2.8711787442e-22
5.0675486338e-02 2.0691380811e-06 4.3530531873e-22
5.6190258320e-02 2.0691380811e-06 6.5971624582e-22
6.2305176688e-02 2.0691380811e-06 9.8086813067e-22
6.9085552518e-02 2.0691380811e-06 1.4198447841e-21
7.6603804377e-02 2.0691380811e-06 1.9816330873e-21
8.4940231802e-02 2.0691380811e-06 2.6343829853e-21
9.4183872945e-02 2.0691380811e-06 3.2829129749e-21
1.0443345556e-01 2.0691380811e-06 3.7473698043e-21
1.1579845146e-01 2.0691380811e-06 3.7895784976e-21
1.2840024578e-01 2.0691380811e-06 3.2441267113e-21
1.4237343339e-01 2.0691380811e-06 2.2147599894e-21
1.5786725650e-01 2.0691380811e-06 1.1195709293e-21
1.7504719864e-01 2.0691380811e-06 3.8176573247e-22
1.9409675211e-01 2.0691380811e-06 7.6784144376e-23
2.1521937781e-01 2.0691380811e-06 7.1730451678e-24
2.3864067833e-01 2.0691380811e-06 2.2057157791e-25
2.6461080752e-01 2.0691380811e-06 1.2136400377e-27
2.9340714225e-01 2.0691380811e-06 4.8347587684e-31
3.2533724503e-01 2.0691380811e-06 3.5075613623e-36
3.6074214893e-01 2.0691380811e-06 4.4224113981e-44
4.0000000000e-01 2.0691380811e-06 nan
2.0000000000e-02 3.7926901907e-06 2.8118122081e-23
2.2176504808e-02 3.7926901907e-06 4.4640742104e-23
2.4589868274e-02 3.7926901907e-06 6.9445716550e-23
2.7265866600e-02 3.7926901907e-06 1.0876966203e-22
3.0233081086e-02 3.7926901907e-06 1.6848180626e-22
3.3523203403e-02 3.7926901907e-06 2.6744397944e-22
3.7171374071e-02 3.7926901907e-06 4.1017033253e-22
4.1216557790e-02 3.7926901907e-06 6.3244568538e-22
4.5701959599e-02 3.7926901907e-06 9.6466388481e-22
5.0675486338e-02 3.7926901907e-06 1.4625467700e-21
5.6190258320e-02 3.7926901907e-06 2.2165267065e-21
6.2305176688e-02 3.7926901907e-06 3.2955386819e-21
6.9085552518e-02 3.7926901907e-06 4.7704204693e-21
7.6603804377e-02 3.7926901907e-06 6.6579270835e-21
8.4940231802e-02 3.7926901907e-06 8.8510481274e-21
9.4183872945e-02 3.7926901907e-06 1.1029991046e-20
1.0443345556e-01 3.7926901907e-06 1.2590481594e-20
1.1579845146e-01 3.7926901907e-06 1.2732295134e-20
1.2840024578e-01 3.7926901907e-06 1.0899676248e-20
1.4237343339e-01 3.7926901907e-06 7.4411911124e-21
1.5786725650e-01 3.7926901907e-06 3.7615548814e-21
1.7504719864e-01 3.7926901907e-06 1.2826634891e-21
1.9409675211e-01 3.7926901907e-06 2.5798077240e-22
2.1521937781e-01 3.7926901907e-06 2.4100128326e-23
2.3864067833e-01 3.7926901907e-06 7.4108042100e-25
2.6461080752e-01 3.7926901907e-06 4.0776099924e-27
2.9340714225e-01 3.7926901907e-06 1.6243910923e-30
3.2533724503e-01 3.7926901907e-06 1.1784768807e-35
3.6074214893e-01 3.7926901907e-06 1.4858498687e-43
4.0000000000e-01 3.7926901907e-06 nan
2.0000000000e-02 6.9519279618e-06 9.4471780745e-23
2.2176504808e-02 6.9519279618e-06 1.4998478163e-22
2.4589868274e-02 6.9519279618e-06 2.3332498837e-22
2.7265866600e-02 6.9519279618e-06 3.6544629949e-22
3.0233081086e-02 6.9519279618e-06 5.6606825360e-22
3.3523203403e-02 6.9519279618e-06 8.9856317269e-22
3.7171374071e-02 6.9519279618e-06 1.3780977838e-21
4.1216557790e-02 6.9519279618e-06 2.1249025789e-21
4.5701959599e-02 6.9519279618e-06 3.2410953604e-21
5.0675486338e-02 6.9519279618e-06 4.9138913825e-21
5.6190258320e-02 6.9519279618e-06 7.4471269608e-21
6.2305176688e-02 6.9519279618e-06 1.1072411127e-20
6.9085552518e-02 6.9519279618e-06 1.6027745927e-20
7.6603804377e-02 6.9519279618e-06 2.2369425165e-20
8.4940231802e-02 6.9519279618e-06 2.9737913354e-20
9.4183872945e-02 6.9519279618e-06 3.7058765617e-20
1.0443345556e-01 6.9519279618e-06 4.2301730299e-20
1.1579845146e-01 6.9519279618e-06 4.2778198024e-20
1.2840024578e-01 6.9519279618e-06 3.6620931580e-20
1.4237343339e-01 6.9519279618e-06 2.5001049976e-20
1.5786725650e-01 6.9519279618e-06 1.2638140878e-20
1.7504719864e-01 6.9519279618e-06 4.3095162472e-21
1.9409675211e-01 6.9519279618e-06 8.6676851692e-22
2.1521937781e-01 6.9519279618e-06 8.0972051885e-23
2.3864067833e-01 6.9519279618e-06 2.4898955513e-24
2.6461080752e-01 6.9519279618e-06 1.3700028624e-26
2.9340714225e-01 6.9519279618e-06 5.4576588993e-30
3.2533724503e-01 6.9519279618e-06 3.9594681764e-35
3.6074214893e-01 6.9519279618e-06 4.9921855626e-43
4.0000000000e-01 6.9519279618e-06 nan
2.0000000000e-02 1.2742749857e-05 3.1740801649e-22
2.2176504808e-02 1.2742749857e-05 5.0392161201e-22
2.4589868274e-02 1.2742749857e-05 7.8392956260e-22
2.7265866600e-02 1.2742749857e-05 1.2278331597e-21
3.0233081086e-02 1.2742749857e-05 1.9018864698e-21
3.3523203403e-02 1.2742749857e-05 3.0190089791e-21
3.7171374071e-02 1.2742749857e-05 4.6301581345e-21
4.1216557790e-02 1.2742749857e-05 7.1392865416e-21
4.5701959599e-02 1.2742749857e-05 1.0889491460e-20
5.0675486338e-02 1.2742749857e-05 1.6509782126e-20
5.6190258320e-02 1.2742749857e-05 2.5020993347e-20
6.2305176688e-02 1.2742749857e-05 3.7201289385e-20
6.9085552518e-02 1.2742749857e-05 5.3850313864e-20
7.6603804377e-02 1.2742749857e-05 7.5157203742e-20
8.4940231802e-02 1.2742749857e-05 9.9913985110e-20
9.4183872945e-02 1.2742749857e-05 1.2451071843e-19
1.0443345556e-01 1.2742749857e-05 1.4212612706e-19
1.1579845146e-01 1.2742749857e-05 1.4372697204e-19
1.2840024578e-01 1.2742749857e-05 1.2303967565e-19
1.4237343339e-01 1.2742749857e-05 8.3998984945e-20
1.5786725650e-01 1.2742749857e-05 4.2461856863e-20
1.7504719864e-01 1.2742749857e-05 1.4479191507e-20
1.9409675211e-01 1.2742749857e-05 2.9121847165e-21
2.1521937781e-01 1.2742749857e-05 2.7205138098e-22
2.3864067833e-01 1.2742749857e-05 8.3655966177e-24
2.6461080752e-01 1.2742749857e-05 4.6029606781e-26
2.9340714225e-01 1.2742749857e-05 1.8336742208e-29
3.2533724503e-01 1.2742749857e-05 1.3303093612e-34
3.6074214893e-01 1.2742749857e-05 1.6772836376e-42
4.0000000000e-01 1.2742749857e-05 nan
2.0000000000e-02 2.3357214691e-05 1.0664332581e-21
2.2176504808e-02 2.3357214691e-05 1.6930850471e-21
2.4589868274e-02 2.3357214691e-05 2.6338608799e-21
2.7265866600e-02 2.3357214691e-05 4.1252963031e-21
3.0233081086e-02 2.3357214691e-05 6.3899929407e-21
3.3523203403e-02 2.3357214691e-05 1.0143321576e-20
3.7171374071e-02 2.3357214691e-05 1.5556489972e-20
4.1216557790e-02 2.3357214691e-05 2.3986705480e-20
4.5701959599e-02 2.3357214691e-05 3.6586712549e-20
5.0675486338e-02 2.3357214691e-05 5.5469867910e-20
5.6190258320e-02 2.3357214691e-05 8.4065991025e-20
6.2305176688e-02 2.3357214691e-05 1.2498957242e-19
6.9085552518e-02 2.3357214691e-05 1.8092726936e-19
7.6603804377e-02 2.3357214691e-05 2.5251454768e-19
8.4940231802e-02 2.3357214691e-05 3.3569283454e-19
9.4183872945e-02 2.3357214691e-05 4.1833338908e-19
1.0443345556e-01 2.3357214691e-05 4.7751796129e-19
1.1579845146e-01 2.3357214691e-05 4.8289650969e-19
1.2840024578e-01 2.3357214691e-05 4.1339095301e-19
1.4237343339e-01 2.3357214691e-05 2.8222132630e-19
1.5786725650e-01 2.3357214691e-05 1.4266412355e-19
1.7504719864e-01 2.3357214691e-05 4.8647452556e-20
1.9409675211e-01 2.3357214691e-05 9.7844115023e-21
2.1521937781e-01 2.3357214691e-05 9.1404320888e-22
2.3864067833e-01 2.3357214691e-05 2.8106884645e-23
2.6461080752e-01 2.3357214691e-05 1.5465111554e-25
2.9340714225e-01 2.3357214691e-05 6.1608122210e-29
3.2533724503e-01 2.3357214691e-05 4.4695977508e-34
3.6074214893e-01 2.3357214691e-05 5.6353682748e-42
4.0000000000e-01 2.3357214691e-05 nan
2.0000000000e-02 4.2813323987e-05 3.5830219627e-21
2.2176504808e-02 4.2813323987e-05 5.6884581031e-21
2.4589868274e-02 4.2813323987e-05 8.8492939511e-21
2.7265866600e-02 4.2813323987e-05 1.3860245962e-20
3.0233081086e-02 4.2813323987e-05 2.1469215143e-20
3.3523203403e-02 4.2813323987e-05 3.4079717338e-20
3.7171374071e-02 4.2813323987e-05 5.2266979518e-20
4.1216557790e-02 4.2813323987e-05 8.0590971772e-20
4.5701959599e-02 4.2813323987e-05 1.2292470599e-19
5.0675486338e-02 4.2813323987e-05 1.8636867678e-19
5.6190258320e-02 4.2813323987e-05 2.8244645434e-19
6.2305176688e-02 4.2813323987e-05 4.1994225177e-19
6.9085552518e-02 4.2813323987e-05 6.0788274942e-19
7.6603804377e-02 4.2813323987e-05 8.4840299708e-19
8.4940231802e-02 4.2813323987e-05 1.1278669276e-18
9.4183872945e-02 4.2813323987e-05 1.4055241757e-18
1.0443345556e-01 4.2813323987e-05 1.6043735857e-18
1.1579845146e-01 4.2813323987e-05 1.6224445325e-18
1.2840024578e-01 4.2813323987e-05 1.3889184924e-18
1.4237343339e-01 4.2813323987e-05 9.4821238031e-19
1.5786725650e-01 4.2813323987e-05 4.7932553559e-19
1.7504719864e-01 4.2813323987e-05 1.6344660250e-19
1.9409675211e-01 4.2813323987e-05 3.2873845122e-20
2.1521937781e-01 4.2813323987e-05 3.0710191358e-21
2.3864067833e-01 4.2813323987e-05 9.4434026731e-23
2.6461080752e-01 4.2813323987e-05 5.1959965691e-25
2.9340714225e-01 4.2813323987e-05 2.0699210043e-28
3.2533724503e-01 4.2813323987e-05 1.5017036624e-33
3.6074214893e-01 4.2813323987e-05 1.8933813809e-41
4.0000000000e-01 4.2813323987e-05 nan
2.0000000000e-02 7.8475997035e-05 1.2038302721e-20
2.2176504808e-02 7.8475997035e-05 1.9112185576e-20
2.4589868274e-02 7.8475997035e-05 2.9732019675e-20
2.7265866600e-02 7.8475997035e-05 4.6567907904e-20
3.0233081086e-02 7.8475997035e-05 7.2132661758e-20
3.3523203403e-02 7.8475997035e-05 1.1450165775e-19
3.7171374071e-02 7.8475997035e-05 1.7560755400e-19
4.1216557790e-02 7.8475997035e-05 2.7077102149e-19
4.5701959599e-02 7.8475997035e-05 4.1300467651e-19
5.0675486338e-02 7.8475997035e-05 6.2616489094e-19
5.6190258320e-02 7.8475997035e-05 9.4896876707e-19
6.2305176688e-02 7.8475997035e-05 1.4109296654e-18
6.9085552518e-02 7.8475997035e-05 2.0423755925e-18
7.6603804377e-02 7.8475997035e-05 2.8504799290e-18
8.4940231802e-02 7.8475997035e-05 3.7894279683e-18
9.4183872945e-02 7.8475997035e-05 4.7223058877e-18
1.0443345556e-01 7.8475997035e-05 5.3904037935e-18
1.1579845146e-01 7.8475997035e-05 5.4511189085e-18
1.2840024578e-01 7.8475997035e-05 4.6665138512e-18
1.4237343339e-01 7.8475997035e-05 3.1858213783e-18
1.5786725650e-01 7.8475997035e-05 1.6104467501e-18
1.7504719864e-01 7.8475997035e-05 5.4915090448e-19
1.9409675211e-01 7.8475997035e-05 1.1045015090e-19
2.1521937781e-01 7.8475997035e-05 1.0318066793e-20
2.3864067833e-01 7.8475997035e-05 3.1728118939e-22
2.6461080752e-01 7.8475997035e-05 1.7457605522e-24
2.9340714225e-01 7.8475997035e-05 6.9545589878e-28
3.2533724503e-01 7.8475997035e-05 5.0454518415e-33
3.6074214893e-01 7.8475997035e-05 6.3614178716e-41
4.0000000000e-01 7.8475997035e-05 nan
2.0000000000e-02 1.4384498883e-04 4.0446509739e-20
2.2176504808e-02 1.4384498883e-04 6.4213470817e-20
2.4589868274e-02 1.4384498883e-04 9.9894183814e-20
2.7265866600e-02 1.4384498883e-04 1.5645970932e-19
3.0233081086e-02 1.4384498883e-04 2.4235263746e-19
3.3523203403e-02 1.4384498883e-04 3.8470476625e-19
3.7171374071e-02 1.4384498883e-04 5.9000947615e-19
4.1216557790e-02 1.4384498883e-04 9.0974143863e-19
4.5701959599e-02 1.4384498883e-04 1.3876206813e-18
5.0675486338e-02 1.4384498883e-04 2.1038002813e-18
5.6190258320e-02 1.4384498883e-04 3.1883626721e-18
6.2305176688e-02 1.4384498883e-04 4.7404673890e-18
6.9085552518e-02 1.4384498883e-04 6.8620110340e-18
7.6603804377e-02 1.4384498883e-04 9.5770948756e-18
8.4940231802e-02 1.4384498883e-04 1.2731789837e-17
9.4183872945e-02 1.4384498883e-04 1.5866090354e-17
1.0443345556e-01 1.4384498883e-04 1.8110778166e-17
1.1579845146e-01 1.4384498883e-04 1.8314770116e-17
1.2840024578e-01 1.4384498883e-04 1.5678639726e-17
1.4237343339e-01 1.4384498883e-04 1.0703781868e-17
1.5786725650e-01 1.4384498883e-04 5.4108090107e-18
1.7504719864e-01 1.4384498883e-04 1.8450474829e-18
1.9409675211e-01 1.4384498883e-04 3.7109249223e-19
2.1521937781e-01 1.4384498883e-04 3.4666835621e-20
2.3864067833e-01 1.4384498883e-04 1.0660073624e-21
2.6461080752e-01 1.4384498883e-04 5.8654396191e-24
2.9340714225e-01 1.4384498883e-04 2.3366060629e-27
3.2533724503e-01 1.4384498883e-04 1.6951806055e-32
3.6074214893e-01 1.4384498883e-04 2.1373213567e-40
4.0000000000e-01 1.4384498883e-04 nan
2.0000000000e-02 2.6366508987e-04 1.3589292441e-19
2.2176504808e-02 2.6366508987e-04 2.1574559606e-19
2.4589868274e-02 2.6366508987e-04 3.3562631024e-19
2.7265866600e-02 2.6366508987e-04 5.2567620131e-19
3.0233081086e-02 2.6366508987e-04 8.1426083945e-19
3.3523203403e-02 2.6366508987e-04 1.2925381394e-18
3.7171374071e-02 2.6366508987e-04 1.9823246837e-18
4.1216557790e-02 2.6366508987e-04 3.0565660256e-18
4.5701959599e-02 2.6366508987e-04 4.6621535295e-18
5.0675486338e-02 2.6366508987e-04 7.0683870004e-18
5.6190258320e-02 2.6366508987e-04 1.0712319833e-17
6.2305176688e-02 2.6366508987e-04 1.5927110131e-17
6.9085552518e-02 2.6366508987e-04 2.3055112080e-17
7.6603804377e-02 2.6366508987e-04 3.2177301715e-17
8.4940231802e-02 2.6366508987e-04 4.2776505446e-17
9.4183872945e-02 2.6366508987e-04 5.3307188174e-17
1.0443345556e-01 2.6366508987e-04 6.0848934155e-17
1.1579845146e-01 2.6366508987e-04 6.1534312267e-17
1.2840024578e-01 2.6366508987e-04 5.2677393501e-17
1.4237343339e-01 2.6366508987e-04 3.5962772711e-17
1.5786725650e-01 2.6366508987e-04 1.8179341499e-17
1.7504719864e-01 2.6366508987e-04 6.1990268926e-18
1.9409675211e-01 2.6366508987e-04 1.2468039681e-18
2.1521937781e-01 2.6366508987e-04 1.1647433745e-19
2.3864067833e-01 2.6366508987e-04 3.5815935178e-21
2.6461080752e-01 2.6366508987e-04 1.9706827007e-23
2.9340714225e-01 2.6366508987e-04 7.8505787421e-27
3.2533724503e-01 2.6366508987e-04 5.6955040973e-32
3.6074214893e-01 2.6366508987e-04 7.1810175588e-40
4.0000000000e-01 2.6366508987e-04 nan
2.0000000000e-02 4.8329302386e-04 4.5657554786e-19
2.2176504808e-02 4.8329302386e-04 7.2486602793e-19
2.4589868274e-02 4.8329302386e-04 1.1276434683e-18
2.7265866600e-02 4.8329302386e-04 1.7661766141e-18
3.0233081086e-02 4.8329302386e-04 2.7357686430e-18
3.3523203403e-02 4.8329302386e-04 4.3426936262e-18
3.7171374071e-02 4.8329302386e-04 6.6602513612e-18
4.1216557790e-02 4.8329302386e-04 1.0269507603e-17
4.5701959599e-02 4.8329302386e-04 1.5663990827e-17
5.0675486338e-02 4.8329302386e-04 2.3748499788e-17
5.6190258320e-02 4.8329302386e-04 3.5991455116e-17
6.2305176688e-02 4.8329302386e-04 5.3512208413e-17
6.9085552518e-02 4.8329302386e-04 7.7461008911e-17
7.6603804377e-02 4.8329302386e-04 1.0810992308e-16
8.4940231802e-02 4.8329302386e-04 1.4372134318e-16
9.4183872945e-02 4.8329302386e-04 1.7910255220e-16
1.0443345556e-01 4.8329302386e-04 2.0444148015e-16
1.1579845146e-01 4.8329302386e-04 2.0674425119e-16
1.2840024578e-01 4.8329302386e-04 1.7698661722e-16
1.4237343339e-01 4.8329302386e-04 1.2082850171e-16
1.5786725650e-01 4.8329302386e-04 6.1079356708e-17
1.7504719864e-01 4.8329302386e-04 2.0827633492e-17
1.9409675211e-01 4.8329302386e-04 4.1890418463e-18
2.1521937781e-01 4.8329302386e-04 3.9133339006e-19
2.3864067833e-01 4.8329302386e-04 1.2033531484e-20
2.6461080752e-01 4.8329302386e-04 6.6211535167e-23
2.9340714225e-01 4.8329302386e-04 2.6376596627e-26
3.2533724503e-01 4.8329302386e-04 1.9135918648e-31
3.6074214893e-01 4.8329302386e-04 2.4126983880e-39
4.0000000000e-01 4.8329302386e-04 nan
2.0000000000e-02 8.8586679041e-04 1.5340110492e-18
2.2176504808e-02 8.8586679041e-04 2.4354184644e-18
2.4589868274e-02 8.8586679041e-04 3.7886777526e-18
2.7265866600e-02 8.8586679041e-04 5.9340336162e-18
3.0233081086e-02 8.8586679041e-04 9.1916876005e-18
3.3523203403e-02 8.8586679041e-04 1.4590665404e-17
3.7171374071e-02 8.8586679041e-04 2.2377241534e-17
4.1216557790e-02 8.8586679041e-04 3.4503692724e-17
4.5701959599e-02 8.8586679041e-04 5.2628187033e-17
5.0675486338e-02 8.8586679041e-04 7.9790687759e-17
5.6190258320e-02 8.8586679041e-04 1.2092482864e-16
6.2305176688e-02 8.8586679041e-04 1.7979143801e-16
6.9085552518e-02 8.8586679041e-04 2.6025515977e-16
7.6603804377e-02 8.8586679041e-04 3.6323010711e-16
8.4940231802e-02 8.8586679041e-04 4.8287825117e-16
9.4183872945e-02 8.8586679041e-04 6.0175300735e-16
1.0443345556e-01 8.8586679041e-04 6.8688756091e-16
1.1579845146e-01 8.8586679041e-04 6.9462473673e-16
1.2840024578e-01 8.8586679041e-04 5.9464453527e-16
1.4237343339e-01 8.8586679041e-04 4.0596316781e-16
1.5786725650e-01 8.8586679041e-04 2.0521636033e-16
1.7504719864e-01 8.8586679041e-04 6.9977397781e-17
1.9409675211e-01 8.8586679041e-04 1.4074499262e-17
2.1521937781e-01 8.8586679041e-04 1.3148178985e-18
2.3864067833e-01 8.8586679041e-04 4.0430796198e-20
2.6461080752e-01 8.8586679041e-04 2.2246072945e-22
2.9340714225e-01 8.8586679041e-04 8.8621459072e-26
3.2533724503e-01 8.8586679041e-04 6.4293884802e-31
3.6074214893e-01 8.8586679041e-04 8.1063069225e-39
4.0000000000e-01 8.8586679041e-04 nan
2.0000000000e-02 1.6237767392e-03 5.1540003439e-18
2.2176504808e-02 1.6237767392e-03 8.1825672016e-18
2.4589868274e-02 1.6237767392e-03 1.2729275651e-17
2.7265866600e-02 1.6237767392e-03 1.9937287428e-17
3.0233081086e-02 1.6237767392e-03 3.0882423636e-17
3.3523203403e-02 1.6237767392e-03 4.9022028984e-17
3.7171374071e-02 1.6237767392e-03 7.5183546802e-17
4.1216557790e-02 1.6237767392e-03 1.1592628776e-16
4.5701959599e-02 1.6237767392e-03 1.7682141853e-16
5.0675486338e-02 1.6237767392e-03 2.6808270737e-16
5.6190258320e-02 1.6237767392e-03 4.0628634901e-16
6.2305176688e-02 1.6237767392e-03 6.0406816016e-16
6.9085552518e-02 1.6237767392e-03 8.7441281687e-16
7.6603804377e-02 1.6237767392e-03 1.2203917912e-15
8.4940231802e-02 1.6237767392e-03 1.6223905636e-15
9.4183872945e-02 1.6237767392e-03 2.0217917906e-15
1.0443345556e-01 1.6237767392e-03 2.3078324851e-15
1.1579845146e-01 1.6237767392e-03 2.3338311910e-15
1.2840024578e-01 1.6237767392e-03 1.9979163483e-15
1.4237343339e-01 1.6237767392e-03 1.3639778075e-15
1.5786725650e-01 1.6237767392e-03 6.8949894507e-16
1.7504719864e-01 1.6237767392e-03 2.3511511006e-16
1.9409675211e-01 1.6237767392e-03 4.7288661537e-17
2.1521937781e-01 1.6237767392e-03 4.4176487655e-18
2.3864067833e-01 1.6237767392e-03 1.3584370760e-19
2.6461080752e-01 1.6237767392e-03 7.4745023537e-22
2.9340714225e-01 1.6237767392e-03 2.9776201586e-25
3.2533724503e-01 1.6237767392e-03 2.1602339387e-30
3.6074214893e-01 1.6237767392e-03 2.7236607248e-38
4.0000000000e-01 1.6237767392e-03 nan
2.0000000000e-02 2.9763514416e-03 1.7316526834e-17
2.2176504808e-02 2.9763514416e-03 2.7491980793e-17
2.4589868274e-02 2.9763514416e-03 4.2768130505e-17
2.7265866600e-02 2.9763514416e-03 6.6985807058e-17
3.0233081086e-02 2.9763514416e-03 1.0375959754e-16
3.3523203403e-02 2.9763514416e-03 1.6470561232e-16
3.7171374071e-02 2.9763514416e-03 2.5260397536e-16
4.1216557790e-02 2.9763514416e-03 3.8949295479e-16
4.5701959599e-02 2.9763514416e-03 5.9409092116e-16
5.0675486338e-02 2.9763514416e-03 9.0071477662e-16
5.6190258320e-02 2.9763514416e-03 1.3650584472e-15
6.2305176688e-02 2.9763514416e-03 2.0295773008e-15
6.9085552518e-02 2.9763514416e-03 2.9378994629e-15
7.6603804377e-02 2.9763514416e-03 4.1003469799e-15
8.4940231802e-02 2.9763514416e-03 5.4510208504e-15
9.4183872945e-02 2.9763514416e-03 6.7929775707e-15
1.0443345556e-01 2.9763514416e-03 7.7540682087e-15
1.1579845146e-01 2.9763514416e-03 7.8414552726e-15
1.2840024578e-01 2.9763514416e-03 6.7128477059e-15
1.4237343339e-01 2.9763514416e-03 4.5828906615e-15
1.5786725650e-01 2.9763514416e-03 2.3166957503e-15
1.7504719864e-01 2.9763514416e-03 7.8998659609e-16
1.9409675211e-01 2.9763514416e-03 1.5889148671e-16
2.1521937781e-01 2.9763514416e-03 1.4843620820e-17
2.3864067833e-01 2.9763514416e-03 4.5645057578e-19
2.6461080752e-01 2.9763514416e-03 2.5115521771e-21
2.9340714225e-01 2.9763514416e-03 1.0005393378e-24
3.2533724503e-01 2.9763514416e-03 7.2588540433e-30
3.6074214893e-01 2.9763514416e-03 9.1520084766e-38
4.0000000000e-01 2.9763514416e-03 nan
2.0000000000e-02 5.4555947812e-03 5.8180634465e-17
2.2176504808e-02 5.4555947812e-03 9.2368532562e-17
2.4589868274e-02 5.4555947812e-03 1.4369402068e-16
2.7265866600e-02 5.4555947812e-03 2.2506176704e-16
3.0233081086e-02 5.4555947812e-03 3.4861639462e-16
3.3523203403e-02 5.4555947812e-03 5.5338660517e-16
3.7171374071e-02 5.4555947812e-03 8.4871384072e-16
4.1216557790e-02 5.4555947812e-03 1.3086446665e-15
4.5701959599e-02 5.4555947812e-03 1.9960723742e-15
5.0675486338e-02 5.4555947812e-03 3.0263011261e-15
5.6190258320e-02 5.4555947812e-03 4.5864628231e-15
6.2305176688e-02 5.4555947812e-03 6.8192146857e-15
6.9085552518e-02 5.4555947812e-03 9.8711615634e-15
7.6603804377e-02 5.4555947812e-03 1.3777011410e-14
8.4940231802e-02 5.4555947812e-03 1.8315380614e-14
9.4183872945e-02 5.4555947812e-03 2.2824576131e-14
1.0443345556e-01 5.4555947812e-03 2.6054183966e-14
1.1579845146e-01 5.4555947812e-03 2.6348196537e-14
1.2840024578e-01 5.4555947812e-03 2.2556339623e-14
1.4237343339e-01 5.4555947812e-03 1.5399633651e-14
1.5786725650e-01 5.4555947812e-03 7.7848573478e-15
1.7504719864e-01 5.4555947812e-03 2.6546917261e-15
1.9409675211e-01 5.4555947812e-03 5.3396140186e-16
2.1521937781e-01 5.4555947812e-03 4.9884553249e-17
2.3864067833e-01 5.4555947812e-03 1.5340470537e-18
2.6461080752e-01 5.4555947812e-03 8.4412395856e-21
2.9340714225e-01 5.4555947812e-03 3.3629065717e-24
3.2533724503e-01 5.4555947812e-03 2.4398141980e-29
3.6074214893e-01 5.4555947812e-03 3.0760404730e-37
4.0000000000e-01 5.4555947812e-03 nan
2.0000000000e-02 1.0000000000e-02 1.9547919244e-16
2.2176504808e-02 1.0000000000e-02 3.1034682155e-16
2.4589868274e-02 1.0000000000e-02 4.8279566142e-16
2.7265866600e-02 1.0000000000e-02 7.5618501297e-16
3.0233081086e-02 1.0000000000e-02 1.1713216187e-15
3.3523203403e-02 1.0000000000e-02 1.8593425201e-15
3.7171374071e-02 1.0000000000e-02 2.8516415131e-15
4.1216557790e-02 1.0000000000e-02 4.3970240540e-15
4.5701959599e-02 1.0000000000e-02 6.7068336776e-15
5.0675486338e-02 1.0000000000e-02 1.0168534711e-14
5.6190258320e-02 1.0000000000e-02 1.5410974072e-14
6.2305176688e-02 1.0000000000e-02 2.2913622282e-14
6.9085552518e-02 1.0000000000e-02 3.3169296456e-14
7.6603804377e-02 1.0000000000e-02 4.6294922306e-14
8.4940231802e-02 1.0000000000e-02 6.1546973975e-14
9.4183872945e-02 1.0000000000e-02 7.6702298203e-14
1.0443345556e-01 1.0000000000e-02 8.7559040262e-14
1.1579845146e-01 1.0000000000e-02 8.8551473710e-14
1.2840024578e-01 1.0000000000e-02 7.5812194249e-14
1.4237343339e-01 1.0000000000e-02 5.1762025679e-14
1.5786725650e-01 1.0000000000e-02 2.6169032852e-14
1.7504719864e-01 1.0000000000e-02 8.9247035889e-15
1.9409675211e-01 1.0000000000e-02 1.7953100113e-15
2.1521937781e-01 1.0000000000e-02 1.6774620971e-16
2.3864067833e-01 1.0000000000e-02 5.1592667612e-18
2.6461080752e-01 1.0000000000e-02 2.8393540218e-20
2.9340714225e-01 1.0000000000e-02 1.1313154098e-23
3.2533724503e-01 1.0000000000e-02 8.2082842727e-29
3.6074214893e-01 1.0000000000e-02 1.0347687773e-36
4.0000000000e-01 1.0000000000e-02 nan
