2.0000000000e-02 1.0000000000e-07 1.7420140674e-27
2.2176504808e-02 1.0000000000e-07 2.7704993710e-27
2.4589868274e-02 1.0000000000e-07 4.3891225737e-27
2.7265866600e-02 1.0000000000e-07 6.8558117263e-27
3.0233081086e-02 1.0000000000e-07 1.0657416581e-26
3.3523203403e-02 1.0000000000e-07 1.6512321675e-26
3.7171374071e-02 1.0000000000e-07 2.5726999034e-26
4.1216557790e-02 1.0000000000e-07 3.9473794984e-26
4.5701959599e-02 1.0000000000e-07 6.0093075702e-26
5.0675486338e-02 1.0000000000e-07 9.1013849674e-26
5.6190258320e-02 1.0000000000e-07 1.3838403079e-25
6.2305176688e-02 1.0000000000e-07 2.0664200367e-25
6.9085552518e-02 1.0000000000e-07 3.0083231724e-25
7.6603804377e-02 1.0000000000e-07 4.2292026900e-25
8.4940231802e-02 1.0000000000e-07 5.6724904485e-25
9.4183872945e-02 1.0000000000e-07 7.1437621737e-25
1.0443345556e-01 1.0000000000e-07 8.2555354635e-25
1.1579845146e-01 1.0000000000e-07 8.4705625552e-25
1.2840024578e-01 1.0000000000e-07 7.3788296859e-25
1.4237343339e-01 1.0000000000e-07 5.1487127962e-25
1.5786725650e-01 1.0000000000e-07 2.6782581139e-25
1.7504719864e-01 1.0000000000e-07 9.4845074305e-26
1.9409675211e-01 1.0000000000e-07 1.9909518301e-26
2.1521937781e-01 1.0000000000e-07 1.9466980523e-27
2.3864067833e-01 1.0000000000e-07 6.1811223517e-29
2.6461080752e-01 1.0000000000e-07 3.4552650734e-31
2.9340714225e-01 1.0000000000e-07 1.3378166229e-34
3.2533724503e-01 1.0000000000e-07 8.8851915033e-40
3.6074214893e-01 1.0000000000e-07 1.1859206705e-47
4.0000000000e-01 1.0000000000e-07 nan
2.0000000000e-02 1.8329807108e-07 5.8528507186e-27
2.2176504808e-02 1.8329807108e-07 9.3083744488e-27
2.4589868274e-02 1.8329807108e-07 1.4746654284e-26
2.7265866600e-02 1.8329807108e-07 2.3034281605e-26
3.0233081086e-02 1.8329807108e-07 3.5806983112e-26
3.3523203403e-02 1.8329807108e-07 5.5478400312e-26
3.7171374071e-02 1.8329807108e-07 8.6438041806e-26
4.1216557790e-02 1.8329807108e-07 1.3262477822e-25
4.5701959599e-02 1.8329807108e-07 2.0190181462e-25
5.0675486338e-02 1.8329807108e-07 3.0578999644e-25
5.6190258320e-02 1.8329807108e-07 4.6494519717e-25
6.2305176688e-02 1.8329807108e-07 6.9427958266e-25
6.9085552518e-02 1.8329807108e-07 1.0107419206e-24
7.6603804377e-02 1.8329807108e-07 1.4209352534e-24
8.4940231802e-02 1.8329807108e-07 1.9058537138e-24
9.4183872945e-02 1.8329807108e-07 2.4001742784e-24
1.0443345556e-01 1.8329807108e-07 2.7737099013e-24
1.1579845146e-01 1.8329807108e-07 2.8459550968e-24
1.2840024578e-01 1.8329807108e-07 2.4791526910e-24
1.4237343339e-01 1.8329807108e-07 1.7298739404e-24
1.5786725650e-01 1.8329807108e-07 8.9984605863e-25
1.7504719864e-01 1.8329807108e-07 3.1866221502e-25
1.9409675211e-01 1.8329807108e-07 6.6892363660e-26
2.1521937781e-01 1.8329807108e-07 6.5405517141e-27
2.3864067833e-01 1.8329807108e-07 2.0767447907e-28
2.6461080752e-01 1.8329807108e-07 1.1609062777e-30
2.9340714225e-01 1.8329807108e-07 4.4948207532e-34
3.2533724503e-01 1.8329807108e-07 2.9852628890e-39
3.6074214893e-01 1.8329807108e-07 3.9844779548e-47
4.0000000000e-01 1.8329807108e-07 nan
2.0000000000e-02 3.3598182863e-07 1.9664514871e-26
2.2176504808e-02 3.3598182863e-07 3.1274446689e-26
2.4589868274e-02 3.3598182863e-07 4.9546078725e-26
2.7265866600e-02 3.3598182863e-07 7.7391000549e-26
3.0233081086e-02 3.3598182863e-07 1.2030495664e-25
3.3523203403e-02 3.3598182863e-07 1.8639734386e-25
3.7171374071e-02 3.3598182863e-07 2.9041611349e-25
4.1216557790e-02 3.3598182863e-07 4.4559515507e-25
4.5701959599e-02 3.3598182863e-07 6.7835340880e-25
5.0675486338e-02 3.3598182863e-07 1.0273988218e-24
5.6190258320e-02 3.3598182863e-07 1.5621313756e-24
6.2305176688e-02 3.3598182863e-07 2.3326532376e-24
6.9085552518e-02 3.3598182863e-07 3.3959091874e-24
7.6603804377e-02 3.3598182863e-07 4.7740842481e-24
8.4940231802e-02 3.3598182863e-07 6.4033221585e-24
9.4183872945e-02 3.3598182863e-07 8.0641494309e-24
1.0443345556e-01 3.3598182863e-07 9.3191612473e-24
1.1579845146e-01 3.3598182863e-07 9.5618919762e-24
1.2840024578e-01 3.3598182863e-07 8.3295025458e-24
1.4237343339e-01 3.3598182863e-07 5.8120620978e-24
1.5786725650e-01 3.3598182863e-07 3.0233192426e-24
1.7504719864e-01 3.3598182863e-07 1.0706471372e-24
1.9409675211e-01 3.3598182863e-07 2.2474618664e-25
2.1521937781e-01 3.3598182863e-07 2.1975065252e-26
2.3864067833e-01 3.3598182863e-07 6.9774851237e-28
2.6461080752e-01 3.3598182863e-07 3.9004341406e-30
2.9340714225e-01 3.3598182863e-07 1.5101780960e-33
3.2533724503e-01 3.3598182863e-07 1.0029940844e-38
3.6074214893e-01 3.3598182863e-07 1.3387121894e-46
4.0000000000e-01 3.3598182863e-07 nan
2.0000000000e-02 6.1584821107e-07 6.6069196655e-26
2.2176504808e-02 6.1584821107e-07 1.0507645788e-25
2.4589868274e-02 6.1584821107e-07 1.6646582131e-25
2.7265866600e-02 6.1584821107e-07 2.6001969884e-25
3.0233081086e-02 6.1584821107e-07 4.0420279324e-25
3.3523203403e-02 6.1584821107e-07 6.2626120442e-25
3.7171374071e-02 6.1584821107e-07 9.7574536874e-25
4.1216557790e-02 6.1584821107e-07 1.4971187503e-24
4.5701959599e-02 6.1584821107e-07 2.2791441875e-24
5.0675486338e-02 6.1584821107e-07 3.4518733488e-24
5.6190258320e-02 6.1584821107e-07 5.2484775613e-24
6.2305176688e-02 6.1584821107e-07 7.8372910033e-24
6.9085552518e-02 6.1584821107e-07 1.1409637786e-23
7.6603804377e-02 6.1584821107e-07 1.6040055557e-23
8.4940231802e-02 6.1584821107e-07 2.1513998881e-23
9.4183872945e-02 6.1584821107e-07 2.7094076721e-23
1.0443345556e-01 6.1584821107e-07 3.1310688372e-23
1.1579845146e-01 6.1584821107e-07 3.2126219513e-23
1.2840024578e-01 6.1584821107e-07 2.7985614969e-23
1.4237343339e-01 6.1584821107e-07 1.9527472517e-23
1.5786725650e-01 6.1584821107e-07 1.0157803277e-23
1.7504719864e-01 6.1584821107e-07 3.5971798296e-24
1.9409675211e-01 6.1584821107e-07 7.5510634764e-25
2.1521937781e-01 6.1584821107e-07 7.3832226075e-26
2.3864067833e-01 6.1584821107e-07 2.3443082111e-27
2.6461080752e-01 6.1584821107e-07 1.3104749950e-29
2.9340714225e-01 6.1584821107e-07 5.0739239825e-33
3.2533724503e-01 6.1584821107e-07 3.3698778657e-38
3.6074214893e-01 6.1584821107e-07 4.4978296940e-46
4.0000000000e-01 6.1584821107e-07 nan
2.0000000000e-02 1.1288378917e-06 2.2198049508e-25
2.2176504808e-02 1.1288378917e-06 3.5303780464e-25
2.4589868274e-02 1.1288378917e-06 5.5929491049e-25
2.7265866600e-02 1.1288378917e-06 8.7361893895e-25
3.0233081086e-02 1.1288378917e-06 1.3580479361e-24
3.3523203403e-02 1.1288378917e-06 2.1041238466e-24
3.7171374071e-02 1.1288378917e-06 3.2783271326e-24
4.1216557790e-02 1.1288378917e-06 5.0300469539e-24
4.5701959599e-02 1.1288378917e-06 7.6575103181e-24
5.0675486338e-02 1.1288378917e-06 1.1597667199e-23
5.6190258320e-02 1.1288378917e-06 1.7633930886e-23
6.2305176688e-02 1.1288378917e-06 2.6331873628e-23
6.9085552518e-02 1.1288378917e-06 3.8334309675e-23
7.6603804377e-02 1.1288378917e-06 5.3891671973e-23
8.4940231802e-02 1.1288378917e-06 7.2283126852e-23
9.4183872945e-02 1.1288378917e-06 9.1031174418e-23
1.0443345556e-01 1.1288378917e-06 1.0519822335e-22
1.1579845146e-01 1.1288378917e-06 1.0793825979e-22
1.2840024578e-01 1.1288378917e-06 9.4026580926e-23
1.4237343339e-01 1.1288378917e-06 6.5608759248e-23
1.5786725650e-01 1.1288378917e-06 3.4128373198e-23
1.7504719864e-01 1.1288378917e-06 1.2085870571e-23
1.9409675211e-01 1.1288378917e-06 2.5370201149e-24
2.1521937781e-01 1.1288378917e-06 2.4806286329e-25
2.3864067833e-01 1.1288378917e-06 7.8764495965e-27
2.6461080752e-01 1.1288378917e-06 4.4029578521e-29
2.9340714225e-01 1.1288378917e-06 1.7047462580e-32
3.2533724503e-01 1.1288378917e-06 1.1322177276e-37
3.6074214893e-01 1.1288378917e-06 1.5111890455e-45
4.0000000000e-01 1.1288378917e-06 nan
2.0000000000e-02 2.0691380811e-06 7.4581412657e-25
2.2176504808e-02 2.0691380811e-06 1.1861428718e-24
2.4589868274e-02 2.0691380811e-06 1.8791292677e-24
2.7265866600e-02 2.0691380811e-06 2.9352008863e-24
3.0233081086e-02 2.0691380811e-06 4.5627942894e-24
3.3523203403e-02 2.0691380811e-06 7.0694737765e-24
3.7171374071e-02 2.0691380811e-06 1.1014583449e-23
4.1216557790e-02 2.0691380811e-06 1.6900043737e-23
4.5701959599e-02 2.0691380811e-06 2.5727843194e-23
5.0675486338e-02 2.0691380811e-06 3.8966054334e-23
5.6190258320e-02 2.0691380811e-06 5.9246803448e-23
6.2305176688e-02 2.0691380811e-06 8.8470310527e-23
6.9085552518e-02 2.0691380811e-06 1.2879631464e-22
7.6603804377e-02 2.0691380811e-06 1.8106622498e-22
8.4940231802e-02 2.0691380811e-06 2.4285817139e-22
9.4183872945e-02 2.0691380811e-06 3.0584820443e-22
1.0443345556e-01 2.0691380811e-06 3.5344691449e-22
1.1579845146e-01 2.0691380811e-06 3.6265293904e-22
1.2840024578e-01 2.0691380811e-06 3.1591222600e-22
1.4237343339e-01 2.0691380811e-06 2.2043350907e-22
1.5786725650e-01 2.0691380811e-06 1.1466513235e-22
1.7504719864e-01 2.0691380811e-06 4.0606328950e-23
1.9409675211e-01 2.0691380811e-06 8.5239265750e-24
2.1521937781e-01 2.0691380811e-06 8.3344614425e-25
2.3864067833e-01 2.0691380811e-06 2.6463439386e-26
2.6461080752e-01 2.0691380811e-06 1.4793138306e-28
2.9340714225e-01 2.0691380811e-06 5.7276376514e-32
3.2533724503e-01 2.0691380811e-06 3.8040458255e-37
3.6074214893e-01 2.0691380811e-06 5.0773205893e-45
4.0000000000e-01 2.0691380811e-06 nan
2.0000000000e-02 3.7926901907e-06 2.5057999406e-24
2.2176504808e-02 3.7926901907e-06 3.9852245107e-24
2.4589868274e-02 3.7926901907e-06 6.3135328759e-24
2.7265866600e-02 3.7926901907e-06 9.8617416119e-24
3.0233081086e-02 3.7926901907e-06 1.5330159690e-23
3.3523203403e-02 3.7926901907e-06 2.3752147269e-23
3.7171374071e-02 3.7926901907e-06 3.7006998887e-23
4.1216557790e-02 3.7926901907e-06 5.6781075986e-23
4.5701959599e-02 3.7926901907e-06 8.6440878031e-23
5.0675486338e-02 3.7926901907e-06 1.3091886190e-22
5.6190258320e-02 3.7926901907e-06 1.9905849363e-22
6.2305176688e-02 3.7926901907e-06 2.9724416711e-22
6.9085552518e-02 3.7926901907e-06 4.3273221313e-22
7.6603804377e-02 3.7926901907e-06 6.0834961371e-22
8.4940231802e-02 3.7926901907e-06 8.1595932522e-22
9.4183872945e-02 3.7926901907e-06 1.0275943901e-21
1.0443345556e-01 3.7926901907e-06 1.1875174066e-21
1.1579845146e-01 3.7926901907e-06 1.2184479762e-21
1.2840024578e-01 3.7926901907e-06 1.0614076738e-21
1.4237343339e-01 3.7926901907e-06 7.4061653472e-22
1.5786725650e-01 3.7926901907e-06 3.8525400851e-22
1.7504719864e-01 3.7926901907e-06 1.3642988656e-22
1.9409675211e-01 3.7926901907e-06 2.8638844381e-23
2.1521937781e-01 3.7926901907e-06 2.8002275964e-24
2.3864067833e-01 3.7926901907e-06 8.8912347581e-26
2.6461080752e-01 3.7926901907e-06 4.9702256600e-28
2.9340714225e-01 3.7926901907e-06 1.9243821722e-31
3.2533724503e-01 3.7926901907e-06 1.2780902729e-36
3.6074214893e-01 3.7926901907e-06 1.7058874564e-44
4.0000000000e-01 3.7926901907e-06 nan
2.0000000000e-02 6.9519279618e-06 8.4190324624e-24
2.2176504808e-02 6.9519279618e-06 1.3389630186e-23
2.4589868274e-02 6.9519279618e-06 2.1212323208e-23
2.7265866600e-02 6.9519279618e-06 3.3133659803e-23
3.0233081086e-02 6.9519279618e-06 5.1506550859e-23
3.3523203403e-02 6.9519279618e-06 7.9802898733e-23
3.7171374071e-02 6.9519279618e-06 1.2433679158e-22
4.1216557790e-02 6.9519279618e-06 1.9077409742e-22
4.5701959599e-02 6.9519279618e-06 2.9042564270e-22
5.0675486338e-02 6.9519279618e-06 4.3986358624e-22
5.6190258320e-02 6.9519279618e-06 6.6880036697e-22
6.2305176688e-02 6.9519279618e-06 9.9868638818e-22
6.9085552518e-02 6.9519279618e-06 1.4539016028e-21
7.6603804377e-02 6.9519279618e-06 2.0439441567e-21
8.4940231802e-02 6.9519279618e-06 2.7414750620e-21
9.4183872945e-02 6.9519279618e-06 3.4525304231e-21
1.0443345556e-01 6.9519279618e-06 3.9898426984e-21
1.1579845146e-01 6.9519279618e-06 4.0937637919e-21
1.2840024578e-01 6.9519279618e-06 3.5661369123e-21
1.4237343339e-01 6.9519279618e-06 2.4883369770e-21
1.5786725650e-01 6.9519279618e-06 1.2943834630e-21
1.7504719864e-01 6.9519279618e-06 4.5837962778e-22
1.9409675211e-01 6.9519279618e-06 9.6221313082e-23
2.1521937781e-01 6.9519279618e-06 9.4082558881e-24
2.3864067833e-01 6.9519279618e-06 2.9872933143e-25
2.6461080752e-01 6.9519279618e-06 1.6699055069e-27
2.9340714225e-01 6.9519279618e-06 6.4655744160e-31
3.2533724503e-01 6.9519279618e-06 4.2941510732e-36
3.6074214893e-01 6.9519279618e-06 5.7314718739e-44
4.0000000000e-01 6.9519279618e-06 nan
2.0000000000e-02 1.2742749857e-05 2.8286419221e-23
2.2176504808e-02 1.2742749857e-05 4.4986724347e-23
2.4589868274e-02 1.2742749857e-05 7.1269551410e-23
2.7265866600e-02 1.2742749857e-05 1.1132307610e-22
3.0233081086e-02 1.2742749857e-05 1.7305265145e-22
3.3523203403e-02 1.2742749857e-05 2.6812323848e-22
3.7171374071e-02 1.2742749857e-05 4.1774902605e-22
4.1216557790e-02 1.2742749857e-05 6.4096630110e-22
4.5701959599e-02 1.2742749857e-05 9.7577738524e-22
5.0675486338e-02 1.2742749857e-05 1.4778617207e-21
5.6190258320e-02 1.2742749857e-05 2.2470477031e-21
6.2305176688e-02 1.2742749857e-05 3.3554047898e-21
6.9085552518e-02 1.2742749857e-05 4.8848451926e-21
7.6603804377e-02 1.2742749857e-05 6.8672809556e-21
8.4940231802e-02 1.2742749857e-05 9.2108580472e-21
9.4183872945e-02 1.2742749857e-05 1.1599874854e-20
1.0443345556e-01 1.2742749857e-05 1.3405146463e-20
1.1579845146e-01 1.2742749857e-05 1.3754302455e-20
1.2840024578e-01 1.2742749857e-05 1.1981572016e-20
1.4237343339e-01 1.2742749857e-05 8.3603600836e-21
1.5786725650e-01 1.2742749857e-05 4.3488932320e-21
1.7504719864e-01 1.2742749857e-05 1.5400722570e-21
1.9409675211e-01 1.2742749857e-05 3.2328612761e-22
2.1521937781e-01 1.2742749857e-05 3.1610030219e-23
2.3864067833e-01 1.2742749857e-05 1.0036762720e-24
2.6461080752e-01 1.2742749857e-05 5.6105790689e-27
2.9340714225e-01 1.2742749857e-05 2.1723155200e-30
3.2533724503e-01 1.2742749857e-05 1.4427567331e-35
3.6074214893e-01 1.2742749857e-05 1.9256704048e-43
4.0000000000e-01 1.2742749857e-05 nan
2.0000000000e-02 2.3357214691e-05 9.5037228558e-23
2.2176504808e-02 2.3357214691e-05 1.5114721912e-22
2.4589868274e-02 2.3357214691e-05 2.3945274211e-22
2.7265866600e-02 2.3357214691e-05 3.7402530682e-22
3.0233081086e-02 2.3357214691e-05 5.8142546292e-22
3.3523203403e-02 2.3357214691e-05 9.0084535978e-22
3.7171374071e-02 2.3357214691e-05 1.4035608171e-21
4.1216557790e-02 2.3357214691e-05 2.1535302999e-21
4.5701959599e-02 2.3357214691e-05 3.2784347033e-21
5.0675486338e-02 2.3357214691e-05 4.9653468357e-21
5.6190258320e-02 2.3357214691e-05 7.5496719666e-21
6.2305176688e-02 2.3357214691e-05 1.1273550377e-20
6.9085552518e-02 2.3357214691e-05 1.6412192215e-20
7.6603804377e-02 2.3357214691e-05 2.3072816150e-20
8.4940231802e-02 2.3357214691e-05 3.0946809329e-20
9.4183872945e-02 2.3357214691e-05 3.8973471696e-20
1.0443345556e-01 2.3357214691e-05 4.5038856278e-20
1.1579845146e-01 2.3357214691e-05 4.6211956977e-20
1.2840024578e-01 2.3357214691e-05 4.0255904838e-20
1.4237343339e-01 2.3357214691e-05 2.8089290755e-20
1.5786725650e-01 2.3357214691e-05 1.4611491047e-20
1.7504719864e-01 2.3357214691e-05 5.1743629486e-21
1.9409675211e-01 2.3357214691e-05 1.0861826476e-21
2.1521937781e-01 2.3357214691e-05 1.0620395806e-22
2.3864067833e-01 2.3357214691e-05 3.3721699108e-24
2.6461080752e-01 2.3357214691e-05 1.8850526271e-26
2.9340714225e-01 2.3357214691e-05 7.2985854588e-30
3.2533724503e-01 2.3357214691e-05 4.8474004903e-35
3.6074214893e-01 2.3357214691e-05 6.4699026836e-43
4.0000000000e-01 2.3357214691e-05 nan
2.0000000000e-02 4.2813323987e-05 3.1930781847e-22
2.2176504808e-02 4.2813323987e-05 5.0782719087e-22
2.4589868274e-02 4.2813323987e-05 8.0451770194e-22
2.7265866600e-02 4.2813323987e-05 1.2566570659e-21
3.0233081086e-02 4.2813323987e-05 1.9534839035e-21
3.3523203403e-02 4.2813323987e-05 3.0266767148e-21
3.7171374071e-02 4.2813323987e-05 4.7157093028e-21
4.1216557790e-02 4.2813323987e-05 7.2354704883e-21
4.5701959599e-02 4.2813323987e-05 1.1014944879e-20
5.0675486338e-02 4.2813323987e-05 1.6682663118e-20
5.6190258320e-02 4.2813323987e-05 2.5365525968e-20
6.2305176688e-02 4.2813323987e-05 3.7877080778e-20
6.9085552518e-02 4.2813323987e-05 5.5141983643e-20
7.6603804377e-02 4.2813323987e-05 7.7520469823e-20
8.4940231802e-02 4.2813323987e-05 1.0397565622e-19
9.4183872945e-02 4.2813323987e-05 1.3094378338e-19
1.0443345556e-01 4.2813323987e-05 1.5132237361e-19
1.1579845146e-01 4.2813323987e-05 1.5526377895e-19
1.2840024578e-01 4.2813323987e-05 1.3525252610e-19
1.4237343339e-01 4.2813323987e-05 9.4374913469e-20
1.5786725650e-01 4.2813323987e-05 4.9091955272e-20
1.7504719864e-01 4.2813323987e-05 1.7384919450e-20
1.9409675211e-01 4.2813323987e-05 3.6493763703e-21
2.1521937781e-01 4.2813323987e-05 3.5682600601e-22
2.3864067833e-01 4.2813323987e-05 1.1329878340e-23
2.6461080752e-01 4.2813323987e-05 6.3334344216e-26
2.9340714225e-01 4.2813323987e-05 2.4521921467e-29
3.2533724503e-01 4.2813323987e-05 1.6286385211e-34
3.6074214893e-01 4.2813323987e-05 2.1737697844e-42
4.0000000000e-01 4.2813323987e-05 nan
2.0000000000e-02 7.8475997035e-05 1.0728162484e-21
2.2176504808e-02 7.8475997035e-05 1.7062070840e-21
2.4589868274e-02 7.8475997035e-05 2.7030332900e-21
2.7265866600e-02 7.8475997035e-05 4.2221393961e-21
3.0233081086e-02 7.8475997035e-05 6.5633509526e-21
3.3523203403e-02 7.8475997035e-05 1.0169083795e-20
3.7171374071e-02 7.8475997035e-05 1.5843926389e-20
4.1216557790e-02 7.8475997035e-05 2.4309866130e-20
4.5701959599e-02 7.8475997035e-05 3.7008213360e-20
5.0675486338e-02 7.8475997035e-05 5.6050716850e-20
5.6190258320e-02 7.8475997035e-05 8.5223558432e-20
6.2305176688e-02 7.8475997035e-05 1.2726010942e-19
6.9085552518e-02 7.8475997035e-05 1.8526704637e-19
7.6603804377e-02 7.8475997035e-05 2.6045469440e-19
8.4940231802e-02 7.8475997035e-05 3.4933931482e-19
9.4183872945e-02 7.8475997035e-05 4.3994732354e-19
1.0443345556e-01 7.8475997035e-05 5.0841568580e-19
1.1579845146e-01 7.8475997035e-05 5.2165809334e-19
1.2840024578e-01 7.8475997035e-05 4.5442392049e-19
1.4237343339e-01 7.8475997035e-05 3.1708256843e-19
1.5786725650e-01 7.8475997035e-05 1.6494005425e-19
1.7504719864e-01 7.8475997035e-05 5.8410172481e-20
1.9409675211e-01 7.8475997035e-05 1.2261242013e-20
2.1521937781e-01 7.8475997035e-05 1.1988706037e-21
2.3864067833e-01 7.8475997035e-05 3.8066334792e-23
2.6461080752e-01 7.8475997035e-05 2.1279190302e-25
2.9340714225e-01 7.8475997035e-05 8.2389206689e-29
3.2533724503e-01 7.8475997035e-05 5.4719299393e-34
3.6074214893e-01 7.8475997035e-05 7.3034720330e-42
4.0000000000e-01 7.8475997035e-05 nan
2.0000000000e-02 1.4384498883e-04 3.6044676601e-21
2.2176504808e-02 1.4384498883e-04 5.7325457814e-21
2.4589868274e-02 1.4384498883e-04 9.0817007149e-21
2.7265866600e-02 1.4384498883e-04 1.4185621222e-20
3.0233081086e-02 1.4384498883e-04 2.2051666682e-20
3.3523203403e-02 1.4384498883e-04 3.4166273934e-20
3.7171374071e-02 1.4384498883e-04 5.3232714062e-20
4.1216557790e-02 1.4384498883e-04 8.1676733596e-20
4.5701959599e-02 1.4384498883e-04 1.2434087351e-19
5.0675486338e-02 1.4384498883e-04 1.8832022618e-19
5.6190258320e-02 1.4384498883e-04 2.8633567504e-19
6.2305176688e-02 1.4384498883e-04 4.2757085168e-19
6.9085552518e-02 1.4384498883e-04 6.2246362581e-19
7.6603804377e-02 1.4384498883e-04 8.7508047124e-19
8.4940231802e-02 1.4384498883e-04 1.1737166603e-18
9.4183872945e-02 1.4384498883e-04 1.4781431264e-18
1.0443345556e-01 1.4384498883e-04 1.7081844065e-18
1.1579845146e-01 1.4384498883e-04 1.7526765098e-18
1.2840024578e-01 1.4384498883e-04 1.5267819112e-18
1.4237343339e-01 1.4384498883e-04 1.0653399064e-18
1.5786725650e-01 1.4384498883e-04 5.5416866933e-19
1.7504719864e-01 1.4384498883e-04 1.9624759051e-19
1.9409675211e-01 1.4384498883e-04 4.1195551348e-20
2.1521937781e-01 1.4384498883e-04 4.0279880959e-21
2.3864067833e-01 1.4384498883e-04 1.2789599441e-22
2.6461080752e-01 1.4384498883e-04 7.1494229816e-25
2.9340714225e-01 1.4384498883e-04 2.7681283694e-28
3.2533724503e-01 1.4384498883e-04 1.8384695402e-33
3.6074214893e-01 1.4384498883e-04 2.4538345225e-41
4.0000000000e-01 1.4384498883e-04 nan
2.0000000000e-02 2.6366508987e-04 1.2110356479e-20
2.2176504808e-02 2.6366508987e-04 1.9260312375e-20
2.4589868274e-02 2.6366508987e-04 3.0512864568e-20
2.7265866600e-02 2.6366508987e-04 4.7661110393e-20
3.0233081086e-02 2.6366508987e-04 7.4089594460e-20
3.3523203403e-02 2.6366508987e-04 1.1479247470e-19
3.7171374071e-02 2.6366508987e-04 1.7885225127e-19
4.1216557790e-02 2.6366508987e-04 2.7441899251e-19
4.5701959599e-02 2.6366508987e-04 4.1776275766e-19
5.0675486338e-02 2.6366508987e-04 6.3272177062e-19
5.6190258320e-02 2.6366508987e-04 9.6203589345e-19
6.2305176688e-02 2.6366508987e-04 1.4365604671e-18
6.9085552518e-02 2.6366508987e-04 2.0913648485e-18
7.6603804377e-02 2.6366508987e-04 2.9401116656e-18
8.4940231802e-02 2.6366508987e-04 3.9434751746e-18
9.4183872945e-02 2.6366508987e-04 4.9662930253e-18
1.0443345556e-01 2.6366508987e-04 5.7391902024e-18
1.1579845146e-01 2.6366508987e-04 5.8886758141e-18
1.2840024578e-01 2.6366508987e-04 5.1297110644e-18
1.4237343339e-01 2.6366508987e-04 3.5793495680e-18
1.5786725650e-01 2.6366508987e-04 1.8619066940e-18
1.7504719864e-01 2.6366508987e-04 6.5935652437e-19
1.9409675211e-01 2.6366508987e-04 1.3840963693e-19
2.1521937781e-01 2.6366508987e-04 1.3533316175e-20
2.3864067833e-01 2.6366508987e-04 4.2970760198e-22
2.6461080752e-01 2.6366508987e-04 2.4020781399e-24
2.9340714225e-01 2.6366508987e-04 9.3004166352e-28
3.2533724503e-01 2.6366508987e-04 6.1769293711e-33
3.6074214893e-01 2.6366508987e-04 8.2444452520e-41
4.0000000000e-01 2.6366508987e-04 nan
2.0000000000e-02 4.8329302386e-04 4.0688598536e-20
2.2176504808e-02 4.8329302386e-04 6.4711152327e-20
2.4589868274e-02 4.8329302386e-04 1.0251768526e-19
2.7265866600e-02 4.8329302386e-04 1.6013267937e-19
3.0233081086e-02 4.8329302386e-04 2.4892759119e-19
3.3523203403e-02 4.8329302386e-04 3.8568188685e-19
3.7171374071e-02 4.8329302386e-04 6.0091112239e-19
4.1216557790e-02 4.8329302386e-04 9.2199805542e-19
4.5701959599e-02 4.8329302386e-04 1.4036071459e-18
5.0675486338e-02 4.8329302386e-04 2.1258305252e-18
5.6190258320e-02 4.8329302386e-04 3.2322664240e-18
6.2305176688e-02 4.8329302386e-04 4.8265832655e-18
6.9085552518e-02 4.8329302386e-04 7.0266078472e-18
7.6603804377e-02 4.8329302386e-04 9.8782442836e-18
8.4940231802e-02 4.8329302386e-04 1.3249365383e-17
9.4183872945e-02 4.8329302386e-04 1.6685850244e-17
1.0443345556e-01 4.8329302386e-04 1.9282647446e-17
1.1579845146e-01 4.8329302386e-04 1.9784894526e-17
1.2840024578e-01 4.8329302386e-04 1.7234911487e-17
1.4237343339e-01 4.8329302386e-04 1.2025976202e-17
1.5786725650e-01 4.8329302386e-04 6.2556756663e-18
1.7504719864e-01 4.8329302386e-04 2.2153212813e-18
1.9409675211e-01 4.8329302386e-04 4.6503202159e-19
2.1521937781e-01 4.8329302386e-04 4.5469574749e-20
2.3864067833e-01 4.8329302386e-04 1.4437428591e-21
2.6461080752e-01 4.8329302386e-04 8.0705678795e-24
2.9340714225e-01 4.8329302386e-04 3.1247803811e-27
3.2533724503e-01 4.8329302386e-04 2.0753425628e-32
3.6074214893e-01 4.8329302386e-04 2.7699918649e-40
4.0000000000e-01 4.8329302386e-04 nan
2.0000000000e-02 8.8586679041e-04 1.3670631302e-19
2.2176504808e-02 8.8586679041e-04 2.1741774239e-19
2.4589868274e-02 8.8586679041e-04 3.4444084908e-19
2.7265866600e-02 8.8586679041e-04 5.3801680748e-19
3.0233081086e-02 8.8586679041e-04 8.3635166366e-19
3.3523203403e-02 8.8586679041e-04 1.2958214085e-18
3.7171374071e-02 8.8586679041e-04 2.0189528323e-18
4.1216557790e-02 8.8586679041e-04 3.0977471261e-18
4.5701959599e-02 8.8586679041e-04 4.7158671377e-18
5.0675486338e-02 8.8586679041e-04 7.1424082252e-18
5.6190258320e-02 8.8586679041e-04 1.0859835029e-17
6.2305176688e-02 8.8586679041e-04 1.6216455572e-17
6.9085552518e-02 8.8586679041e-04 2.3608147954e-17
7.6603804377e-02 8.8586679041e-04 3.3189143548e-17
8.4940231802e-02 8.8586679041e-04 4.4515520818e-17
9.4183872945e-02 8.8586679041e-04 5.6061516465e-17
1.0443345556e-01 8.8586679041e-04 6.4786318550e-17
1.1579845146e-01 8.8586679041e-04 6.6473806700e-17
1.2840024578e-01 8.8586679041e-04 5.7906333894e-17
1.4237343339e-01 8.8586679041e-04 4.0405231017e-17
1.5786725650e-01 8.8586679041e-04 2.1018018253e-17
1.7504719864e-01 8.8586679041e-04 7.4431127754e-18
1.9409675211e-01 8.8586679041e-04 1.5624320351e-18
2.1521937781e-01 8.8586679041e-04 1.5277054261e-19
2.3864067833e-01 8.8586679041e-04 4.8507520418e-21
2.6461080752e-01 8.8586679041e-04 2.7115887852e-23
2.9340714225e-01 8.8586679041e-04 1.0498800296e-26
3.2533724503e-01 8.8586679041e-04 6.9728476882e-32
3.6074214893e-01 8.8586679041e-04 9.3067604510e-40
4.0000000000e-01 8.8586679041e-04 nan
2.0000000000e-02 1.6237767392e-03 4.5930854662e-19
2.2176504808e-02 1.6237767392e-03 7.3048443938e-19
2.4589868274e-02 1.6237767392e-03 1.1572592896e-18
2.7265866600e-02 1.6237767392e-03 1.8076398718e-18
3.0233081086e-02 1.6237767392e-03 2.8099917673e-18
3.3523203403e-02 1.6237767392e-03 4.3537284415e-18
3.7171374071e-02 1.6237767392e-03 6.7833220374e-18
4.1216557790e-02 1.6237767392e-03 1.0407880982e-17
4.5701959599e-02 1.6237767392e-03 1.5844481280e-17
5.0675486338e-02 1.6237767392e-03 2.3997238386e-17
5.6190258320e-02 1.6237767392e-03 3.6487153495e-17
6.2305176688e-02 1.6237767392e-03 5.4484489096e-17
6.9085552518e-02 1.6237767392e-03 7.9319340273e-17
7.6603804377e-02 1.6237767392e-03 1.1150991773e-16
8.4940231802e-02 1.6237767392e-03 1.4956474635e-16
9.4183872945e-02 1.6237767392e-03 1.8835754324e-16
1.0443345556e-01 1.6237767392e-03 2.1767169200e-16
1.1579845146e-01 1.6237767392e-03 2.2334167543e-16
1.2840024578e-01 1.6237767392e-03 1.9455660083e-16
1.4237343339e-01 1.6237767392e-03 1.3575577221e-16
1.5786725650e-01 1.6237767392e-03 7.0617678831e-17
1.7504719864e-01 1.6237767392e-03 2.5007910809e-17
1.9409675211e-01 1.6237767392e-03 5.2495886996e-18
2.1521937781e-01 1.6237767392e-03 5.1329293366e-19
2.3864067833e-01 1.6237767392e-03 1.6298078693e-20
2.6461080752e-01 1.6237767392e-03 9.1107236275e-23
2.9340714225e-01 1.6237767392e-03 3.5275258121e-26
3.2533724503e-01 1.6237767392e-03 2.3428334181e-31
3.6074214893e-01 1.6237767392e-03 3.1270052609e-39
4.0000000000e-01 1.6237767392e-03 nan
2.0000000000e-02 2.9763514416e-03 1.5431952440e-18
2.2176504808e-02 2.9763514416e-03 2.4542987333e-18
2.4589868274e-02 2.9763514416e-03 3.8881879933e-18
2.7265866600e-02 2.9763514416e-03 6.0733546325e-18
3.0233081086e-02 2.9763514416e-03 9.4410860388e-18
3.3523203403e-02 2.9763514416e-03 1.4627781331e-17
3.7171374071e-02 2.9763514416e-03 2.2790812870e-17
4.1216557790e-02 2.9763514416e-03 3.4968741710e-17
4.5701959599e-02 2.9763514416e-03 5.3234856027e-17
5.0675486338e-02 2.9763514416e-03 8.0626864064e-17
5.6190258320e-02 2.9763514416e-03 1.2259112192e-16
6.2305176688e-02 2.9763514416e-03 1.8305962103e-16
6.9085552518e-02 2.9763514416e-03 2.6650142666e-16
7.6603804377e-02 2.9763514416e-03 3.7465787335e-16
8.4940231802e-02 2.9763514416e-03 5.0251810767e-16
9.4183872945e-02 2.9763514416e-03 6.3285880230e-16
1.0443345556e-01 2.9763514416e-03 7.3135352134e-16
1.1579845146e-01 2.9763514416e-03 7.5040735931e-16
1.2840024578e-01 2.9763514416e-03 6.5369561068e-16
1.4237343339e-01 2.9763514416e-03 4.5613208942e-16
1.5786725650e-01 2.9763514416e-03 2.3727336895e-16
1.7504719864e-01 2.9763514416e-03 8.4026601036e-17
1.9409675211e-01 2.9763514416e-03 1.7638803972e-17
2.1521937781e-01 2.9763514416e-03 1.7247027305e-18
2.3864067833e-01 2.9763514416e-03 5.4763473803e-20
2.6461080752e-01 2.9763514416e-03 3.0613514418e-22
2.9340714225e-01 2.9763514416e-03 1.1853196781e-25
3.2533724503e-01 2.9763514416e-03 7.8724348146e-31
3.6074214893e-01 2.9763514416e-03 1.0507330433e-38
4.0000000000e-01 2.9763514416e-03 nan
2.0000000000e-02 5.4555947812e-03 5.1848780633e-18
2.2176504808e-02 5.4555947812e-03 8.2460401635e-18
2.4589868274e-02 5.4555947812e-03 1.3063684931e-17
2.7265866600e-02 5.4555947812e-03 2.0405516241e-17
3.0233081086e-02 5.4555947812e-03 3.1720607990e-17
3.3523203403e-02 5.4555947812e-03 4.9147194051e-17
3.7171374071e-02 5.4555947812e-03 7.6573931824e-17
4.1216557790e-02 5.4555947812e-03 1.1749034343e-16
4.5701959599e-02 5.4555947812e-03 1.7886258190e-16
5.0675486338e-02 5.4555947812e-03 2.7089729838e-16
5.6190258320e-02 5.4555947812e-03 4.1189423767e-16
6.2305176688e-02 5.4555947812e-03 6.1506555536e-16
6.9085552518e-02 5.4555947812e-03 8.9542861475e-16
7.6603804377e-02 5.4555947812e-03 1.2588367008e-15
8.4940231802e-02 5.4555947812e-03 1.6884568759e-15
9.4183872945e-02 5.4555947812e-03 2.1264224719e-15
1.0443345556e-01 5.4555947812e-03 2.4573976952e-15
1.1579845146e-01 5.4555947812e-03 2.5214571657e-15
1.2840024578e-01 5.4555947812e-03 2.1965331005e-15
1.4237343339e-01 5.4555947812e-03 1.5327169399e-15
1.5786725650e-01 5.4555947812e-03 7.9731732087e-16
1.7504719864e-01 5.4555947812e-03 2.8236564171e-16
1.9409675211e-01 5.4555947812e-03 5.9276043162e-17
2.1521937781e-01 5.4555947812e-03 5.7961749335e-18
2.3864067833e-01 5.4555947812e-03 1.8405052962e-19
2.6461080752e-01 5.4555947812e-03 1.0289127225e-21
2.9340714225e-01 5.4555947812e-03 3.9839836286e-25
3.2533724503e-01 5.4555947812e-03 2.6460561374e-30
3.6074214893e-01 5.4555947812e-03 3.5315818366e-38
4.0000000000e-01 5.4555947812e-03 nan
2.0000000000e-02 1.0000000000e-02 1.7420501705e-17
2.2176504808e-02 1.0000000000e-02 2.7705675151e-17
2.4589868274e-02 1.0000000000e-02 4.3892508454e-17
2.7265866600e-02 1.0000000000e-02 6.8560500528e-17
3.0233081086e-02 1.0000000000e-02 1.0657857714e-16
3.3523203403e-02 1.0000000000e-02 1.6513136278e-16
3.7171374071e-02 1.0000000000e-02 2.5728512987e-16
4.1216557790e-02 1.0000000000e-02 3.9476568334e-16
4.5701959599e-02 1.0000000000e-02 6.0098120928e-16
5.0675486338e-02 1.0000000000e-02 9.1022988400e-16
5.6190258320e-02 1.0000000000e-02 1.3840065646e-15
6.2305176688e-02 1.0000000000e-02 2.0667172577e-15
6.9085552518e-02 1.0000000000e-02 3.0088414630e-15
7.6603804377e-02 1.0000000000e-02 4.2300758289e-15
8.4940231802e-02 1.0000000000e-02 5.6738943098e-15
9.4183872945e-02 1.0000000000e-02 7.1458819875e-15
1.0443345556e-01 1.0000000000e-02 8.2584727779e-15
1.1579845146e-01 1.0000000000e-02 8.4741754847e-15
1.2840024578e-01 1.0000000000e-02 7.3826006991e-15
1.4237343339e-01 1.0000000000e-02 5.1518629574e-15
1.5786725650e-01 1.0000000000e-02 2.6802175364e-15
1.7504719864e-01 1.0000000000e-02 9.4927893165e-16
1.9409675211e-01 1.0000000000e-02 1.9930197491e-16
2.1521937781e-01 1.0000000000e-02 1.9490880839e-17
2.3864067833e-01 1.0000000000e-02 6.1899946694e-19
2.6461080752e-01 1.0000000000e-02 3.4609578590e-21
2.9340714225e-01 1.0000000000e-02 1.3402666373e-24
3.2533724503e-01 1.0000000000e-02 8.9022343479e-30
3.6074214893e-01 1.0000000000e-02 1.1880227408e-37
4.0000000000e-01 1.0000000000e-02 nan
