2.0000000000e-02 1.0000000000e-07 4.7622582392e-28
2.2176504808e-02 1.0000000000e-07 7.6125762122e-28
2.4589868274e-02 1.0000000000e-07 1.2154301314e-27
2.7265866600e-02 1.0000000000e-07 1.9155850596e-27
3.0233081086e-02 1.0000000000e-07 3.0144365432e-27
3.3523203403e-02 1.0000000000e-07 4.7523921650e-27
3.7171374071e-02 1.0000000000e-07 7.6983413930e-27
4.1216557790e-02 1.0000000000e-07 1.2424025219e-26
4.5701959599e-02 1.0000000000e-07 1.9170858552e-26
5.0675486338e-02 1.0000000000e-07 2.7861341073e-26
5.6190258320e-02 1.0000000000e-07 4.4475104087e-26
6.2305176688e-02 1.0000000000e-07 7.1009628409e-26
6.9085552518e-02 1.0000000000e-07 1.1309629311e-25
7.6603804377e-02 1.0000000000e-07 1.7909934775e-25
8.4940231802e-02 1.0000000000e-07 2.8077908262e-25
9.4183872945e-02 1.0000000000e-07 4.3325767998e-25
1.0443345556e-01 1.0000000000e-07 6.5269538576e-25
1.1579845146e-01 1.0000000000e-07 9.4987547342e-25
1.2840024578e-01 1.0000000000e-07 1.3183189371e-24
1.4237343339e-01 1.0000000000e-07 1.7153188007e-24
1.5786725650e-01 1.0000000000e-07 2.0434338280e-24
1.7504719864e-01 1.0000000000e-07 2.1552990349e-24
1.9409675211e-01 1.0000000000e-07 1.9219412260e-24
2.1521937781e-01 1.0000000000e-07 1.3597774705e-24
2.3864067833e-01 1.0000000000e-07 7.1318894784e-25
2.6461080752e-01 1.0000000000e-07 2.5064453478e-25
2.9340714225e-01 1.0000000000e-07 5.1004343148e-26
3.2533724503e-01 1.0000000000e-07 4.6546758163e-27
3.6074214893e-01 1.0000000000e-07 1.1581280951e-28
4.0000000000e-01 1.0000000000e-07 nan
2.0000000000e-02 1.8329807108e-07 1.6000322316e-27
2.2176504808e-02 1.8329807108e-07 2.5576872763e-27
2.4589868274e-02 1.8329807108e-07 4.0836243813e-27
2.7265866600e-02 1.8329807108e-07 6.4360177121e-27
3.0233081086e-02 1.8329807108e-07 1.0127959021e-26
3.3523203403e-02 1.8329807108e-07 1.5967174100e-26
3.7171374071e-02 1.8329807108e-07 2.5865028186e-26
4.1216557790e-02 1.8329807108e-07 4.1742467120e-26
4.5701959599e-02 1.8329807108e-07 6.4410601127e-26
5.0675486338e-02 1.8329807108e-07 9.3609043218e-26
5.6190258320e-02 1.8329807108e-07 1.4942826800e-25
6.2305176688e-02 1.8329807108e-07 2.3857944803e-25
6.9085552518e-02 1.8329807108e-07 3.7998299371e-25
7.6603804377e-02 1.8329807108e-07 6.0174126363e-25
8.4940231802e-02 1.8329807108e-07 9.4336669619e-25
9.4183872945e-02 1.8329807108e-07 1.4556670759e-24
1.0443345556e-01 1.8329807108e-07 2.1929378925e-24
1.1579845146e-01 1.8329807108e-07 3.1914089853e-24
1.2840024578e-01 1.8329807108e-07 4.4293120719e-24
1.4237343339e-01 1.8329807108e-07 5.7631594734e-24
1.5786725650e-01 1.8329807108e-07 6.8655663421e-24
1.7504719864e-01 1.8329807108e-07 7.2414131100e-24
1.9409675211e-01 1.8329807108e-07 6.4573732764e-24
2.1521937781e-01 1.8329807108e-07 4.5686052107e-24
2.3864067833e-01 1.8329807108e-07 2.3961852685e-24
2.6461080752e-01 1.8329807108e-07 8.4212009132e-25
2.9340714225e-01 1.8329807108e-07 1.7136532479e-25
3.2533724503e-01 1.8329807108e-07 1.5638864924e-26
3.6074214893e-01 1.8329807108e-07 3.8910999518e-28
4.0000000000e-01 1.8329807108e-07 nan
2.0000000000e-02 3.3598182863e-07 5.3758175504e-27
2.2176504808e-02 3.3598182863e-07 8.5933644816e-27
2.4589868274e-02 3.3598182863e-07 1.3720235870e-26
2.7265866600e-02 3.3598182863e-07 2.1623850000e-26
3.0233081086e-02 3.3598182863e-07 3.4028101920e-26
3.3523203403e-02 3.3598182863e-07 5.3646803520e-26
3.7171374071e-02 3.3598182863e-07 8.6901794676e-26
4.1216557790e-02 3.3598182863e-07 1.4024710435e-25
4.5701959599e-02 3.3598182863e-07 2.1640791550e-25
5.0675486338e-02 3.3598182863e-07 3.1450937517e-25
5.6190258320e-02 3.3598182863e-07 5.0205182730e-25
6.2305176688e-02 3.3598182863e-07 8.0158359222e-25
6.9085552518e-02 3.3598182863e-07 1.2766738107e-24
7.6603804377e-02 3.3598182863e-07 2.0217413012e-24
8.4940231802e-02 3.3598182863e-07 3.1695406765e-24
9.4183872945e-02 3.3598182863e-07 4.8907768603e-24
1.0443345556e-01 3.3598182863e-07 7.3678728318e-24
1.1579845146e-01 3.3598182863e-07 1.0722554268e-23
1.2840024578e-01 3.3598182863e-07 1.4881683695e-23
1.4237343339e-01 3.3598182863e-07 1.9363168585e-23
1.5786725650e-01 3.3598182863e-07 2.3067055342e-23
1.7504719864e-01 3.3598182863e-07 2.4329832185e-23
1.9409675211e-01 3.3598182863e-07 2.1695600815e-23
2.1521937781e-01 3.3598182863e-07 1.5349683330e-23
2.3864067833e-01 3.3598182863e-07 8.0507470825e-24
2.6461080752e-01 3.3598182863e-07 2.8293704821e-24
2.9340714225e-01 3.3598182863e-07 5.7575635186e-25
3.2533724503e-01 3.3598182863e-07 5.2543744350e-26
3.6074214893e-01 3.3598182863e-07 1.3073388772e-27
4.0000000000e-01 3.3598182863e-07 nan
2.0000000000e-02 6.1584821107e-07 1.8061770109e-26
2.2176504808e-02 6.1584821107e-07 2.8872143126e-26
2.4589868274e-02 6.1584821107e-07 4.6097499370e-26
2.7265866600e-02 6.1584821107e-07 7.2652206650e-26
3.0233081086e-02 6.1584821107e-07 1.1432823908e-25
3.3523203403e-02 6.1584821107e-07 1.8024351147e-25
3.7171374071e-02 6.1584821107e-07 2.9197423886e-25
4.1216557790e-02 6.1584821107e-07 4.7120478578e-25
4.5701959599e-02 6.1584821107e-07 7.2709127179e-25
5.0675486338e-02 6.1584821107e-07 1.0566943499e-24
5.6190258320e-02 6.1584821107e-07 1.6868029100e-24
6.2305176688e-02 6.1584821107e-07 2.6931752111e-24
6.9085552518e-02 6.1584821107e-07 4.2893920150e-24
7.6603804377e-02 6.1584821107e-07 6.7926833938e-24
8.4940231802e-02 6.1584821107e-07 1.0649080724e-23
9.4183872945e-02 6.1584821107e-07 1.6432121529e-23
1.0443345556e-01 6.1584821107e-07 2.4754713871e-23
1.1579845146e-01 6.1584821107e-07 3.6025833905e-23
1.2840024578e-01 6.1584821107e-07 4.9999753009e-23
1.4237343339e-01 6.1584821107e-07 6.5056727894e-23
1.5786725650e-01 6.1584821107e-07 7.7501114349e-23
1.7504719864e-01 6.1584821107e-07 8.1743815080e-23
1.9409675211e-01 6.1584821107e-07 7.2893276352e-23
2.1521937781e-01 6.1584821107e-07 5.1572146741e-23
2.3864067833e-01 6.1584821107e-07 2.7049047267e-23
2.6461080752e-01 6.1584821107e-07 9.5061706845e-24
2.9340714225e-01 6.1584821107e-07 1.9344367195e-24
3.2533724503e-01 6.1584821107e-07 1.7653743310e-25
3.6074214893e-01 6.1584821107e-07 4.3924210661e-27
4.0000000000e-01 6.1584821107e-07 nan
2.0000000000e-02 1.1288378917e-06 6.0684265497e-26
2.2176504808e-02 1.1288378917e-06 9.7005154439e-26
2.4589868274e-02 1.1288378917e-06 1.5487922133e-25
2.7265866600e-02 1.1288378917e-06 2.4409821244e-25
3.0233081086e-02 1.1288378917e-06 3.8412210830e-25
3.3523203403e-02 1.1288378917e-06 6.0558544581e-25
3.7171374071e-02 1.1288378917e-06 9.8098038686e-25
4.1216557790e-02 1.1288378917e-06 1.5831624558e-24
4.5701959599e-02 1.1288378917e-06 2.4428945508e-24
5.0675486338e-02 1.1288378917e-06 3.5503009998e-24
5.6190258320e-02 1.1288378917e-06 5.6673512625e-24
6.2305176688e-02 1.1288378917e-06 9.0485793226e-24
6.9085552518e-02 1.1288378917e-06 1.4411577729e-23
7.6603804377e-02 1.1288378917e-06 2.2822181880e-23
8.4940231802e-02 1.1288378917e-06 3.5778976149e-23
9.4183872945e-02 1.1288378917e-06 5.5208942397e-23
1.0443345556e-01 1.1288378917e-06 8.3171340337e-23
1.1579845146e-01 1.1288378917e-06 1.2104025553e-22
1.2840024578e-01 1.1288378917e-06 1.6799008447e-22
1.4237343339e-01 1.1288378917e-06 2.1857878403e-22
1.5786725650e-01 1.1288378917e-06 2.6038966120e-22
1.7504719864e-01 1.1288378917e-06 2.7464436470e-22
1.9409675211e-01 1.1288378917e-06 2.4490816285e-22
2.1521937781e-01 1.1288378917e-06 1.7327304169e-22
2.3864067833e-01 1.1288378917e-06 9.0879883638e-23
2.6461080752e-01 1.1288378917e-06 3.1939006101e-23
2.9340714225e-01 1.1288378917e-06 6.4993558642e-24
3.2533724503e-01 1.1288378917e-06 5.9313369601e-25
3.6074214893e-01 1.1288378917e-06 1.4757736620e-26
4.0000000000e-01 1.1288378917e-06 nan
2.0000000000e-02 2.0691380811e-06 2.0388810491e-25
2.2176504808e-02 2.0691380811e-06 3.2591969175e-25
2.4589868274e-02 2.0691380811e-06 5.2036604001e-25
2.7265866600e-02 2.0691380811e-06 8.2012563781e-25
3.0233081086e-02 2.0691380811e-06 1.2905804836e-24
3.3523203403e-02 2.0691380811e-06 2.0346570548e-24
3.7171374071e-02 2.0691380811e-06 3.2959158423e-24
4.1216557790e-02 2.0691380811e-06 5.3191381694e-24
4.5701959599e-02 2.0691380811e-06 8.2076817832e-24
5.0675486338e-02 2.0691380811e-06 1.1928366221e-23
5.6190258320e-02 2.0691380811e-06 1.9041270407e-23
6.2305176688e-02 2.0691380811e-06 3.0401582274e-23
6.9085552518e-02 2.0691380811e-06 4.8420282389e-23
7.6603804377e-02 2.0691380811e-06 7.6678384014e-23
8.4940231802e-02 2.0691380811e-06 1.2021085834e-22
9.4183872945e-02 2.0691380811e-06 1.8549201424e-22
1.0443345556e-01 2.0691380811e-06 2.7944059017e-22
1.1579845146e-01 2.0691380811e-06 4.0667326394e-22
1.2840024578e-01 2.0691380811e-06 5.6441615776e-22
1.4237343339e-01 2.0691380811e-06 7.3438499563e-22
1.5786725650e-01 2.0691380811e-06 8.7486194535e-22
1.7504719864e-01 2.0691380811e-06 9.2275515886e-22
1.9409675211e-01 2.0691380811e-06 8.2284692410e-22
2.1521937781e-01 2.0691380811e-06 5.8216593408e-22
2.3864067833e-01 2.0691380811e-06 3.0533989496e-22
2.6461080752e-01 2.0691380811e-06 1.0730925677e-22
2.9340714225e-01 2.0691380811e-06 2.1836654687e-23
3.2533724503e-01 2.0691380811e-06 1.9928214387e-24
3.6074214893e-01 2.0691380811e-06 4.9583313380e-26
4.0000000000e-01 2.0691380811e-06 nan
2.0000000000e-02 3.7926901907e-06 6.8502698322e-25
2.2176504808e-02 3.7926901907e-06 1.0950309402e-24
2.4589868274e-02 3.7926901907e-06 1.7483353368e-24
2.7265866600e-02 3.7926901907e-06 2.7554731150e-24
3.0233081086e-02 3.7926901907e-06 4.3361159089e-24
3.3523203403e-02 3.7926901907e-06 6.8360779791e-24
3.7171374071e-02 3.7926901907e-06 1.1073678317e-23
4.1216557790e-02 3.7926901907e-06 1.7871337689e-23
4.5701959599e-02 3.7926901907e-06 2.7576319344e-23
5.0675486338e-02 3.7926901907e-06 4.0077142957e-23
5.6190258320e-02 3.7926901907e-06 6.3975208510e-23
6.2305176688e-02 3.7926901907e-06 1.0214379206e-22
6.9085552518e-02 3.7926901907e-06 1.6268335021e-22
7.6603804377e-02 3.7926901907e-06 2.5762543679e-22
8.4940231802e-02 3.7926901907e-06 4.0388664008e-22
9.4183872945e-02 3.7926901907e-06 6.2321946148e-22
1.0443345556e-01 3.7926901907e-06 9.3886960493e-22
1.1579845146e-01 3.7926901907e-06 1.3663482690e-21
1.2840024578e-01 3.7926901907e-06 1.8963357283e-21
1.4237343339e-01 3.7926901907e-06 2.4674001381e-21
1.5786725650e-01 3.7926901907e-06 2.9393771629e-21
1.7504719864e-01 3.7926901907e-06 3.1002896576e-21
1.9409675211e-01 3.7926901907e-06 2.7646161436e-21
2.1521937781e-01 3.7926901907e-06 1.9559717520e-21
2.3864067833e-01 3.7926901907e-06 1.0258865633e-21
2.6461080752e-01 3.7926901907e-06 3.6053960344e-22
2.9340714225e-01 3.7926901907e-06 7.3367191795e-23
3.2533724503e-01 3.7926901907e-06 6.6955179180e-24
3.6074214893e-01 3.7926901907e-06 1.6659092319e-25
4.0000000000e-01 3.7926901907e-06 nan
2.0000000000e-02 6.9519279618e-06 2.3015661849e-24
2.2176504808e-02 6.9519279618e-06 3.6791049771e-24
2.4589868274e-02 6.9519279618e-06 5.8740890354e-24
2.7265866600e-02 6.9519279618e-06 9.2578889596e-24
3.0233081086e-02 6.9519279618e-06 1.4568561523e-23
3.3523203403e-02 6.9519279618e-06 2.2967979802e-23
3.7171374071e-02 6.9519279618e-06 3.7205546909e-23
4.1216557790e-02 6.9519279618e-06 6.0044447174e-23
4.5701959599e-02 6.9519279618e-06 9.2651422011e-23
5.0675486338e-02 6.9519279618e-06 1.3465191779e-22
5.6190258320e-02 6.9519279618e-06 2.1494507545e-22
6.2305176688e-02 6.9519279618e-06 3.4318458046e-22
6.9085552518e-02 6.9519279618e-06 5.4658649503e-22
7.6603804377e-02 6.9519279618e-06 8.6557465379e-22
8.4940231802e-02 6.9519279618e-06 1.3569857194e-21
9.4183872945e-02 6.9519279618e-06 2.0939041439e-21
1.0443345556e-01 6.9519279618e-06 3.1544312686e-21
1.1579845146e-01 6.9519279618e-06 4.5906819022e-21
1.2840024578e-01 6.9519279618e-06 6.3713434614e-21
1.4237343339e-01 6.9519279618e-06 8.2900161106e-21
1.5786725650e-01 6.9519279618e-06 9.8757731520e-21
1.7504719864e-01 6.9519279618e-06 1.0416409897e-20
1.9409675211e-01 6.9519279618e-06 9.2886078873e-21
2.1521937781e-01 6.9519279618e-06 6.5717096713e-21
2.3864067833e-01 6.9519279618e-06 3.4467924421e-21
2.6461080752e-01 6.9519279618e-06 1.2113475556e-21
2.9340714225e-01 6.9519279618e-06 2.4650043334e-22
3.2533724503e-01 6.9519279618e-06 2.2495723616e-23
3.6074214893e-01 6.9519279618e-06 5.5971523238e-25
4.0000000000e-01 6.9519279618e-06 nan
2.0000000000e-02 1.2742749857e-05 7.7328441558e-24
2.2176504808e-02 1.2742749857e-05 1.2361124181e-23
2.4589868274e-02 1.2742749857e-05 1.9735871759e-23
2.7265866600e-02 1.2742749857e-05 3.1104824624e-23
3.0233081086e-02 1.2742749857e-05 4.8947719419e-23
3.3523203403e-02 1.2742749857e-05 7.7168238555e-23
3.7171374071e-02 1.2742749857e-05 1.2500387689e-22
4.1216557790e-02 1.2742749857e-05 2.0173843167e-22
4.5701959599e-02 1.2742749857e-05 3.1129194204e-22
5.0675486338e-02 1.2742749857e-05 4.5240597587e-22
5.6190258320e-02 1.2742749857e-05 7.2217639546e-22
6.2305176688e-02 1.2742749857e-05 1.1530378298e-21
6.9085552518e-02 1.2742749857e-05 1.8364313025e-21
7.6603804377e-02 1.2742749857e-05 2.9081735527e-21
8.4940231802e-02 1.2742749857e-05 4.5592254394e-21
9.4183872945e-02 1.2742749857e-05 7.0351374419e-21
1.0443345556e-01 1.2742749857e-05 1.0598315876e-20
1.1579845146e-01 1.2742749857e-05 1.5423857032e-20
1.2840024578e-01 1.2742749857e-05 2.1406556320e-20
1.4237343339e-01 1.2742749857e-05 2.7852947801e-20
1.5786725650e-01 1.2742749857e-05 3.3180803340e-20
1.7504719864e-01 1.2742749857e-05 3.4997244592e-20
1.9409675211e-01 1.2742749857e-05 3.1208034787e-20
2.1521937781e-01 1.2742749857e-05 2.2079750455e-20
2.3864067833e-01 1.2742749857e-05 1.1580596357e-20
2.6461080752e-01 1.2742749857e-05 4.0699077025e-21
2.9340714225e-01 1.2742749857e-05 8.2819667181e-22
3.2533724503e-01 1.2742749857e-05 7.5581544466e-23
3.6074214893e-01 1.2742749857e-05 1.8805414990e-24
4.0000000000e-01 1.2742749857e-05 nan
2.0000000000e-02 2.3357214691e-05 2.5980951208e-23
2.2176504808e-02 2.3357214691e-05 4.1531131077e-23
2.4589868274e-02 2.3357214691e-05 6.6308942861e-23
2.7265866600e-02 2.3357214691e-05 1.0450655862e-22
3.0233081086e-02 2.3357214691e-05 1.6445544288e-22
3.3523203403e-02 2.3357214691e-05 2.5927125921e-22
3.7171374071e-02 2.3357214691e-05 4.1999031181e-22
4.1216557790e-02 2.3357214691e-05 6.7780447250e-22
4.5701959599e-02 2.3357214691e-05 1.0458843606e-21
5.0675486338e-02 2.3357214691e-05 1.5200018729e-21
5.6190258320e-02 2.3357214691e-05 2.4263814638e-21
6.2305176688e-02 2.3357214691e-05 3.8739975938e-21
6.9085552518e-02 2.3357214691e-05 6.1700754880e-21
7.6603804377e-02 2.3357214691e-05 9.7709347130e-21
8.4940231802e-02 2.3357214691e-05 1.5318169061e-20
9.4183872945e-02 2.3357214691e-05 2.3636783532e-20
1.0443345556e-01 2.3357214691e-05 3.5608415680e-20
1.1579845146e-01 2.3357214691e-05 5.1821357241e-20
1.2840024578e-01 2.3357214691e-05 7.1922139940e-20
1.4237343339e-01 2.3357214691e-05 9.3580844237e-20
1.5786725650e-01 2.3357214691e-05 1.1148147109e-19
1.7504719864e-01 2.3357214691e-05 1.1758438396e-19
1.9409675211e-01 2.3357214691e-05 1.0485332768e-19
2.1521937781e-01 2.3357214691e-05 7.4183950800e-20
2.3864067833e-01 2.3357214691e-05 3.8908700327e-20
2.6461080752e-01 2.3357214691e-05 1.3674150709e-20
2.9340714225e-01 2.3357214691e-05 2.7825904162e-21
3.2533724503e-01 2.3357214691e-05 2.5394026532e-22
3.6074214893e-01 2.3357214691e-05 6.3182780112e-24
4.0000000000e-01 2.3357214691e-05 nan
2.0000000000e-02 4.2813323987e-05 8.7291275057e-23
2.2176504808e-02 4.2813323987e-05 1.3953705382e-22
2.4589868274e-02 4.2813323987e-05 2.2278599910e-22
2.7265866600e-02 4.2813323987e-05 3.5112304731e-22
3.0233081086e-02 4.2813323987e-05 5.5254040544e-22
3.3523203403e-02 4.2813323987e-05 8.7110432003e-22
3.7171374071e-02 4.2813323987e-05 1.4110911340e-21
4.1216557790e-02 4.2813323987e-05 2.2772998695e-21
4.5701959599e-02 4.2813323987e-05 3.5139814153e-21
5.0675486338e-02 4.2813323987e-05 5.1069301141e-21
5.6190258320e-02 4.2813323987e-05 8.1522008622e-21
6.2305176688e-02 4.2813323987e-05 1.3015928053e-20
6.9085552518e-02 4.2813323987e-05 2.0730332636e-20
7.6603804377e-02 4.2813323987e-05 3.2828565473e-20
8.4940231802e-02 4.2813323987e-05 5.1466265181e-20
9.4183872945e-02 4.2813323987e-05 7.9415298757e-20
1.0443345556e-01 4.2813323987e-05 1.1963780835e-19
1.1579845146e-01 4.2813323987e-05 1.7411034753e-19
1.2840024578e-01 4.2813323987e-05 2.4164532738e-19
1.4237343339e-01 4.2813323987e-05 3.1441464175e-19
1.5786725650e-01 4.2813323987e-05 3.7455749951e-19
1.7504719864e-01 4.2813323987e-05 3.9506218162e-19
1.9409675211e-01 4.2813323987e-05 3.5228814719e-19
2.1521937781e-01 4.2813323987e-05 2.4924461097e-19
2.3864067833e-01 4.2813323987e-05 1.3072617323e-19
2.6461080752e-01 4.2813323987e-05 4.5942665960e-20
2.9340714225e-01 4.2813323987e-05 9.3489992204e-21
3.2533724503e-01 4.2813323987e-05 8.5319326121e-22
3.6074214893e-01 4.2813323987e-05 2.1228269327e-23
4.0000000000e-01 4.2813323987e-05 nan
2.0000000000e-02 7.8475997035e-05 2.9328282322e-22
2.2176504808e-02 7.8475997035e-05 4.6881914703e-22
2.4589868274e-02 7.8475997035e-05 7.4852047750e-22
2.7265866600e-02 7.8475997035e-05 1.1797096422e-21
3.0233081086e-02 7.8475997035e-05 1.8564353714e-21
3.3523203403e-02 7.8475997035e-05 2.9267522487e-21
3.7171374071e-02 7.8475997035e-05 4.7410098438e-21
4.1216557790e-02 7.8475997035e-05 7.6513138379e-21
4.5701959599e-02 7.8475997035e-05 1.1806339188e-20
5.0675486338e-02 7.8475997035e-05 1.7158357482e-20
5.6190258320e-02 7.8475997035e-05 2.7389914100e-20
6.2305176688e-02 7.8475997035e-05 4.3731154175e-20
6.9085552518e-02 7.8475997035e-05 6.9650152752e-20
7.6603804377e-02 7.8475997035e-05 1.1029801854e-19
8.4940231802e-02 7.8475997035e-05 1.7291730631e-19
9.4183872945e-02 7.8475997035e-05 2.6682098673e-19
1.0443345556e-01 7.8475997035e-05 4.0196132110e-19
1.1579845146e-01 7.8475997035e-05 5.8497917294e-19
1.2840024578e-01 7.8475997035e-05 8.1188446220e-19
1.4237343339e-01 7.8475997035e-05 1.0563761761e-18
1.5786725650e-01 7.8475997035e-05 1.2584452983e-18
1.7504719864e-01 7.8475997035e-05 1.3273373474e-18
1.9409675211e-01 7.8475997035e-05 1.1836243788e-18
2.1521937781e-01 7.8475997035e-05 8.3741678820e-19
2.3864067833e-01 7.8475997035e-05 4.3921630446e-19
2.6461080752e-01 7.8475997035e-05 1.5435905842e-19
2.9340714225e-01 7.8475997035e-05 3.1410950469e-20
3.2533724503e-01 7.8475997035e-05 2.8665756096e-21
3.6074214893e-01 7.8475997035e-05 7.1323165030e-23
4.0000000000e-01 7.8475997035e-05 nan
2.0000000000e-02 1.4384498883e-04 9.8537700438e-22
2.2176504808e-02 1.4384498883e-04 1.5751471657e-21
2.4589868274e-02 1.4384498883e-04 2.5148928307e-21
2.7265866600e-02 1.4384498883e-04 3.9636101084e-21
3.0233081086e-02 1.4384498883e-04 6.2372856583e-21
3.3523203403e-02 1.4384498883e-04 9.8333560066e-21
3.7171374071e-02 1.4384498883e-04 1.5928932114e-20
4.1216557790e-02 1.4384498883e-04 2.5707025197e-20
4.5701959599e-02 1.4384498883e-04 3.9667156235e-20
5.0675486338e-02 1.4384498883e-04 5.7648966599e-20
5.6190258320e-02 1.4384498883e-04 9.2025140686e-20
6.2305176688e-02 1.4384498883e-04 1.4692874378e-19
6.9085552518e-02 1.4384498883e-04 2.3401188033e-19
7.6603804377e-02 1.4384498883e-04 3.7058134419e-19
8.4940231802e-02 1.4384498883e-04 5.8097081157e-19
9.4183872945e-02 1.4384498883e-04 8.9647018559e-19
1.0443345556e-01 1.4384498883e-04 1.3505172778e-18
1.1579845146e-01 1.4384498883e-04 1.9654242131e-18
1.2840024578e-01 1.4384498883e-04 2.7277850806e-18
1.4237343339e-01 1.4384498883e-04 3.5492332727e-18
1.5786725650e-01 1.4384498883e-04 4.2281493557e-18
1.7504719864e-01 1.4384498883e-04 4.4596146104e-18
1.9409675211e-01 1.4384498883e-04 3.9767653136e-18
2.1521937781e-01 1.4384498883e-04 2.8135703436e-18
2.3864067833e-01 1.4384498883e-04 1.4756882938e-18
2.6461080752e-01 1.4384498883e-04 5.1861894264e-19
2.9340714225e-01 1.4384498883e-04 1.0553522044e-19
3.2533724503e-01 1.4384498883e-04 9.6311877015e-21
3.6074214893e-01 1.4384498883e-04 2.3963329809e-22
4.0000000000e-01 1.4384498883e-04 nan
2.0000000000e-02 2.6366508987e-04 3.3106878122e-21
2.2176504808e-02 2.6366508987e-04 5.2922085050e-21
2.4589868274e-02 2.6366508987e-04 8.4495834030e-21
2.7265866600e-02 2.6366508987e-04 1.3317010626e-20
3.0233081086e-02 2.6366508987e-04 2.0956148106e-20
3.3523203403e-02 2.6366508987e-04 3.3038292511e-20
3.7171374071e-02 2.6366508987e-04 5.3518323550e-20
4.1216557790e-02 2.6366508987e-04 8.6370945199e-20
4.5701959599e-02 2.6366508987e-04 1.3327445875e-19
5.0675486338e-02 2.6366508987e-04 1.9369009017e-19
5.6190258320e-02 2.6366508987e-04 3.0918782309e-19
6.2305176688e-02 2.6366508987e-04 4.9365401896e-19
6.9085552518e-02 2.6366508987e-04 7.8623765973e-19
7.6603804377e-02 2.6366508987e-04 1.2450864799e-18
8.4940231802e-02 2.6366508987e-04 1.9519573027e-18
9.4183872945e-02 2.6366508987e-04 3.0119786750e-18
1.0443345556e-01 2.6366508987e-04 4.5374958152e-18
1.1579845146e-01 2.6366508987e-04 6.6034737508e-18
1.2840024578e-01 2.6366508987e-04 9.1648714305e-18
1.4237343339e-01 2.6366508987e-04 1.1924793289e-17
1.5786725650e-01 2.6366508987e-04 1.4205834184e-17
1.7504719864e-01 2.6366508987e-04 1.4983520891e-17
1.9409675211e-01 2.6366508987e-04 1.3361236834e-17
2.1521937781e-01 2.6366508987e-04 9.4531088560e-18
2.3864067833e-01 2.6366508987e-04 4.9580594419e-18
2.6461080752e-01 2.6366508987e-04 1.7424716778e-18
2.9340714225e-01 2.6366508987e-04 3.5458068360e-19
3.2533724503e-01 2.6366508987e-04 3.2359204796e-20
3.6074214893e-01 2.6366508987e-04 8.0512912301e-22
4.0000000000e-01 2.6366508987e-04 nan
2.0000000000e-02 4.8329302386e-04 1.1123310964e-20
2.2176504808e-02 4.8329302386e-04 1.7780861780e-20
2.4589868274e-02 4.8329302386e-04 2.8389070274e-20
2.7265866600e-02 4.8329302386e-04 4.4742746029e-20
3.0233081086e-02 4.8329302386e-04 7.0408868745e-20
3.3523203403e-02 4.8329302386e-04 1.1100269527e-19
3.7171374071e-02 4.8329302386e-04 1.7981191158e-19
4.1216557790e-02 4.8329302386e-04 2.9019081492e-19
4.5701959599e-02 4.8329302386e-04 4.4777821039e-19
5.0675486338e-02 4.8329302386e-04 6.5076393587e-19
5.6190258320e-02 4.8329302386e-04 1.0388157216e-18
6.2305176688e-02 4.8329302386e-04 1.6585893673e-18
6.9085552518e-02 4.8329302386e-04 2.6416186577e-18
7.6603804377e-02 4.8329302386e-04 4.1832700026e-18
8.4940231802e-02 4.8329302386e-04 6.5582325209e-18
9.4183872945e-02 4.8329302386e-04 1.0119720811e-17
1.0443345556e-01 4.8329302386e-04 1.5245197191e-17
1.1579845146e-01 4.8329302386e-04 2.2186534393e-17
1.2840024578e-01 4.8329302386e-04 3.0792406879e-17
1.4237343339e-01 4.8329302386e-04 4.0065301526e-17
1.5786725650e-01 4.8329302386e-04 4.7729254703e-17
1.7504719864e-01 4.8329302386e-04 5.0342202930e-17
1.9409675211e-01 4.8329302386e-04 4.4891644059e-17
2.1521937781e-01 4.8329302386e-04 3.1760996276e-17
2.3864067833e-01 4.8329302386e-04 1.6658347286e-17
2.6461080752e-01 4.8329302386e-04 5.8544589923e-18
2.9340714225e-01 4.8329302386e-04 1.1913438245e-18
3.2533724503e-01 4.8329302386e-04 1.0872290198e-19
3.6074214893e-01 4.8329302386e-04 2.7051415774e-21
4.0000000000e-01 4.8329302386e-04 nan
2.0000000000e-02 8.8586679041e-04 3.7372320660e-20
2.2176504808e-02 8.8586679041e-04 5.9740496953e-20
2.4589868274e-02 8.8586679041e-04 9.5382178899e-20
2.7265866600e-02 8.8586679041e-04 1.5032761152e-19
3.0233081086e-02 8.8586679041e-04 2.3656122065e-19
3.3523203403e-02 8.8586679041e-04 3.7294929114e-19
3.7171374071e-02 8.8586679041e-04 6.0413613270e-19
4.1216557790e-02 8.8586679041e-04 9.7498991734e-19
4.5701959599e-02 8.8586679041e-04 1.5044562055e-18
5.0675486338e-02 8.8586679041e-04 2.1864534149e-18
5.6190258320e-02 8.8586679041e-04 3.4902413100e-18
6.2305176688e-02 8.8586679041e-04 5.5725765775e-18
6.9085552518e-02 8.8586679041e-04 8.8753924376e-18
7.6603804377e-02 8.8586679041e-04 1.4055091164e-17
8.4940231802e-02 8.8586679041e-04 2.2034590123e-17
9.4183872945e-02 8.8586679041e-04 3.4000646321e-17
1.0443345556e-01 8.8586679041e-04 5.1221496164e-17
1.1579845146e-01 8.8586679041e-04 7.4543429843e-17
1.2840024578e-01 8.8586679041e-04 1.0345806858e-16
1.4237343339e-01 8.8586679041e-04 1.3461397241e-16
1.5786725650e-01 8.8586679041e-04 1.6036425562e-16
1.7504719864e-01 8.8586679041e-04 1.6914398911e-16
1.9409675211e-01 8.8586679041e-04 1.5083133620e-16
2.1521937781e-01 8.8586679041e-04 1.0671420451e-16
2.3864067833e-01 8.8586679041e-04 5.5970922017e-17
2.6461080752e-01 8.8586679041e-04 1.9670717436e-17
2.9340714225e-01 8.8586679041e-04 4.0028924726e-18
3.2533724503e-01 8.8586679041e-04 3.6531012246e-19
3.6074214893e-01 8.8586679041e-04 9.0893940111e-21
4.0000000000e-01 8.8586679041e-04 nan
2.0000000000e-02 1.6237767392e-03 1.2556439913e-19
2.2176504808e-02 1.6237767392e-03 2.0071757982e-19
2.4589868274e-02 1.6237767392e-03 3.2046748268e-19
2.7265866600e-02 1.6237767392e-03 5.0507475887e-19
3.0233081086e-02 1.6237767392e-03 7.9480515239e-19
3.3523203403e-02 1.6237767392e-03 1.2530464284e-18
3.7171374071e-02 1.6237767392e-03 2.0297964773e-18
4.1216557790e-02 1.6237767392e-03 3.2758060082e-18
4.5701959599e-02 1.6237767392e-03 5.0547309191e-18
5.0675486338e-02 1.6237767392e-03 7.3461408362e-18
5.6190258320e-02 1.6237767392e-03 1.1726681024e-17
6.2305176688e-02 1.6237767392e-03 1.8723044400e-17
6.9085552518e-02 1.6237767392e-03 2.9820086973e-17
7.6603804377e-02 1.6237767392e-03 4.7223276032e-17
8.4940231802e-02 1.6237767392e-03 7.4033579906e-17
9.4183872945e-02 1.6237767392e-03 1.1423851383e-16
1.0443345556e-01 1.6237767392e-03 1.7209947844e-16
1.1579845146e-01 1.6237767392e-03 2.5046034696e-16
1.2840024578e-01 1.6237767392e-03 3.4761359563e-16
1.4237343339e-01 1.6237767392e-03 4.5229925335e-16
1.5786725650e-01 1.6237767392e-03 5.3882447944e-16
1.7504719864e-01 1.6237767392e-03 5.6833071583e-16
1.9409675211e-01 1.6237767392e-03 5.0680617636e-16
2.1521937781e-01 1.6237767392e-03 3.5857452172e-16
2.3864067833e-01 1.6237767392e-03 1.8807359981e-16
2.6461080752e-01 1.6237767392e-03 6.6099056144e-17
2.9340714225e-01 1.6237767392e-03 1.3451177927e-17
3.2533724503e-01 1.6237767392e-03 1.2276118715e-18
3.6074214893e-01 1.6237767392e-03 3.0545596464e-20
4.0000000000e-01 1.6237767392e-03 nan
2.0000000000e-02 2.9763514416e-03 4.2187574039e-19
2.2176504808e-02 2.9763514416e-03 6.7437872348e-19
2.4589868274e-02 2.9763514416e-03 1.0767203406e-18
2.7265866600e-02 2.9763514416e-03 1.6969740943e-18
3.0233081086e-02 2.9763514416e-03 2.6704283996e-18
3.3523203403e-02 2.9763514416e-03 4.2100600071e-18
3.7171374071e-02 2.9763514416e-03 6.8198472375e-18
4.1216557790e-02 2.9763514416e-03 1.1006305451e-17
4.5701959599e-02 2.9763514416e-03 1.6983332384e-17
5.0675486338e-02 2.9763514416e-03 2.4682315460e-17
5.6190258320e-02 2.9763514416e-03 3.9400696384e-17
6.2305176688e-02 2.9763514416e-03 6.2908281387e-17
6.9085552518e-02 2.9763514416e-03 1.0019437622e-16
7.6603804377e-02 2.9763514416e-03 1.5866979603e-16
8.4940231802e-02 2.9763514416e-03 2.4875473994e-16
9.4183872945e-02 2.9763514416e-03 3.8384910102e-16
1.0443345556e-01 2.9763514416e-03 5.7827443811e-16
1.1579845146e-01 2.9763514416e-03 8.4159120236e-16
1.2840024578e-01 2.9763514416e-03 1.1680684806e-15
1.4237343339e-01 2.9763514416e-03 1.5198777305e-15
1.5786725650e-01 2.9763514416e-03 1.8106878397e-15
1.7504719864e-01 2.9763514416e-03 1.9099129177e-15
1.9409675211e-01 2.9763514416e-03 1.7032315201e-15
2.1521937781e-01 2.9763514416e-03 1.2051311365e-15
2.3864067833e-01 2.9763514416e-03 6.3213550657e-16
2.6461080752e-01 2.9763514416e-03 2.2218263653e-16
2.9340714225e-01 2.9763514416e-03 4.5218195866e-17
3.2533724503e-01 2.9763514416e-03 4.1272194414e-18
3.6074214893e-01 2.9763514416e-03 1.0270535742e-19
4.0000000000e-01 2.9763514416e-03 nan
2.0000000000e-02 5.4555947812e-03 1.4174503917e-18
2.2176504808e-02 5.4555947812e-03 2.2658365703e-18
2.4589868274e-02 5.4555947812e-03 3.6176731019e-18
2.7265866600e-02 5.4555947812e-03 5.7016903469e-18
3.0233081086e-02 5.4555947812e-03 8.9724647643e-18
3.3523203403e-02 5.4555947812e-03 1.4145620244e-17
3.7171374071e-02 5.4555947812e-03 2.2914575345e-17
4.1216557790e-02 5.4555947812e-03 3.6981359592e-17
4.5701959599e-02 5.4555947812e-03 5.7064918189e-17
5.0675486338e-02 5.4555947812e-03 8.2935061392e-17
5.6190258320e-02 5.4555947812e-03 1.3239248967e-16
6.2305176688e-02 5.4555947812e-03 2.1138584310e-16
6.9085552518e-02 5.4555947812e-03 3.3668346802e-16
7.6603804377e-02 5.4555947812e-03 5.3319390460e-16
8.4940231802e-02 5.4555947812e-03 8.3594416293e-16
9.4183872945e-02 5.4555947812e-03 1.2899844196e-15
1.0443345556e-01 5.4555947812e-03 1.9434779695e-15
1.1579845146e-01 5.4555947812e-03 2.8286088842e-15
1.2840024578e-01 5.4555947812e-03 3.9261907039e-15
1.4237343339e-01 5.4555947812e-03 5.1091592968e-15
1.5786725650e-01 5.4555947812e-03 6.0873693492e-15
1.7504719864e-01 5.4555947812e-03 6.4217577006e-15
1.9409675211e-01 5.4555947812e-03 5.7276829678e-15
2.1521937781e-01 5.4555947812e-03 4.0533777134e-15
2.3864067833e-01 5.4555947812e-03 2.1265964666e-15
2.6461080752e-01 5.4555947812e-03 7.4764257344e-16
2.9340714225e-01 5.4555947812e-03 1.5220351128e-16
3.2533724503e-01 5.4555947812e-03 1.3896803168e-17
3.6074214893e-01 5.4555947812e-03 3.4594817707e-19
4.0000000000e-01 5.4555947812e-03 nan
2.0000000000e-02 1.0000000000e-02 4.7626530409e-18
2.2176504808e-02 1.0000000000e-02 7.6133252179e-18
2.4589868274e-02 1.0000000000e-02 1.2155722274e-17
2.7265866600e-02 1.0000000000e-02 1.9158514577e-17
3.0233081086e-02 1.0000000000e-02 3.0149357304e-17
3.3523203403e-02 1.0000000000e-02 4.7533301982e-17
3.7171374071e-02 1.0000000000e-02 7.7001541274e-17
4.1216557790e-02 1.0000000000e-02 1.2427518092e-16
4.5701959599e-02 1.0000000000e-02 1.9177299362e-16
5.0675486338e-02 1.0000000000e-02 2.7872537703e-16
5.6190258320e-02 1.0000000000e-02 4.4496495005e-16
6.2305176688e-02 1.0000000000e-02 7.1050529833e-16
6.9085552518e-02 1.0000000000e-02 1.1317435559e-15
7.6603804377e-02 1.0000000000e-02 1.7924756718e-15
8.4940231802e-02 1.0000000000e-02 2.8105783266e-15
9.4183872945e-02 1.0000000000e-02 4.3377389595e-15
1.0443345556e-01 1.0000000000e-02 6.5362906483e-15
1.1579845146e-01 1.0000000000e-02 9.5150737135e-15
1.2840024578e-01 1.0000000000e-02 1.3210396854e-14
1.4237343339e-01 1.0000000000e-02 1.7195718947e-14
1.5786725650e-01 1.0000000000e-02 2.0495205713e-14
1.7504719864e-01 1.0000000000e-02 2.1630091480e-14
1.9409675211e-01 1.0000000000e-02 1.9301931623e-14
2.1521937781e-01 1.0000000000e-02 1.3667781205e-14
2.3864067833e-01 1.0000000000e-02 7.1758584671e-15
2.6461080752e-01 1.0000000000e-02 2.5249136464e-15
2.9340714225e-01 1.0000000000e-02 5.1451971221e-16
3.2533724503e-01 1.0000000000e-02 4.7030235846e-17
3.6074214893e-01 1.0000000000e-02 1.1722092993e-18
4.0000000000e-01 1.0000000000e-02 nan
