2.0000000000e-02 1.0000000000e-07 1.5984331982e-25
2.2176504808e-02 1.0000000000e-07 2.5240652240e-25
2.4589868274e-02 1.0000000000e-07 3.9700834599e-25
2.7265866600e-02 1.0000000000e-07 6.2283609486e-25
3.0233081086e-02 1.0000000000e-07 9.7157274130e-25
3.3523203403e-02 1.0000000000e-07 1.5070434794e-24
3.7171374071e-02 1.0000000000e-07 2.3215879433e-24
4.1216557790e-02 1.0000000000e-07 3.5654299551e-24
4.5701959599e-02 1.0000000000e-07 5.4456673001e-24
5.0675486338e-02 1.0000000000e-07 8.2408507881e-24
5.6190258320e-02 1.0000000000e-07 1.2532366697e-23
6.2305176688e-02 1.0000000000e-07 1.8703952816e-23
6.9085552518e-02 1.0000000000e-07 2.7192541795e-23
7.6603804377e-02 1.0000000000e-07 3.8150980757e-23
8.4940231802e-02 1.0000000000e-07 5.1031640578e-23
9.4183872945e-02 1.0000000000e-07 6.4022112891e-23
1.0443345556e-01 1.0000000000e-07 7.3584344956e-23
1.1579845146e-01 1.0000000000e-07 7.4950878712e-23
1.2840024578e-01 1.0000000000e-07 6.4670287364e-23
1.4237343339e-01 1.0000000000e-07 4.4532286700e-23
1.5786725650e-01 1.0000000000e-07 2.2718177930e-23
1.7504719864e-01 1.0000000000e-07 7.8352358022e-24
1.9409675211e-01 1.0000000000e-07 1.6077014031e-24
2.1521937781e-01 1.0000000000e-07 1.5582858691e-25
2.3864067833e-01 1.0000000000e-07 5.0452293798e-27
2.6461080752e-01 1.0000000000e-07 2.9590735992e-29
2.9340714225e-01 1.0000000000e-07 1.2593389719e-32
3.2533724503e-01 1.0000000000e-07 9.7607772225e-38
3.6074214893e-01 1.0000000000e-07 1.5038466274e-45
4.0000000000e-01 1.0000000000e-07 nan
2.0000000000e-02 1.8329807108e-07 5.3704450888e-25
2.2176504808e-02 1.8329807108e-07 8.4804004953e-25
2.4589868274e-02 1.8329807108e-07 1.3338759007e-24
2.7265866600e-02 1.8329807108e-07 2.0926161009e-24
3.0233081086e-02 1.8329807108e-07 3.2643078627e-24
3.3523203403e-02 1.8329807108e-07 5.0633922404e-24
3.7171374071e-02 1.8329807108e-07 7.8001136250e-24
4.1216557790e-02 1.8329807108e-07 1.1979196762e-23
4.5701959599e-02 1.8329807108e-07 1.8296452576e-23
5.0675486338e-02 1.8329807108e-07 2.7687761172e-23
5.6190258320e-02 1.8329807108e-07 4.2106474798e-23
6.2305176688e-02 1.8329807108e-07 6.2841882698e-23
6.9085552518e-02 1.8329807108e-07 9.1361999173e-23
7.6603804377e-02 1.8329807108e-07 1.2818036279e-22
8.4940231802e-02 1.8329807108e-07 1.7145703919e-22
9.4183872945e-02 1.8329807108e-07 2.1510266562e-22
1.0443345556e-01 1.8329807108e-07 2.4723002777e-22
1.1579845146e-01 1.8329807108e-07 2.5182133287e-22
1.2840024578e-01 1.8329807108e-07 2.1728041407e-22
1.4237343339e-01 1.8329807108e-07 1.4962039119e-22
1.5786725650e-01 1.8329807108e-07 7.6328949641e-23
1.7504719864e-01 1.8329807108e-07 2.6324968526e-23
1.9409675211e-01 1.8329807108e-07 5.4015845732e-24
2.1521937781e-01 1.8329807108e-07 5.2355573583e-25
2.3864067833e-01 1.8329807108e-07 1.6951053929e-26
2.6461080752e-01 1.8329807108e-07 9.9419495892e-29
2.9340714225e-01 1.8329807108e-07 4.2311501065e-32
3.2533724503e-01 1.8329807108e-07 3.2794437800e-37
3.6074214893e-01 1.8329807108e-07 5.0526513983e-45
4.0000000000e-01 1.8329807108e-07 nan
2.0000000000e-02 3.3598182863e-07 1.8043719615e-24
2.2176504808e-02 3.3598182863e-07 2.8492604659e-24
2.4589868274e-02 3.3598182863e-07 4.4815806427e-24
2.7265866600e-02 3.3598182863e-07 7.0308098419e-24
3.0233081086e-02 3.3598182863e-07 1.0967481249e-23
3.3523203403e-02 3.3598182863e-07 1.7012077840e-23
3.7171374071e-02 3.3598182863e-07 2.6206964392e-23
4.1216557790e-02 3.3598182863e-07 4.0247924335e-23
4.5701959599e-02 3.3598182863e-07 6.1472755939e-23
5.0675486338e-02 3.3598182863e-07 9.3025846293e-23
5.6190258320e-02 3.3598182863e-07 1.4147010400e-22
6.2305176688e-02 3.3598182863e-07 2.1113730663e-22
6.9085552518e-02 3.3598182863e-07 3.0695971549e-22
7.6603804377e-02 3.3598182863e-07 4.3066272683e-22
8.4940231802e-02 3.3598182863e-07 5.7606449559e-22
9.4183872945e-02 3.3598182863e-07 7.2270586937e-22
1.0443345556e-01 3.3598182863e-07 8.3064796821e-22
1.1579845146e-01 3.3598182863e-07 8.4607391905e-22
1.2840024578e-01 3.3598182863e-07 7.3002270843e-22
1.4237343339e-01 3.3598182863e-07 5.0269732631e-22
1.5786725650e-01 3.3598182863e-07 2.5645140078e-22
1.7504719864e-01 3.3598182863e-07 8.8447110638e-23
1.9409675211e-01 3.3598182863e-07 1.8148342624e-23
2.1521937781e-01 3.3598182863e-07 1.7590521351e-24
2.3864067833e-01 3.3598182863e-07 5.6952460962e-26
2.6461080752e-01 3.3598182863e-07 3.3403144031e-28
2.9340714225e-01 3.3598182863e-07 1.4215895500e-31
3.2533724503e-01 3.3598182863e-07 1.1018335181e-36
3.6074214893e-01 3.3598182863e-07 1.6975990562e-44
4.0000000000e-01 3.3598182863e-07 nan
2.0000000000e-02 6.1584821107e-07 6.0623619115e-24
2.2176504808e-02 6.1584821107e-07 9.5729974158e-24
2.4589868274e-02 6.1584821107e-07 1.5057296595e-23
2.7265866600e-02 6.1584821107e-07 2.3622243474e-23
3.0233081086e-02 6.1584821107e-07 3.6848744055e-23
3.3523203403e-02 6.1584821107e-07 5.7157490214e-23
3.7171374071e-02 6.1584821107e-07 8.8050638194e-23
4.1216557790e-02 6.1584821107e-07 1.3522571217e-22
4.5701959599e-02 6.1584821107e-07 2.0653728951e-22
5.0675486338e-02 6.1584821107e-07 3.1254993947e-22
5.6190258320e-02 6.1584821107e-07 4.7531384237e-22
6.2305176688e-02 6.1584821107e-07 7.0938298374e-22
6.9085552518e-02 6.1584821107e-07 1.0313288653e-21
7.6603804377e-02 6.1584821107e-07 1.4469485048e-21
8.4940231802e-02 6.1584821107e-07 1.9354720264e-21
9.4183872945e-02 6.1584821107e-07 2.4281603955e-21
1.0443345556e-01 6.1584821107e-07 2.7908262331e-21
1.1579845146e-01 6.1584821107e-07 2.8426546248e-21
1.2840024578e-01 6.1584821107e-07 2.4527436452e-21
1.4237343339e-01 6.1584821107e-07 1.6889716694e-21
1.5786725650e-01 6.1584821107e-07 8.6163010587e-22
1.7504719864e-01 6.1584821107e-07 2.9716621969e-22
1.9409675211e-01 6.1584821107e-07 6.0975133413e-23
2.1521937781e-01 6.1584821107e-07 5.9100955302e-24
2.3864067833e-01 6.1584821107e-07 1.9134991979e-25
2.6461080752e-01 6.1584821107e-07 1.1222849414e-27
2.9340714225e-01 6.1584821107e-07 4.7762825656e-31
3.2533724503e-01 6.1584821107e-07 3.7019604026e-36
3.6074214893e-01 6.1584821107e-07 5.7036243520e-44
4.0000000000e-01 6.1584821107e-07 nan
2.0000000000e-02 1.1288378917e-06 2.0368434408e-23
2.2176504808e-02 1.1288378917e-06 3.2163531772e-23
2.4589868274e-02 1.1288378917e-06 5.0589780441e-23
2.7265866600e-02 1.1288378917e-06 7.9366445588e-23
3.0233081086e-02 1.1288378917e-06 1.2380508410e-22
3.3523203403e-02 1.1288378917e-06 1.9203878082e-22
3.7171374071e-02 1.1288378917e-06 2.9583414432e-22
4.1216557790e-02 1.1288378917e-06 4.5433382051e-22
4.5701959599e-02 1.1288378917e-06 6.9392776210e-22
5.0675486338e-02 1.1288378917e-06 1.0501110020e-21
5.6190258320e-02 1.1288378917e-06 1.5969681393e-21
6.2305176688e-02 1.1288378917e-06 2.3833979207e-21
6.9085552518e-02 1.1288378917e-06 3.4650775807e-21
7.6603804377e-02 1.1288378917e-06 4.8614840459e-21
8.4940231802e-02 1.1288378917e-06 6.5028343068e-21
9.4183872945e-02 1.1288378917e-06 8.1581776989e-21
1.0443345556e-01 1.1288378917e-06 9.3766690117e-21
1.1579845146e-01 1.1288378917e-06 9.5508029900e-21
1.2840024578e-01 1.1288378917e-06 8.2407729507e-21
1.4237343339e-01 1.1288378917e-06 5.6746378999e-21
1.5786725650e-01 1.1288378917e-06 2.8949205857e-21
1.7504719864e-01 1.1288378917e-06 9.9842449899e-22
1.9409675211e-01 1.1288378917e-06 2.0486536825e-22
2.1521937781e-01 1.1288378917e-06 1.9856847036e-23
2.3864067833e-01 1.1288378917e-06 6.4290095960e-25
2.6461080752e-01 1.1288378917e-06 3.7706734684e-27
2.9340714225e-01 1.1288378917e-06 1.6047441505e-30
3.2533724503e-01 1.1288378917e-06 1.2437914256e-35
3.6074214893e-01 1.1288378917e-06 1.9163141396e-43
4.0000000000e-01 1.1288378917e-06 nan
2.0000000000e-02 2.0691380811e-06 6.8434238388e-23
2.2176504808e-02 2.0691380811e-06 1.0806362220e-22
2.4589868274e-02 2.0691380811e-06 1.6997246943e-22
2.7265866600e-02 2.0691380811e-06 2.6665683520e-22
3.0233081086e-02 2.0691380811e-06 4.1596258550e-22
3.3523203403e-02 2.0691380811e-06 6.4521540748e-22
3.7171374071e-02 2.0691380811e-06 9.9394896780e-22
4.1216557790e-02 2.0691380811e-06 1.5264790782e-21
4.5701959599e-02 2.0691380811e-06 2.3314711845e-21
5.0675486338e-02 2.0691380811e-06 3.5281821472e-21
5.6190258320e-02 2.0691380811e-06 5.3655227571e-21
6.2305176688e-02 2.0691380811e-06 8.0077839176e-21
6.9085552518e-02 2.0691380811e-06 1.1642031019e-20
7.6603804377e-02 2.0691380811e-06 1.6333702996e-20
8.4940231802e-02 2.0691380811e-06 2.1848341617e-20
9.4183872945e-02 2.0691380811e-06 2.7409994616e-20
1.0443345556e-01 2.0691380811e-06 3.1503904010e-20
1.1579845146e-01 2.0691380811e-06 3.2088962535e-20
1.2840024578e-01 2.0691380811e-06 2.7687499653e-20
1.4237343339e-01 2.0691380811e-06 1.9065752184e-20
1.5786725650e-01 2.0691380811e-06 9.7264071215e-21
1.7504719864e-01 2.0691380811e-06 3.3545248893e-21
1.9409675211e-01 2.0691380811e-06 6.8831041050e-22
2.1521937781e-01 2.0691380811e-06 6.6715397783e-23
2.3864067833e-01 2.0691380811e-06 2.1600304004e-24
2.6461080752e-01 2.0691380811e-06 1.2668777671e-26
2.9340714225e-01 2.0691380811e-06 5.3916487419e-30
3.2533724503e-01 2.0691380811e-06 4.1789131763e-35
3.6074214893e-01 2.0691380811e-06 6.4384672889e-43
4.0000000000e-01 2.0691380811e-06 nan
2.0000000000e-02 3.7926901907e-06 2.2992660554e-22
2.2176504808e-02 3.7926901907e-06 3.6307413395e-22
2.4589868274e-02 3.7926901907e-06 5.7107661094e-22
2.7265866600e-02 3.7926901907e-06 8.9591851108e-22
3.0233081086e-02 3.7926901907e-06 1.3975587012e-21
3.3523203403e-02 3.7926901907e-06 2.1678065246e-21
3.7171374071e-02 3.7926901907e-06 3.3394879177e-21
4.1216557790e-02 3.7926901907e-06 5.1286923207e-21
4.5701959599e-02 3.7926901907e-06 7.8333195196e-21
5.0675486338e-02 3.7926901907e-06 1.1854050896e-20
5.6190258320e-02 3.7926901907e-06 1.8027181475e-20
6.2305176688e-02 3.7926901907e-06 2.6904698840e-20
6.9085552518e-02 3.7926901907e-06 3.9115108708e-20
7.6603804377e-02 3.7926901907e-06 5.4878274010e-20
8.4940231802e-02 3.7926901907e-06 7.3406457691e-20
9.4183872945e-02 3.7926901907e-06 9.2092601140e-20
1.0443345556e-01 3.7926901907e-06 1.0584739279e-19
1.1579845146e-01 3.7926901907e-06 1.0781308312e-19
1.2840024578e-01 3.7926901907e-06 9.3024967641e-20
1.4237343339e-01 3.7926901907e-06 6.4057462835e-20
1.5786725650e-01 3.7926901907e-06 3.2678960509e-20
1.7504719864e-01 3.7926901907e-06 1.1270594066e-20
1.9409675211e-01 3.7926901907e-06 2.3125979041e-21
2.1521937781e-01 3.7926901907e-06 2.2415161348e-22
2.3864067833e-01 3.7926901907e-06 7.2573096393e-24
2.6461080752e-01 3.7926901907e-06 4.2564790893e-26
2.9340714225e-01 3.7926901907e-06 1.8114960040e-29
3.2533724503e-01 3.7926901907e-06 1.4040388909e-34
3.6074214893e-01 3.7926901907e-06 2.1632080137e-42
4.0000000000e-01 3.7926901907e-06 nan
2.0000000000e-02 6.9519279618e-06 7.7251161382e-22
2.2176504808e-02 6.9519279618e-06 1.2198631145e-21
2.4589868274e-02 6.9519279618e-06 1.9187136403e-21
2.7265866600e-02 6.9519279618e-06 3.0101233966e-21
3.0233081086e-02 6.9519279618e-06 4.6955432805e-21
3.3523203403e-02 6.9519279618e-06 7.2834360027e-21
3.7171374071e-02 6.9519279618e-06 1.1220072573e-20
4.1216557790e-02 6.9519279618e-06 1.7231474244e-20
4.5701959599e-02 6.9519279618e-06 2.6318530165e-20
5.0675486338e-02 6.9519279618e-06 3.9827456967e-20
5.6190258320e-02 6.9519279618e-06 6.0568053972e-20
6.2305176688e-02 6.9519279618e-06 9.0394899152e-20
6.9085552518e-02 6.9519279618e-06 1.3141965752e-19
7.6603804377e-02 6.9519279618e-06 1.8438102855e-19
8.4940231802e-02 6.9519279618e-06 2.4663235890e-19
9.4183872945e-02 6.9519279618e-06 3.0941440537e-19
1.0443345556e-01 6.9519279618e-06 3.5562800588e-19
1.1579845146e-01 6.9519279618e-06 3.6223236821e-19
1.2840024578e-01 6.9519279618e-06 3.1254698742e-19
1.4237343339e-01 6.9519279618e-06 2.1522143505e-19
1.5786725650e-01 6.9519279618e-06 1.0979536912e-19
1.7504719864e-01 6.9519279618e-06 3.7867148051e-20
1.9409675211e-01 6.9519279618e-06 7.7699087297e-21
2.1521937781e-01 6.9519279618e-06 7.5310869017e-22
2.3864067833e-01 6.9519279618e-06 2.4383241647e-23
2.6461080752e-01 6.9519279618e-06 1.4300996287e-25
2.9340714225e-01 6.9519279618e-06 6.0862974034e-29
3.2533724503e-01 6.9519279618e-06 4.7173155434e-34
3.6074214893e-01 6.9519279618e-06 7.2679858458e-42
4.0000000000e-01 6.9519279618e-06 nan
2.0000000000e-02 1.2742749857e-05 2.5954986465e-21
2.2176504808e-02 1.2742749857e-05 4.0985183991e-21
2.4589868274e-02 1.2742749857e-05 6.4465291751e-21
2.7265866600e-02 1.2742749857e-05 1.0113467632e-20
3.0233081086e-02 1.2742749857e-05 1.5776172179e-20
3.3523203403e-02 1.2742749857e-05 2.4471021470e-20
3.7171374071e-02 1.2742749857e-05 3.7697405006e-20
4.1216557790e-02 1.2742749857e-05 5.7894622270e-20
4.5701959599e-02 1.2742749857e-05 8.8425478925e-20
5.0675486338e-02 1.2742749857e-05 1.3381301823e-19
5.6190258320e-02 1.2742749857e-05 2.0349765533e-19
6.2305176688e-02 1.2742749857e-05 3.0371043521e-19
6.9085552518e-02 1.2742749857e-05 4.4154616858e-19
7.6603804377e-02 1.2742749857e-05 6.1948675151e-19
8.4940231802e-02 1.2742749857e-05 8.2863990966e-19
9.4183872945e-02 1.2742749857e-05 1.0395761776e-18
1.0443345556e-01 1.2742749857e-05 1.1948454778e-18
1.1579845146e-01 1.2742749857e-05 1.2170349352e-18
1.2840024578e-01 1.2742749857e-05 1.0501010843e-18
1.4237343339e-01 1.2742749857e-05 7.2310491359e-19
1.5786725650e-01 1.2742749857e-05 3.6889248924e-19
1.7504719864e-01 1.2742749857e-05 1.2722673660e-19
1.9409675211e-01 1.2742749857e-05 2.6105481464e-20
2.1521937781e-01 1.2742749857e-05 2.5303083523e-21
2.3864067833e-01 1.2742749857e-05 8.1923261300e-23
2.6461080752e-01 1.2742749857e-05 4.8048748928e-25
2.9340714225e-01 1.2742749857e-05 2.0448853355e-28
3.2533724503e-01 1.2742749857e-05 1.5849323060e-33
3.6074214893e-01 1.2742749857e-05 2.4419111799e-41
4.0000000000e-01 1.2742749857e-05 nan
2.0000000000e-02 2.3357214691e-05 8.7204038153e-21
2.2176504808e-02 2.3357214691e-05 1.3770277065e-20
2.4589868274e-02 2.3357214691e-05 2.1659166608e-20
2.7265866600e-02 2.3357214691e-05 3.3979413493e-20
3.0233081086e-02 2.3357214691e-05 5.3005071782e-20
3.3523203403e-02 2.3357214691e-05 8.2218185436e-20
3.7171374071e-02 2.3357214691e-05 1.2665643071e-19
4.1216557790e-02 2.3357214691e-05 1.9451541063e-19
4.5701959599e-02 2.3357214691e-05 2.9709354116e-19
5.0675486338e-02 2.3357214691e-05 4.4958742576e-19
5.6190258320e-02 2.3357214691e-05 6.8371514390e-19
6.2305176688e-02 2.3357214691e-05 1.0204118745e-18
6.9085552518e-02 2.3357214691e-05 1.4835148924e-18
7.6603804377e-02 2.3357214691e-05 2.0813629175e-18
8.4940231802e-02 2.3357214691e-05 2.7840795239e-18
9.4183872945e-02 2.3357214691e-05 3.4927870553e-18
1.0443345556e-01 2.3357214691e-05 4.0144636910e-18
1.1579845146e-01 2.3357214691e-05 4.0890162370e-18
1.2840024578e-01 2.3357214691e-05 3.5281488322e-18
1.4237343339e-01 2.3357214691e-05 2.4295011173e-18
1.5786725650e-01 2.3357214691e-05 1.2394117345e-18
1.7504719864e-01 2.3357214691e-05 4.2745871755e-19
1.9409675211e-01 2.3357214691e-05 8.7709674343e-20
2.1521937781e-01 2.3357214691e-05 8.5013763121e-21
2.3864067833e-01 2.3357214691e-05 2.7524727290e-22
2.6461080752e-01 2.3357214691e-05 1.6143506630e-24
2.9340714225e-01 2.3357214691e-05 6.8704431917e-28
3.2533724503e-01 2.3357214691e-05 5.3250845835e-33
3.6074214893e-01 2.3357214691e-05 8.2043778919e-41
4.0000000000e-01 2.3357214691e-05 nan
2.0000000000e-02 4.2813323987e-05 2.9298972210e-20
2.2176504808e-02 4.2813323987e-05 4.6265628705e-20
2.4589868274e-02 4.2813323987e-05 7.2770864063e-20
2.7265866600e-02 4.2813323987e-05 1.1416465486e-19
3.0233081086e-02 4.2813323987e-05 1.7808740953e-19
3.3523203403e-02 4.2813323987e-05 2.7623816307e-19
3.7171374071e-02 4.2813323987e-05 4.2554259231e-19
4.1216557790e-02 4.2813323987e-05 6.5353643420e-19
4.5701959599e-02 4.2813323987e-05 9.9818031341e-19
5.0675486338e-02 4.2813323987e-05 1.5105320563e-18
5.6190258320e-02 4.2813323987e-05 2.2971586467e-18
6.2305176688e-02 4.2813323987e-05 3.4283984819e-18
6.9085552518e-02 4.2813323987e-05 4.9843404746e-18
7.6603804377e-02 4.2813323987e-05 6.9930012091e-18
8.4940231802e-02 4.2813323987e-05 9.3540013245e-18
9.4183872945e-02 4.2813323987e-05 1.1735129863e-17
1.0443345556e-01 4.2813323987e-05 1.3487868580e-17
1.1579845146e-01 4.2813323987e-05 1.3738351601e-17
1.2840024578e-01 4.2813323987e-05 1.1853939041e-17
1.4237343339e-01 4.2813323987e-05 8.1626823446e-18
1.5786725650e-01 4.2813323987e-05 4.1641982489e-18
1.7504719864e-01 4.2813323987e-05 1.4361836320e-18
1.9409675211e-01 4.2813323987e-05 2.9468857168e-19
2.1521937781e-01 4.2813323987e-05 2.8563080043e-20
2.3864067833e-01 4.2813323987e-05 9.2478083785e-22
2.6461080752e-01 4.2813323987e-05 5.4239249934e-24
2.9340714225e-01 4.2813323987e-05 2.3083441216e-27
3.2533724503e-01 4.2813323987e-05 1.7891317004e-32
3.6074214893e-01 4.2813323987e-05 2.7565219503e-40
4.0000000000e-01 4.2813323987e-05 nan
2.0000000000e-02 7.8475997035e-05 9.8439222690e-20
2.2176504808e-02 7.8475997035e-05 1.5544410552e-19
2.4589868274e-02 7.8475997035e-05 2.4449688010e-19
2.7265866600e-02 7.8475997035e-05 3.8357249563e-19
3.0233081086e-02 7.8475997035e-05 5.9834133617e-19
3.3523203403e-02 7.8475997035e-05 9.2811003362e-19
3.7171374071e-02 7.8475997035e-05 1.4297457869e-18
4.1216557790e-02 7.8475997035e-05 2.1957636691e-18
4.5701959599e-02 7.8475997035e-05 3.3537044822e-18
5.0675486338e-02 7.8475997035e-05 5.0751132469e-18
5.6190258320e-02 7.8475997035e-05 7.7180356676e-18
6.2305176688e-02 7.8475997035e-05 1.1518795984e-17
6.9085552518e-02 7.8475997035e-05 1.6746478396e-17
7.6603804377e-02 7.8475997035e-05 2.3495213548e-17
8.4940231802e-02 7.8475997035e-05 3.1427745036e-17
9.4183872945e-02 7.8475997035e-05 3.9427904413e-17
1.0443345556e-01 7.8475997035e-05 4.5316788196e-17
1.1579845146e-01 7.8475997035e-05 4.6158365785e-17
1.2840024578e-01 7.8475997035e-05 3.9827082036e-17
1.4237343339e-01 7.8475997035e-05 2.7425130132e-17
1.5786725650e-01 7.8475997035e-05 1.3990949867e-17
1.7504719864e-01 7.8475997035e-05 4.8253162114e-18
1.9409675211e-01 7.8475997035e-05 9.9010009636e-19
2.1521937781e-01 7.8475997035e-05 9.5966763739e-20
2.3864067833e-01 7.8475997035e-05 3.1070957629e-21
2.6461080752e-01 7.8475997035e-05 1.8223403677e-23
2.9340714225e-01 7.8475997035e-05 7.7556174067e-27
3.2533724503e-01 7.8475997035e-05 6.0111579045e-32
3.6074214893e-01 7.8475997035e-05 9.2614135716e-40
4.0000000000e-01 7.8475997035e-05 nan
2.0000000000e-02 1.4384498883e-04 3.3073790148e-19
2.2176504808e-02 1.4384498883e-04 5.2226395007e-19
2.4589868274e-02 1.4384498883e-04 8.2146509218e-19
2.7265866600e-02 1.4384498883e-04 1.2887338914e-18
3.0233081086e-02 1.4384498883e-04 2.0103181748e-18
3.3523203403e-02 1.4384498883e-04 3.1182810850e-18
3.7171374071e-02 1.4384498883e-04 4.8036860806e-18
4.1216557790e-02 1.4384498883e-04 7.3773670030e-18
4.5701959599e-02 1.4384498883e-04 1.1267837784e-17
5.0675486338e-02 1.4384498883e-04 1.7051458541e-17
5.6190258320e-02 1.4384498883e-04 2.5931197823e-17
6.2305176688e-02 1.4384498883e-04 3.8701062191e-17
6.9085552518e-02 1.4384498883e-04 5.6265125756e-17
7.6603804377e-02 1.4384498883e-04 7.8939650488e-17
8.4940231802e-02 1.4384498883e-04 1.0559151627e-16
9.4183872945e-02 1.4384498883e-04 1.3247059995e-16
1.0443345556e-01 1.4384498883e-04 1.5225618153e-16
1.1579845146e-01 1.4384498883e-04 1.5508373104e-16
1.2840024578e-01 1.4384498883e-04 1.3381176845e-16
1.4237343339e-01 1.4384498883e-04 9.2143461912e-17
1.5786725650e-01 1.4384498883e-04 4.7007054201e-17
1.7504719864e-01 1.4384498883e-04 1.6212187700e-17
1.9409675211e-01 1.4384498883e-04 3.3265569109e-18
2.1521937781e-01 1.4384498883e-04 3.2243094522e-19
2.3864067833e-01 1.4384498883e-04 1.0439279340e-20
2.6461080752e-01 1.4384498883e-04 6.1227339592e-23
2.9340714225e-01 1.4384498883e-04 2.6057472137e-26
3.2533724503e-01 1.4384498883e-04 2.0196403906e-31
3.6074214893e-01 1.4384498883e-04 3.1116674761e-39
4.0000000000e-01 1.4384498883e-04 nan
2.0000000000e-02 2.6366508987e-04 1.1112192606e-18
2.2176504808e-02 2.6366508987e-04 1.7547119908e-18
2.4589868274e-02 2.6366508987e-04 2.7599734776e-18
2.7265866600e-02 2.6366508987e-04 4.3299117681e-18
3.0233081086e-02 2.6366508987e-04 6.7543039015e-18
3.3523203403e-02 2.6366508987e-04 1.0476858064e-17
3.7171374071e-02 2.6366508987e-04 1.6139512799e-17
4.1216557790e-02 2.6366508987e-04 2.4786613412e-17
4.5701959599e-02 2.6366508987e-04 3.7857888984e-17
5.0675486338e-02 2.6366508987e-04 5.7289805021e-17
5.6190258320e-02 2.6366508987e-04 8.7124117742e-17
6.2305176688e-02 2.6366508987e-04 1.3002854558e-16
6.9085552518e-02 2.6366508987e-04 1.8904061430e-16
7.6603804377e-02 2.6366508987e-04 2.6522290796e-16
8.4940231802e-02 2.6366508987e-04 3.5476835010e-16
9.4183872945e-02 2.6366508987e-04 4.4507720858e-16
1.0443345556e-01 2.6366508987e-04 5.1155319176e-16
1.1579845146e-01 2.6366508987e-04 5.2105326395e-16
1.2840024578e-01 2.6366508987e-04 4.4958333872e-16
1.4237343339e-01 2.6366508987e-04 3.0958538075e-16
1.5786725650e-01 2.6366508987e-04 1.5793521668e-16
1.7504719864e-01 2.6366508987e-04 5.4470027907e-17
1.9409675211e-01 2.6366508987e-04 1.1176632406e-17
2.1521937781e-01 2.6366508987e-04 1.0833100353e-18
2.3864067833e-01 2.6366508987e-04 3.5074106224e-20
2.6461080752e-01 2.6366508987e-04 2.0571290091e-22
2.9340714225e-01 2.6366508987e-04 8.7548449862e-26
3.2533724503e-01 2.6366508987e-04 6.7856311011e-31
3.6074214893e-01 2.6366508987e-04 1.0454646415e-38
4.0000000000e-01 2.6366508987e-04 nan
2.0000000000e-02 4.8329302386e-04 3.7334949188e-18
2.2176504808e-02 4.8329302386e-04 5.8955136717e-18
2.4589868274e-02 4.8329302386e-04 9.2730098044e-18
2.7265866600e-02 4.8329302386e-04 1.4547717566e-17
3.0233081086e-02 4.8329302386e-04 2.2693235300e-17
3.3523203403e-02 4.8329302386e-04 3.5200342154e-17
3.7171374071e-02 4.8329302386e-04 5.4225835468e-17
4.1216557790e-02 4.8329302386e-04 8.3278526595e-17
4.5701959599e-02 4.8329302386e-04 1.2719564521e-16
5.0675486338e-02 4.8329302386e-04 1.9248336624e-16
5.6190258320e-02 4.8329302386e-04 2.9272126166e-16
6.2305176688e-02 4.8329302386e-04 4.3687238826e-16
6.9085552518e-02 4.8329302386e-04 6.3514229228e-16
7.6603804377e-02 4.8329302386e-04 8.9110107790e-16
8.4940231802e-02 4.8329302386e-04 1.1919576740e-15
9.4183872945e-02 4.8329302386e-04 1.4953792721e-15
1.0443345556e-01 4.8329302386e-04 1.7187267712e-15
1.1579845146e-01 4.8329302386e-04 1.7506455092e-15
1.2840024578e-01 4.8329302386e-04 1.5105195888e-15
1.4237343339e-01 4.8329302386e-04 1.0401516671e-15
1.5786725650e-01 4.8329302386e-04 5.3063426564e-16
1.7504719864e-01 4.8329302386e-04 1.8300965783e-16
1.9409675211e-01 4.8329302386e-04 3.7551517895e-17
2.1521937781e-01 4.8329302386e-04 3.6397321975e-18
2.3864067833e-01 4.8329302386e-04 1.1784290116e-19
2.6461080752e-01 4.8329302386e-04 6.9115983694e-22
2.9340714225e-01 4.8329302386e-04 2.9414776871e-25
3.2533724503e-01 4.8329302386e-04 2.2798559536e-30
3.6074214893e-01 4.8329302386e-04 3.5125815241e-38
4.0000000000e-01 4.8329302386e-04 nan
2.0000000000e-02 8.8586679041e-04 1.2543865933e-17
2.2176504808e-02 8.8586679041e-04 1.9807857327e-17
2.4589868274e-02 8.8586679041e-04 3.1155632928e-17
2.7265866600e-02 8.8586679041e-04 4.8877696868e-17
3.0233081086e-02 8.8586679041e-04 7.6245164332e-17
3.3523203403e-02 8.8586679041e-04 1.1826678541e-16
3.7171374071e-02 8.8586679041e-04 1.8218901269e-16
4.1216557790e-02 8.8586679041e-04 2.7980082487e-16
4.5701959599e-02 8.8586679041e-04 4.2735445247e-16
5.0675486338e-02 8.8586679041e-04 6.4670949161e-16
5.6190258320e-02 8.8586679041e-04 9.8349089898e-16
6.2305176688e-02 8.8586679041e-04 1.4678130025e-15
6.9085552518e-02 8.8586679041e-04 2.1339647144e-15
7.6603804377e-02 8.8586679041e-04 2.9939411033e-15
8.4940231802e-02 8.8586679041e-04 4.0047666521e-15
9.4183872945e-02 8.8586679041e-04 5.0242108401e-15
1.0443345556e-01 8.8586679041e-04 5.7746209584e-15
1.1579845146e-01 8.8586679041e-04 5.8818646203e-15
1.2840024578e-01 8.8586679041e-04 5.0750856291e-15
1.4237343339e-01 8.8586679041e-04 3.4947323735e-15
1.5786725650e-01 8.8586679041e-04 1.7828418950e-15
1.7504719864e-01 8.8586679041e-04 6.1488215263e-16
1.9409675211e-01 8.8586679041e-04 1.2616699850e-16
2.1521937781e-01 8.8586679041e-04 1.2228921553e-17
2.3864067833e-01 8.8586679041e-04 3.9593386891e-19
2.6461080752e-01 8.8586679041e-04 2.3221925766e-21
2.9340714225e-01 8.8586679041e-04 9.8829305288e-25
3.2533724503e-01 8.8586679041e-04 7.6599830868e-30
3.6074214893e-01 8.8586679041e-04 1.1801751949e-37
4.0000000000e-01 8.8586679041e-04 nan
2.0000000000e-02 1.6237767392e-03 4.2145126317e-17
2.2176504808e-02 1.6237767392e-03 6.6550831572e-17
2.4589868274e-02 1.6237767392e-03 1.0467732189e-16
2.7265866600e-02 1.6237767392e-03 1.6422028545e-16
3.0233081086e-02 1.6237767392e-03 2.5617009372e-16
3.3523203403e-02 1.6237767392e-03 3.9735527129e-16
3.7171374071e-02 1.6237767392e-03 6.1212264351e-16
4.1216557790e-02 1.6237767392e-03 9.4008115112e-16
4.5701959599e-02 1.6237767392e-03 1.4358355366e-15
5.0675486338e-02 1.6237767392e-03 2.1728304162e-15
5.6190258320e-02 1.6237767392e-03 3.3043580586e-15
6.2305176688e-02 1.6237767392e-03 4.9315981024e-15
6.9085552518e-02 1.6237767392e-03 7.1697565442e-15
7.6603804377e-02 1.6237767392e-03 1.0059136524e-14
8.4940231802e-02 1.6237767392e-03 1.3455349894e-14
9.4183872945e-02 1.6237767392e-03 1.6880528209e-14
1.0443345556e-01 1.6237767392e-03 1.9401804915e-14
1.1579845146e-01 1.6237767392e-03 1.9762152380e-14
1.2840024578e-01 1.6237767392e-03 1.7051526844e-14
1.4237343339e-01 1.6237767392e-03 1.1741798731e-14
1.5786725650e-01 1.6237767392e-03 5.9901059185e-15
1.7504719864e-01 1.6237767392e-03 2.0659256878e-15
1.9409675211e-01 1.6237767392e-03 4.2390633884e-16
2.1521937781e-01 1.6237767392e-03 4.1087888466e-17
2.3864067833e-01 1.6237767392e-03 1.3303012384e-18
2.6461080752e-01 1.6237767392e-03 7.8023834665e-21
2.9340714225e-01 1.6237767392e-03 3.3205979614e-24
3.2533724503e-01 1.6237767392e-03 2.5737069691e-29
3.6074214893e-01 1.6237767392e-03 3.9653054921e-37
4.0000000000e-01 1.6237767392e-03 nan
2.0000000000e-02 2.9763514416e-03 1.4160014867e-16
2.2176504808e-02 2.9763514416e-03 2.2359904307e-16
2.4589868274e-02 2.9763514416e-03 3.5169741975e-16
2.7265866600e-02 2.9763514416e-03 5.5175151142e-16
3.0233081086e-02 2.9763514416e-03 8.6068718190e-16
3.3523203403e-02 2.9763514416e-03 1.3350456045e-15
3.7171374071e-02 2.9763514416e-03 2.0566283817e-15
4.1216557790e-02 2.9763514416e-03 3.1585156503e-15
4.5701959599e-02 2.9763514416e-03 4.8241716929e-15
5.0675486338e-02 2.9763514416e-03 7.3003609744e-15
5.6190258320e-02 2.9763514416e-03 1.1102125619e-14
6.2305176688e-02 2.9763514416e-03 1.6569421767e-14
6.9085552518e-02 2.9763514416e-03 2.4089337363e-14
7.6603804377e-02 2.9763514416e-03 3.3797304961e-14
8.4940231802e-02 2.9763514416e-03 4.5208226713e-14
9.4183872945e-02 2.9763514416e-03 5.6716554400e-14
1.0443345556e-01 2.9763514416e-03 6.5187981850e-14
1.1579845146e-01 2.9763514416e-03 6.6399002738e-14
1.2840024578e-01 2.9763514416e-03 5.7291853003e-14
1.4237343339e-01 2.9763514416e-03 3.9451811412e-14
1.5786725650e-01 2.9763514416e-03 2.0126583092e-14
1.7504719864e-01 2.9763514416e-03 6.9415117943e-15
1.9409675211e-01 2.9763514416e-03 1.4243402707e-15
2.1521937781e-01 2.9763514416e-03 1.3805838465e-16
2.3864067833e-01 2.9763514416e-03 4.4699698672e-18
2.6461080752e-01 2.9763514416e-03 2.6217281548e-20
2.9340714225e-01 2.9763514416e-03 1.1157880045e-23
3.2533724503e-01 2.9763514416e-03 8.6482244252e-29
3.6074214893e-01 2.9763514416e-03 1.3324187698e-36
4.0000000000e-01 2.9763514416e-03 nan
2.0000000000e-02 5.4555947812e-03 4.7575283002e-16
2.2176504808e-02 5.4555947812e-03 7.5125601650e-16
2.4589868274e-02 5.4555947812e-03 1.1816466413e-15
2.7265866600e-02 5.4555947812e-03 1.8537982891e-15
3.0233081086e-02 5.4555947812e-03 2.8917775544e-15
3.3523203403e-02 5.4555947812e-03 4.4855568928e-15
3.7171374071e-02 5.4555947812e-03 6.9099826527e-15
4.1216557790e-02 5.4555947812e-03 1.0612194511e-14
4.5701959599e-02 5.4555947812e-03 1.6208624748e-14
5.0675486338e-02 5.4555947812e-03 2.4528401151e-14
5.6190258320e-02 5.4555947812e-03 3.7302061492e-14
6.2305176688e-02 5.4555947812e-03 5.5671920101e-14
6.9085552518e-02 5.4555947812e-03 8.0938711033e-14
7.6603804377e-02 5.4555947812e-03 1.1355770378e-13
8.4940231802e-02 5.4555947812e-03 1.5189928452e-13
9.4183872945e-02 5.4555947812e-03 1.9056913602e-13
1.0443345556e-01 5.4555947812e-03 2.1903606156e-13
1.1579845146e-01 5.4555947812e-03 2.2310847137e-13
1.2840024578e-01 5.4555947812e-03 1.9251077489e-13
1.4237343339e-01 5.4555947812e-03 1.3256786483e-13
1.5786725650e-01 5.4555947812e-03 6.7631998512e-14
1.7504719864e-01 5.4555947812e-03 2.3326472704e-14
1.9409675211e-01 5.4555947812e-03 4.7865630236e-15
2.1521937781e-01 5.4555947812e-03 4.6397012569e-16
2.3864067833e-01 5.4555947812e-03 1.5022795342e-17
2.6461080752e-01 5.4555947812e-03 8.8115675570e-20
2.9340714225e-01 5.4555947812e-03 3.7502832060e-23
3.2533724503e-01 5.4555947812e-03 2.9068161782e-28
3.6074214893e-01 5.4555947812e-03 4.4783566311e-36
4.0000000000e-01 5.4555947812e-03 nan
2.0000000000e-02 1.0000000000e-02 1.5984663255e-15
2.2176504808e-02 1.0000000000e-02 2.5241273065e-15
2.4589868274e-02 1.0000000000e-02 3.9701994855e-15
2.7265866600e-02 1.0000000000e-02 6.2285774627e-15
3.0233081086e-02 1.0000000000e-02 9.7161295630e-15
3.3523203403e-02 1.0000000000e-02 1.5071178250e-14
3.7171374071e-02 1.0000000000e-02 2.3217245675e-14
4.1216557790e-02 1.0000000000e-02 3.5656804708e-14
4.5701959599e-02 1.0000000000e-02 5.4461245118e-14
5.0675486338e-02 1.0000000000e-02 8.2416782580e-14
5.6190258320e-02 1.0000000000e-02 1.2533872349e-13
6.2305176688e-02 1.0000000000e-02 1.8706643031e-13
6.9085552518e-02 1.0000000000e-02 2.7197226538e-13
7.6603804377e-02 1.0000000000e-02 3.8158856882e-13
8.4940231802e-02 1.0000000000e-02 5.1044269459e-13
9.4183872945e-02 1.0000000000e-02 6.4041108972e-13
1.0443345556e-01 1.0000000000e-02 7.3610523079e-13
1.1579845146e-01 1.0000000000e-02 7.4982842184e-13
1.2840024578e-01 1.0000000000e-02 6.4703330385e-13
1.4237343339e-01 1.0000000000e-02 4.4559524328e-13
1.5786725650e-01 1.0000000000e-02 2.2734790675e-13
1.7504719864e-01 1.0000000000e-02 7.8420733930e-14
1.9409675211e-01 1.0000000000e-02 1.6093704815e-14
2.1521937781e-01 1.0000000000e-02 1.5601989787e-15
2.3864067833e-01 1.0000000000e-02 5.0524752945e-17
2.6461080752e-01 1.0000000000e-02 2.9639543998e-19
2.9340714225e-01 1.0000000000e-02 1.2616498000e-22
3.2533724503e-01 1.0000000000e-02 9.7795681556e-28
3.6074214893e-01 1.0000000000e-02 1.5065296354e-35
4.0000000000e-01 1.0000000000e-02 nan
