2.0000000000e-02 1.0000000000e-07 1.3848869319e-26
2.3415598274e-02 1.0000000000e-07 2.8856413575e-26
2.7414512128e-02 1.0000000000e-07 5.5730687443e-26
3.2096360143e-02 1.0000000000e-07 1.0951627678e-25
3.7577773760e-02 1.0000000000e-07 2.1478580900e-25
4.3995302720e-02 1.0000000000e-07 4.0650723627e-25
5.1508816723e-02 1.0000000000e-07 7.6718537072e-25
6.0305487999e-02 1.0000000000e-07 1.4285504821e-24
7.0604454036e-02 1.0000000000e-07 2.5251089431e-24
8.2662276605e-02 1.0000000000e-07 4.0934059647e-24
9.6779333072e-02 1.0000000000e-07 5.7841695435e-24
1.1330729922e-01 1.0000000000e-07 6.5593293935e-24
1.3265791001e-01 1.0000000000e-07 5.2250505494e-24
1.5531321644e-01 1.0000000000e-07 2.3830181595e-24
1.8183759414e-01 1.0000000000e-07 4.6212678472e-25
2.1289180278e-01 1.0000000000e-07 2.2143041448e-26
2.4924944649e-01 1.0000000000e-07 8.4542315560e-29
2.9181624545e-01 1.0000000000e-07 2.3501431845e-33
3.4165259868e-01 1.0000000000e-07 6.6626055805e-42
4.0000000000e-01 1.0000000000e-07 nan
2.0000000000e-02 1.8329807108e-07 4.6529684384e-26
2.3415598274e-02 1.8329807108e-07 9.6952306006e-26
2.7414512128e-02 1.8329807108e-07 1.8724498278e-25
3.2096360143e-02 1.8329807108e-07 3.6795478938e-25
3.7577773760e-02 1.8329807108e-07 7.2164128872e-25
4.3995302720e-02 1.8329807108e-07 1.3657904459e-24
5.1508816723e-02 1.8329807108e-07 2.5776034375e-24
6.0305487999e-02 1.8329807108e-07 4.7996700325e-24
7.0604454036e-02 1.8329807108e-07 8.4839072019e-24
8.2662276605e-02 1.8329807108e-07 1.3753100213e-23
9.6779333072e-02 1.8329807108e-07 1.9433758603e-23
1.1330729922e-01 1.8329807108e-07 2.2038154842e-23
1.3265791001e-01 1.8329807108e-07 1.7555220383e-23
1.5531321644e-01 1.8329807108e-07 8.0065079889e-24
1.8183759414e-01 1.8329807108e-07 1.5526620219e-24
2.1289180278e-01 1.8329807108e-07 7.4396595570e-26
2.4924944649e-01 1.8329807108e-07 2.8404681778e-28
2.9181624545e-01 1.8329807108e-07 7.8960540465e-33
3.4165259868e-01 1.8329807108e-07 2.2385144064e-41
4.0000000000e-01 1.8329807108e-07 nan
2.0000000000e-02 3.3598182863e-07 1.5633128445e-25
2.3415598274e-02 3.3598182863e-07 3.2574213061e-25
2.7414512128e-02 3.3598182863e-07 6.2910911716e-25
3.2096360143e-02 3.3598182863e-07 1.2362612299e-24
3.7577773760e-02 3.3598182863e-07 2.4245835980e-24
4.3995302720e-02 3.3598182863e-07 4.5888077155e-24
5.1508816723e-02 3.3598182863e-07 8.6602791641e-24
6.0305487999e-02 3.3598182863e-07 1.6126019143e-23
7.0604454036e-02 3.3598182863e-07 2.8504386556e-23
8.2662276605e-02 3.3598182863e-07 4.6207917590e-23
9.6779333072e-02 3.3598182863e-07 6.5293897526e-23
1.1330729922e-01 3.3598182863e-07 7.4044195634e-23
1.3265791001e-01 3.3598182863e-07 5.8982350462e-23
1.5531321644e-01 3.3598182863e-07 2.6900411950e-23
1.8183759414e-01 3.3598182863e-07 5.2166622535e-24
2.1289180278e-01 3.3598182863e-07 2.4995904223e-25
2.4924944649e-01 3.3598182863e-07 9.5434569254e-28
2.9181624545e-01 3.3598182863e-07 2.6529306775e-32
3.4165259868e-01 3.3598182863e-07 7.5210016366e-41
4.0000000000e-01 3.3598182863e-07 nan
2.0000000000e-02 6.1584821107e-07 5.2524470820e-25
2.3415598274e-02 6.1584821107e-07 1.0944343671e-24
2.7414512128e-02 6.1584821107e-07 2.1136923159e-24
3.2096360143e-02 6.1584821107e-07 4.1536130868e-24
3.7577773760e-02 6.1584821107e-07 8.1461603091e-24
4.3995302720e-02 6.1584821107e-07 1.5417560075e-23
5.1508816723e-02 6.1584821107e-07 2.9096964300e-23
6.0305487999e-02 6.1584821107e-07 5.4180494003e-23
7.0604454036e-02 6.1584821107e-07 9.5769559190e-23
8.2662276605e-02 6.1584821107e-07 1.5525020649e-22
9.6779333072e-02 6.1584821107e-07 2.1937563089e-22
1.1330729922e-01 6.1584821107e-07 2.4877504248e-22
1.3265791001e-01 6.1584821107e-07 1.9816997965e-22
1.5531321644e-01 6.1584821107e-07 9.0380495979e-23
1.8183759414e-01 6.1584821107e-07 1.7527037233e-23
2.1289180278e-01 6.1584821107e-07 8.3981696092e-25
2.4924944649e-01 6.1584821107e-07 3.2064281092e-27
2.9181624545e-01 6.1584821107e-07 8.9133650025e-32
3.4165259868e-01 6.1584821107e-07 2.5269198830e-40
4.0000000000e-01 6.1584821107e-07 nan
2.0000000000e-02 1.1288378917e-06 1.7647267754e-24
2.3415598274e-02 1.1288378917e-06 3.6771005996e-24
2.7414512128e-02 1.1288378917e-06 7.1016220945e-24
3.2096360143e-02 1.1288378917e-06 1.3955385203e-23
3.7577773760e-02 1.1288378917e-06 2.7369618370e-23
4.3995302720e-02 1.1288378917e-06 5.1800200269e-23
5.1508816723e-02 1.1288378917e-06 9.7760512730e-23
6.0305487999e-02 1.1288378917e-06 1.8203661451e-22
7.0604454036e-02 1.1288378917e-06 3.2176831624e-22
8.2662276605e-02 1.1288378917e-06 5.2161248271e-22
9.6779333072e-02 1.1288378917e-06 7.3706225623e-22
1.1330729922e-01 1.1288378917e-06 8.3583893691e-22
1.3265791001e-01 1.1288378917e-06 6.6581512142e-22
1.5531321644e-01 1.1288378917e-06 3.0366204311e-22
1.8183759414e-01 1.1288378917e-06 5.8887660199e-23
2.1289180278e-01 1.1288378917e-06 2.8216323824e-24
2.4924944649e-01 1.1288378917e-06 1.0773015795e-26
2.9181624545e-01 1.1288378917e-06 2.9947286728e-31
3.4165259868e-01 1.1288378917e-06 8.4899916307e-40
4.0000000000e-01 1.1288378917e-06 nan
2.0000000000e-02 2.0691380811e-06 5.9291612903e-24
2.3415598274e-02 2.0691380811e-06 1.2354389835e-23
2.7414512128e-02 2.0691380811e-06 2.3860159775e-23
3.2096360143e-02 2.0691380811e-06 4.6887558398e-23
3.7577773760e-02 2.0691380811e-06 9.1956944287e-23
4.3995302720e-02 2.0691380811e-06 1.7403926010e-22
5.1508816723e-02 2.0691380811e-06 3.2845755835e-22
6.0305487999e-02 2.0691380811e-06 6.1160994621e-22
7.0604454036e-02 2.0691380811e-06 1.0810830728e-21
8.2662276605e-02 2.0691380811e-06 1.7525231578e-21
9.6779333072e-02 2.0691380811e-06 2.4763952466e-21
1.1330729922e-01 2.0691380811e-06 2.8082669446e-21
1.3265791001e-01 2.0691380811e-06 2.2370178202e-21
1.5531321644e-01 2.0691380811e-06 1.0202492853e-21
1.8183759414e-01 2.0691380811e-06 1.9785183757e-22
2.1289180278e-01 2.0691380811e-06 9.4801720757e-24
2.4924944649e-01 2.0691380811e-06 3.6195375467e-26
2.9181624545e-01 2.0691380811e-06 1.0061744157e-30
3.4165259868e-01 2.0691380811e-06 2.8524829130e-39
4.0000000000e-01 2.0691380811e-06 nan
2.0000000000e-02 3.7926901907e-06 1.9920904525e-23
2.3415598274e-02 3.7926901907e-06 4.1508504883e-23
2.7414512128e-02 3.7926901907e-06 8.0165801127e-23
3.2096360143e-02 3.7926901907e-06 1.5753367610e-22
3.7577773760e-02 3.7926901907e-06 3.0895862297e-22
4.3995302720e-02 3.7926901907e-06 5.8474028860e-22
5.1508816723e-02 3.7926901907e-06 1.1035577108e-21
6.0305487999e-02 3.7926901907e-06 2.0548982813e-21
7.0604454036e-02 3.7926901907e-06 3.6322426771e-21
8.2662276605e-02 3.7926901907e-06 5.8881593526e-21
9.6779333072e-02 3.7926901907e-06 8.3202380336e-21
1.1330729922e-01 3.7926901907e-06 9.4352666332e-21
1.3265791001e-01 3.7926901907e-06 7.5159733791e-21
1.5531321644e-01 3.7926901907e-06 3.4278522053e-21
1.8183759414e-01 3.7926901907e-06 6.6474622185e-22
2.1289180278e-01 3.7926901907e-06 3.1851655497e-23
2.4924944649e-01 3.7926901907e-06 1.2160988437e-25
2.9181624545e-01 3.7926901907e-06 3.3805632009e-30
3.4165259868e-01 3.7926901907e-06 9.5838242514e-39
4.0000000000e-01 3.7926901907e-06 nan
2.0000000000e-02 6.9519279618e-06 6.6930619304e-23
2.3415598274e-02 6.9519279618e-06 1.3946103374e-22
2.7414512128e-02 6.9519279618e-06 2.6934252456e-22
3.2096360143e-02 6.9519279618e-06 5.2928452568e-22
3.7577773760e-02 6.9519279618e-06 1.0380448311e-21
4.3995302720e-02 6.9519279618e-06 1.9646211144e-21
5.1508816723e-02 6.9519279618e-06 3.7077533767e-21
6.0305487999e-02 6.9519279618e-06 6.9040848221e-21
7.0604454036e-02 6.9519279618e-06 1.2203675367e-20
8.2662276605e-02 6.9519279618e-06 1.9783145465e-20
9.6779333072e-02 6.9519279618e-06 2.7954487892e-20
1.1330729922e-01 6.9519279618e-06 3.1700781370e-20
1.3265791001e-01 6.9519279618e-06 2.5252304798e-20
1.5531321644e-01 6.9519279618e-06 1.1516960522e-20
1.8183759414e-01 6.9519279618e-06 2.2334265119e-21
2.1289180278e-01 6.9519279618e-06 1.0701577458e-22
2.4924944649e-01 6.9519279618e-06 4.0858711327e-25
2.9181624545e-01 6.9519279618e-06 1.1358078059e-29
3.4165259868e-01 6.9519279618e-06 3.2199907960e-38
4.0000000000e-01 6.9519279618e-06 nan
2.0000000000e-02 1.2742749857e-05 2.2487471865e-22
2.3415598274e-02 1.2742749857e-05 4.6856373139e-22
2.7414512128e-02 1.2742749857e-05 9.0494193929e-22
3.2096360143e-02 1.2742749857e-05 1.7782998280e-21
3.7577773760e-02 1.2742749857e-05 3.4876420057e-21
4.3995302720e-02 1.2742749857e-05 6.6007699457e-21
5.1508816723e-02 1.2742749857e-05 1.2457377596e-20
6.0305487999e-02 1.2742749857e-05 2.3196470435e-20
7.0604454036e-02 1.2742749857e-05 4.1002131657e-20
8.2662276605e-02 1.2742749857e-05 6.6467773895e-20
9.6779333072e-02 1.2742749857e-05 9.3921999602e-20
1.1330729922e-01 1.2742749857e-05 1.0650886494e-19
1.3265791001e-01 1.2742749857e-05 8.4843155431e-20
1.5531321644e-01 1.2742749857e-05 3.8694894564e-20
1.8183759414e-01 1.2742749857e-05 7.5039072354e-21
2.1289180278e-01 1.2742749857e-05 3.5955355633e-22
2.4924944649e-01 1.2742749857e-05 1.3727784544e-24
2.9181624545e-01 1.2742749857e-05 3.8161078339e-29
3.4165259868e-01 1.2742749857e-05 1.0818583944e-37
4.0000000000e-01 1.2742749857e-05 nan
2.0000000000e-02 2.3357214691e-05 7.5553819184e-22
2.3415598274e-02 2.3357214691e-05 1.5742889930e-21
2.7414512128e-02 2.3357214691e-05 3.0404404757e-21
3.2096360143e-02 2.3357214691e-05 5.9747642807e-21
3.7577773760e-02 2.3357214691e-05 1.1717843387e-20
4.3995302720e-02 2.3357214691e-05 2.2177387567e-20
5.1508816723e-02 2.3357214691e-05 4.1854525047e-20
6.0305487999e-02 2.3357214691e-05 7.7935925546e-20
7.0604454036e-02 2.3357214691e-05 1.3775971172e-19
8.2662276605e-02 2.3357214691e-05 2.2331964218e-19
9.6779333072e-02 2.3357214691e-05 3.1556085174e-19
1.1330729922e-01 2.3357214691e-05 3.5785043206e-19
1.3265791001e-01 2.3357214691e-05 2.8505758508e-19
1.5531321644e-01 2.3357214691e-05 1.3000781433e-19
1.8183759414e-01 2.3357214691e-05 2.5211764745e-20
2.1289180278e-01 2.3357214691e-05 1.2080346131e-21
2.4924944649e-01 2.3357214691e-05 4.6122861510e-24
2.9181624545e-01 2.3357214691e-05 1.2821428861e-28
3.4165259868e-01 2.3357214691e-05 3.6348476013e-37
4.0000000000e-01 2.3357214691e-05 nan
2.0000000000e-02 4.2813323987e-05 2.5384710329e-21
2.3415598274e-02 4.2813323987e-05 5.2893249467e-21
2.7414512128e-02 4.2813323987e-05 1.0215327508e-20
3.2096360143e-02 4.2813323987e-05 2.0074122287e-20
3.7577773760e-02 4.2813323987e-05 3.9369824486e-20
4.3995302720e-02 4.2813323987e-05 7.4511992290e-20
5.1508816723e-02 4.2813323987e-05 1.4062359862e-19
6.0305487999e-02 4.2813323987e-05 2.6185054781e-19
7.0604454036e-02 4.2813323987e-05 4.6284759854e-19
8.2662276605e-02 4.2813323987e-05 7.5031341747e-19
9.6779333072e-02 4.2813323987e-05 1.0602271201e-18
1.1330729922e-01 4.2813323987e-05 1.2023124253e-18
1.3265791001e-01 4.2813323987e-05 9.5774168688e-19
1.5531321644e-01 4.2813323987e-05 4.3680263186e-19
1.8183759414e-01 4.2813323987e-05 8.4706948180e-20
2.1289180278e-01 4.2813323987e-05 4.0587767796e-21
2.4924944649e-01 4.2813323987e-05 1.5496443316e-23
2.9181624545e-01 4.2813323987e-05 4.3077670899e-28
3.4165259868e-01 4.2813323987e-05 1.2212427264e-36
4.0000000000e-01 4.2813323987e-05 nan
2.0000000000e-02 7.8475997035e-05 8.5288013956e-21
2.3415598274e-02 7.8475997035e-05 1.7771170678e-20
2.7414512128e-02 7.8475997035e-05 3.4321644163e-20
3.2096360143e-02 7.8475997035e-05 6.7445403139e-20
3.7577773760e-02 7.8475997035e-05 1.3227545624e-19
4.3995302720e-02 7.8475997035e-05 2.5034675424e-19
5.1508816723e-02 7.8475997035e-05 4.7246973811e-19
6.0305487999e-02 7.8475997035e-05 8.7977025879e-19
7.0604454036e-02 7.8475997035e-05 1.5550838253e-18
8.2662276605e-02 7.8475997035e-05 2.5209167404e-18
9.6779333072e-02 7.8475997035e-05 3.5621704655e-18
1.1330729922e-01 7.8475997035e-05 4.0395512718e-18
1.3265791001e-01 7.8475997035e-05 3.2178380320e-18
1.5531321644e-01 7.8475997035e-05 1.4675774689e-18
1.8183759414e-01 7.8475997035e-05 2.8459995304e-19
2.1289180278e-01 7.8475997035e-05 1.3636752398e-20
2.4924944649e-01 7.8475997035e-05 5.2065233218e-23
2.9181624545e-01 7.8475997035e-05 1.4473314364e-27
3.4165259868e-01 7.8475997035e-05 4.1031534470e-36
4.0000000000e-01 7.8475997035e-05 nan
2.0000000000e-02 1.4384498883e-04 2.8655222889e-20
2.3415598274e-02 1.4384498883e-04 5.9707904212e-20
2.7414512128e-02 1.4384498883e-04 1.1531448768e-19
3.2096360143e-02 1.4384498883e-04 2.2660429879e-19
3.7577773760e-02 1.4384498883e-04 4.4442149669e-19
4.3995302720e-02 1.4384498883e-04 8.4111960281e-19
5.1508816723e-02 1.4384498883e-04 1.5874124658e-18
6.0305487999e-02 1.4384498883e-04 2.9558682031e-18
7.0604454036e-02 1.4384498883e-04 5.2247990727e-18
8.2662276605e-02 1.4384498883e-04 8.4698221614e-18
9.6779333072e-02 1.4384498883e-04 1.1968245466e-17
1.1330729922e-01 1.4384498883e-04 1.3572158224e-17
1.3265791001e-01 1.4384498883e-04 1.0811351050e-17
1.5531321644e-01 1.4384498883e-04 4.9307936046e-18
1.8183759414e-01 1.4384498883e-04 9.5620412157e-19
2.1289180278e-01 1.4384498883e-04 4.5817009560e-20
2.4924944649e-01 1.4384498883e-04 1.7492971806e-22
2.9181624545e-01 1.4384498883e-04 4.8627703137e-27
3.4165259868e-01 1.4384498883e-04 1.3785847757e-35
4.0000000000e-01 1.4384498883e-04 nan
2.0000000000e-02 2.6366508987e-04 9.6276341860e-20
2.3415598274e-02 2.6366508987e-04 2.0060770841e-19
2.7414512128e-02 2.6366508987e-04 3.8743572436e-19
3.2096360143e-02 2.6366508987e-04 7.6134926683e-19
3.7577773760e-02 2.6366508987e-04 1.4931754714e-18
4.3995302720e-02 2.6366508987e-04 2.8260090224e-18
5.1508816723e-02 2.6366508987e-04 5.3334174302e-18
6.0305487999e-02 2.6366508987e-04 9.9311800398e-18
7.0604454036e-02 2.6366508987e-04 1.7554375463e-17
8.2662276605e-02 2.6366508987e-04 2.8457063367e-17
9.6779333072e-02 2.6366508987e-04 4.0211129934e-17
1.1330729922e-01 2.6366508987e-04 4.5599985300e-17
1.3265791001e-01 2.6366508987e-04 3.6324174814e-17
1.5531321644e-01 2.6366508987e-04 1.6566570382e-17
1.8183759414e-01 2.6366508987e-04 3.2126720376e-18
2.1289180278e-01 2.6366508987e-04 1.5393682074e-19
2.4924944649e-01 2.6366508987e-04 5.8773201378e-22
2.9181624545e-01 2.6366508987e-04 1.6338021091e-26
3.4165259868e-01 2.6366508987e-04 4.6317918261e-35
4.0000000000e-01 2.6366508987e-04 nan
2.0000000000e-02 4.8329302386e-04 3.2347101392e-19
2.3415598274e-02 4.8329302386e-04 6.7400544707e-19
2.7414512128e-02 4.8329302386e-04 1.3017136315e-18
3.2096360143e-02 4.8329302386e-04 2.5579951889e-18
3.7577773760e-02 4.8329302386e-04 5.0167982530e-18
4.3995302720e-02 4.8329302386e-04 9.4948767897e-18
5.1508816723e-02 4.8329302386e-04 1.7919313408e-17
6.0305487999e-02 4.8329302386e-04 3.3366960292e-17
7.0604454036e-02 4.8329302386e-04 5.8979511645e-17
8.2662276605e-02 4.8329302386e-04 9.5610561740e-17
9.6779333072e-02 4.8329302386e-04 1.3510208926e-16
1.1330729922e-01 4.8329302386e-04 1.5320766351e-16
1.3265791001e-01 4.8329302386e-04 1.2204262517e-16
1.5531321644e-01 4.8329302386e-04 5.5660664568e-17
1.8183759414e-01 4.8329302386e-04 1.0793993633e-17
2.1289180278e-01 4.8329302386e-04 5.1719967974e-19
2.4924944649e-01 4.8329302386e-04 1.9746721829e-21
2.9181624545e-01 4.8329302386e-04 5.4892742170e-26
3.4165259868e-01 4.8329302386e-04 1.5561950514e-34
4.0000000000e-01 4.8329302386e-04 nan
2.0000000000e-02 8.8586679041e-04 1.0868038276e-18
2.3415598274e-02 8.8586679041e-04 2.2645358261e-18
2.7414512128e-02 8.8586679041e-04 4.3735212624e-18
3.2096360143e-02 8.8586679041e-04 8.5943990111e-18
3.7577773760e-02 8.8586679041e-04 1.6855530506e-17
4.3995302720e-02 8.8586679041e-04 3.1901060653e-17
5.1508816723e-02 8.8586679041e-04 6.0205636836e-17
6.0305487999e-02 8.8586679041e-04 1.1210692323e-16
7.0604454036e-02 8.8586679041e-04 1.9816044129e-16
8.2662276605e-02 8.8586679041e-04 3.2123411216e-16
9.6779333072e-02 8.8586679041e-04 4.5391846549e-16
1.1330729922e-01 8.8586679041e-04 5.1474989866e-16
1.3265791001e-01 8.8586679041e-04 4.1004102559e-16
1.5531321644e-01 8.8586679041e-04 1.8700970123e-16
1.8183759414e-01 8.8586679041e-04 3.6265850117e-17
2.1289180278e-01 8.8586679041e-04 1.7376962022e-18
2.4924944649e-01 8.8586679041e-04 6.6345331126e-21
2.9181624545e-01 8.8586679041e-04 1.8442918903e-25
3.4165259868e-01 8.8586679041e-04 5.2285005746e-34
4.0000000000e-01 8.8586679041e-04 nan
2.0000000000e-02 1.6237767392e-03 3.6514633737e-18
2.3415598274e-02 1.6237767392e-03 7.6084288780e-18
2.7414512128e-02 1.6237767392e-03 1.4694236711e-17
3.2096360143e-02 1.6237767392e-03 2.8875618949e-17
3.7577773760e-02 1.6237767392e-03 5.6631519581e-17
4.3995302720e-02 1.6237767392e-03 1.0718176681e-16
5.1508816723e-02 1.6237767392e-03 2.0227999924e-16
6.0305487999e-02 1.6237767392e-03 3.7665888934e-16
7.0604454036e-02 1.6237767392e-03 6.6578306922e-16
8.2662276605e-02 1.6237767392e-03 1.0792882269e-15
9.6779333072e-02 1.6237767392e-03 1.5250835096e-15
1.1330729922e-01 1.6237767392e-03 1.7294660005e-15
1.3265791001e-01 1.6237767392e-03 1.3776631310e-15
1.5531321644e-01 1.6237767392e-03 6.2831841736e-16
1.8183759414e-01 1.6237767392e-03 1.2184658655e-16
2.1289180278e-01 1.6237767392e-03 5.8383351284e-18
2.4924944649e-01 1.6237767392e-03 2.2290751203e-20
2.9181624545e-01 1.6237767392e-03 6.1964348327e-25
3.4165259868e-01 1.6237767392e-03 1.7566450437e-33
4.0000000000e-01 1.6237767392e-03 nan
2.0000000000e-02 2.9763514416e-03 1.2268253414e-17
2.3415598274e-02 2.9763514416e-03 2.5562938469e-17
2.7414512128e-02 2.9763514416e-03 4.9369965186e-17
3.2096360143e-02 2.9763514416e-03 9.7016832486e-17
3.7577773760e-02 2.9763514416e-03 1.9027161465e-16
4.3995302720e-02 2.9763514416e-03 3.6011125873e-16
5.1508816723e-02 2.9763514416e-03 6.7962403663e-16
6.0305487999e-02 2.9763514416e-03 1.2655054090e-15
7.0604454036e-02 2.9763514416e-03 2.2369100736e-15
8.2662276605e-02 2.9763514416e-03 3.6262121256e-15
9.6779333072e-02 2.9763514416e-03 5.1240028859e-15
1.1330729922e-01 2.9763514416e-03 5.8106901178e-15
1.3265791001e-01 2.9763514416e-03 4.6286954675e-15
1.5531321644e-01 2.9763514416e-03 2.1110334896e-15
1.8183759414e-01 2.9763514416e-03 4.0938148831e-16
2.1289180278e-01 2.9763514416e-03 1.9615650895e-17
2.4924944649e-01 2.9763514416e-03 7.4892032874e-20
2.9181624545e-01 2.9763514416e-03 2.0818321784e-24
3.4165259868e-01 2.9763514416e-03 5.9016001923e-33
4.0000000000e-01 2.9763514416e-03 nan
2.0000000000e-02 5.4555947812e-03 4.1219102153e-17
2.3415598274e-02 5.4555947812e-03 8.5886828066e-17
2.7414512128e-02 5.4555947812e-03 1.6587411161e-16
3.2096360143e-02 5.4555947812e-03 3.2595892687e-16
3.7577773760e-02 5.4555947812e-03 6.3927804550e-16
4.3995302720e-02 5.4555947812e-03 1.2099083768e-15
5.1508816723e-02 5.4555947812e-03 2.2834132234e-15
6.0305487999e-02 5.4555947812e-03 4.2518680442e-15
7.0604454036e-02 5.4555947812e-03 7.5156107260e-15
8.2662276605e-02 5.4555947812e-03 1.2183411604e-14
9.6779333072e-02 5.4555947812e-03 1.7215712072e-14
1.1330729922e-01 5.4555947812e-03 1.9522847380e-14
1.3265791001e-01 5.4555947812e-03 1.5551549569e-14
1.5531321644e-01 5.4555947812e-03 7.0926638758e-15
1.8183759414e-01 5.4555947812e-03 1.3754372363e-15
2.1289180278e-01 5.4555947812e-03 6.5903958871e-17
2.4924944649e-01 5.4555947812e-03 2.5161413239e-19
2.9181624545e-01 5.4555947812e-03 6.9939307239e-24
3.4165259868e-01 5.4555947812e-03 1.9823699868e-32
4.0000000000e-01 5.4555947812e-03 nan
2.0000000000e-02 1.0000000000e-02 1.3848869308e-16
2.3415598274e-02 1.0000000000e-02 2.8856413487e-16
2.7414512128e-02 1.0000000000e-02 5.5730687100e-16
3.2096360143e-02 1.0000000000e-02 1.0951627519e-15
3.7577773760e-02 1.0000000000e-02 2.1478580136e-15
4.3995302720e-02 1.0000000000e-02 4.0650721153e-15
5.1508816723e-02 1.0000000000e-02 7.6718530219e-15
6.0305487999e-02 1.0000000000e-02 1.4285502083e-14
7.0604454036e-02 1.0000000000e-02 2.5251079078e-14
8.2662276605e-02 1.0000000000e-02 4.0934024203e-14
9.6779333072e-02 1.0000000000e-02 5.7841590597e-14
1.1330729922e-01 1.0000000000e-02 6.5593044279e-14
1.3265791001e-01 1.0000000000e-02 5.2250085948e-14
1.5531321644e-01 1.0000000000e-02 2.3829779069e-14
1.8183759414e-01 1.0000000000e-02 4.6211043304e-15
2.1289180278e-01 1.0000000000e-02 2.2141331911e-16
2.4924944649e-01 1.0000000000e-02 8.4527065473e-19
2.9181624545e-01 1.0000000000e-02 2.3491033130e-23
3.4165259868e-01 1.0000000000e-02 6.6552079686e-32
4.0000000000e-01 1.0000000000e-02 nan
