2.0000000000e-02 1.0000000000e-07 7.6511257952e-27
2.2176504808e-02 1.0000000000e-07 1.4315330944e-26
2.4589868274e-02 1.0000000000e-07 2.6653571681e-26
2.7265866600e-02 1.0000000000e-07 4.8830874804e-26
3.0233081086e-02 1.0000000000e-07 8.8853359034e-26
3.3523203403e-02 1.0000000000e-07 1.6072671598e-25
3.7171374071e-02 1.0000000000e-07 2.9160114255e-25
4.1216557790e-02 1.0000000000e-07 5.1697372748e-25
4.5701959599e-02 1.0000000000e-07 9.0894572620e-25
5.0675486338e-02 1.0000000000e-07 1.5780711865e-24
5.6190258320e-02 1.0000000000e-07 2.7389106075e-24
6.2305176688e-02 1.0000000000e-07 4.6350690364e-24
6.9085552518e-02 1.0000000000e-07 7.5857735822e-24
7.6603804377e-02 1.0000000000e-07 1.1883668613e-23
8.4940231802e-02 1.0000000000e-07 1.7598701467e-23
9.4183872945e-02 1.0000000000e-07 2.4243615468e-23
1.0443345556e-01 1.0000000000e-07 3.0366364782e-23
1.1579845146e-01 1.0000000000e-07 3.3478686776e-23
1.2840024578e-01 1.0000000000e-07 3.1091196824e-23
1.4237343339e-01 1.0000000000e-07 2.2967651960e-23
1.5786725650e-01 1.0000000000e-07 1.2572911142e-23
1.7504719864e-01 1.0000000000e-07 4.6665089975e-24
1.9409675211e-01 1.0000000000e-07 1.0299158755e-24
2.1521937781e-01 1.0000000000e-07 1.0777414275e-25
2.3864067833e-01 1.0000000000e-07 3.6595741042e-27
2.6461080752e-01 1.0000000000e-07 2.2392548031e-29
2.9340714225e-01 1.0000000000e-07 9.8973392520e-33
3.2533724503e-01 1.0000000000e-07 8.1822750342e-38
3.6074214893e-01 1.0000000000e-07 1.7094538592e-45
4.0000000000e-01 1.0000000000e-07 3.7836820625e-57
2.0000000000e-02 1.8329807108e-07 2.5706392357e-26
2.2176504808e-02 1.8329807108e-07 4.8096910679e-26
2.4589868274e-02 1.8329807108e-07 8.9551157529e-26
2.7265866600e-02 1.8329807108e-07 1.6406286610e-25
3.0233081086e-02 1.8329807108e-07 2.9853114048e-25
3.3523203403e-02 1.8329807108e-07 5.4001255945e-25
3.7171374071e-02 1.8329807108e-07 9.7972685105e-25
4.1216557790e-02 1.8329807108e-07 1.7369377831e-24
4.5701959599e-02 1.8329807108e-07 3.0538924721e-24
5.0675486338e-02 1.8329807108e-07 5.3020324293e-24
5.6190258320e-02 1.8329807108e-07 9.2022419435e-24
6.2305176688e-02 1.8329807108e-07 1.5572989707e-23
6.9085552518e-02 1.8329807108e-07 2.5486820797e-23
7.6603804377e-02 1.8329807108e-07 3.9926967115e-23
8.4940231802e-02 1.8329807108e-07 5.9128439003e-23
9.4183872945e-02 1.8329807108e-07 8.1454142576e-23
1.0443345556e-01 1.8329807108e-07 1.0202546768e-22
1.1579845146e-01 1.8329807108e-07 1.1248230403e-22
1.2840024578e-01 1.8329807108e-07 1.0446077163e-22
1.4237343339e-01 1.8329807108e-07 7.7167137048e-23
1.5786725650e-01 1.8329807108e-07 4.2242696767e-23
1.7504719864e-01 1.8329807108e-07 1.5678622263e-23
1.9409675211e-01 1.8329807108e-07 3.4603301920e-24
2.1521937781e-01 1.8329807108e-07 3.6210153561e-25
2.3864067833e-01 1.8329807108e-07 1.2295503995e-26
2.6461080752e-01 1.8329807108e-07 7.5234892349e-29
2.9340714225e-01 1.8329807108e-07 3.3253261405e-32
3.2533724503e-01 1.8329807108e-07 2.7490957283e-37
3.6074214893e-01 1.8329807108e-07 5.7434543359e-45
4.0000000000e-01 1.8329807108e-07 1.2712484183e-56
2.0000000000e-02 3.3598182863e-07 8.6368807117e-26
2.2176504808e-02 3.3598182863e-07 1.6159688001e-25
2.4589868274e-02 3.3598182863e-07 3.0087561662e-25
2.7265866600e-02 3.3598182863e-07 5.5122141762e-25
3.0233081086e-02 3.3598182863e-07 1.0030103848e-24
3.3523203403e-02 3.3598182863e-07 1.8143440721e-24
3.7171374071e-02 3.3598182863e-07 3.2917041897e-24
4.1216557790e-02 3.3598182863e-07 5.8357953258e-24
4.5701959599e-02 3.3598182863e-07 1.0260523772e-23
5.0675486338e-02 3.3598182863e-07 1.7813865510e-23
5.6190258320e-02 3.3598182863e-07 3.0917860757e-23
6.2305176688e-02 3.3598182863e-07 5.2322415589e-23
6.9085552518e-02 3.3598182863e-07 8.5631086573e-23
7.6603804377e-02 3.3598182863e-07 1.3414735423e-22
8.4940231802e-02 3.3598182863e-07 1.9866081060e-22
9.4183872945e-02 3.3598182863e-07 2.7367111772e-22
1.0443345556e-01 3.3598182863e-07 3.4278703199e-22
1.1579845146e-01 3.3598182863e-07 3.7792010196e-22
1.2840024578e-01 3.3598182863e-07 3.5096921073e-22
1.4237343339e-01 3.3598182863e-07 2.5926755815e-22
1.5786725650e-01 3.3598182863e-07 1.4192778506e-22
1.7504719864e-01 3.3598182863e-07 5.2677321782e-23
1.9409675211e-01 3.3598182863e-07 1.1626080656e-23
2.1521937781e-01 3.3598182863e-07 1.2165953608e-24
2.3864067833e-01 3.3598182863e-07 4.1310659163e-26
2.6461080752e-01 3.3598182863e-07 2.5277556708e-28
2.9340714225e-01 3.3598182863e-07 1.1172491575e-31
3.2533724503e-01 3.3598182863e-07 9.2364620988e-37
3.6074214893e-01 3.3598182863e-07 1.9296962904e-44
4.0000000000e-01 3.3598182863e-07 4.2711636822e-56
2.0000000000e-02 6.1584821107e-07 2.9018349752e-25
2.2176504808e-02 6.1584821107e-07 5.4293615248e-25
2.4589868274e-02 6.1584821107e-07 1.0108873986e-24
2.7265866600e-02 6.1584821107e-07 1.8520037987e-24
3.0233081086e-02 6.1584821107e-07 3.3699326322e-24
3.3523203403e-02 6.1584821107e-07 6.0958663909e-24
3.7171374071e-02 6.1584821107e-07 1.1059527930e-23
4.1216557790e-02 6.1584821107e-07 1.9607211851e-23
4.5701959599e-02 6.1584821107e-07 3.4473495397e-23
5.0675486338e-02 6.1584821107e-07 5.9851351092e-23
5.6190258320e-02 6.1584821107e-07 1.0387839394e-22
6.2305176688e-02 6.1584821107e-07 1.7579380868e-22
6.9085552518e-02 6.1584821107e-07 2.8770489054e-22
7.6603804377e-02 6.1584821107e-07 4.5071073380e-22
8.4940231802e-02 6.1584821107e-07 6.6746422423e-22
9.4183872945e-02 6.1584821107e-07 9.1948522574e-22
1.0443345556e-01 6.1584821107e-07 1.1517021384e-21
1.1579845146e-01 6.1584821107e-07 1.2697428693e-21
1.2840024578e-01 6.1584821107e-07 1.1791927721e-21
1.4237343339e-01 6.1584821107e-07 8.7109188293e-22
1.5786725650e-01 6.1584821107e-07 4.7685156757e-22
1.7504719864e-01 6.1584821107e-07 1.7698622900e-22
1.9409675211e-01 6.1584821107e-07 3.9061518384e-23
2.1521937781e-01 6.1584821107e-07 4.0875393403e-24
2.3864067833e-01 6.1584821107e-07 1.3879630807e-25
2.6461080752e-01 6.1584821107e-07 8.4927997261e-28
2.9340714225e-01 6.1584821107e-07 3.7537541496e-31
3.2533724503e-01 6.1584821107e-07 3.1032834260e-36
3.6074214893e-01 6.1584821107e-07 6.4834288835e-44
4.0000000000e-01 6.1584821107e-07 1.4350333843e-55
2.0000000000e-02 1.1288378917e-06 9.7496382133e-25
2.2176504808e-02 1.1288378917e-06 1.8241668134e-24
2.4589868274e-02 1.1288378917e-06 3.3963979673e-24
2.7265866600e-02 1.1288378917e-06 6.2223962292e-24
3.0233081086e-02 1.1288378917e-06 1.1322361281e-23
3.3523203403e-02 1.1288378917e-06 2.0481003371e-23
3.7171374071e-02 1.1288378917e-06 3.7158004176e-23
4.1216557790e-02 1.1288378917e-06 6.5876668919e-23
4.5701959599e-02 1.1288378917e-06 1.1582468023e-22
5.0675486338e-02 1.1288378917e-06 2.0108966386e-22
5.6190258320e-02 1.1288378917e-06 3.4901252752e-22
6.2305176688e-02 1.1288378917e-06 5.9063525301e-22
6.9085552518e-02 1.1288378917e-06 9.6663615230e-22
7.6603804377e-02 1.1288378917e-06 1.5143061652e-21
8.4940231802e-02 1.1288378917e-06 2.2425585060e-21
9.4183872945e-02 1.1288378917e-06 3.0893032754e-21
1.0443345556e-01 1.1288378917e-06 3.8695099049e-21
1.1579845146e-01 1.1288378917e-06 4.2661053113e-21
1.2840024578e-01 1.1288378917e-06 3.9618734388e-21
1.4237343339e-01 1.1288378917e-06 2.9267104373e-21
1.5786725650e-01 1.1288378917e-06 1.6021346166e-21
1.7504719864e-01 1.1288378917e-06 5.9464156860e-22
1.9409675211e-01 1.1288378917e-06 1.3123960376e-22
2.1521937781e-01 1.1288378917e-06 1.3733389422e-23
2.3864067833e-01 1.1288378917e-06 4.6633037393e-25
2.6461080752e-01 1.1288378917e-06 2.8534263821e-27
2.9340714225e-01 1.1288378917e-06 1.2611931834e-30
3.2533724503e-01 1.1288378917e-06 1.0426468402e-35
3.6074214893e-01 1.1288378917e-06 2.1783142921e-43
4.0000000000e-01 1.1288378917e-06 4.8214514061e-55
2.0000000000e-02 2.0691380811e-06 3.2757012754e-24
2.2176504808e-02 2.0691380811e-06 6.1288690168e-24
2.4589868274e-02 2.0691380811e-06 1.1411279998e-23
2.7265866600e-02 2.0691380811e-06 2.0906120635e-23
3.0233081086e-02 2.0691380811e-06 3.8041076477e-23
3.3523203403e-02 2.0691380811e-06 6.8812449647e-23
3.7171374071e-02 2.0691380811e-06 1.2484414191e-22
4.1216557790e-02 2.0691380811e-06 2.2133363687e-22
4.5701959599e-02 2.0691380811e-06 3.8914987863e-22
5.0675486338e-02 2.0691380811e-06 6.7562472981e-22
5.6190258320e-02 2.0691380811e-06 1.1726186721e-21
6.2305176688e-02 2.0691380811e-06 1.9844271236e-21
6.9085552518e-02 2.0691380811e-06 3.2477218207e-21
7.6603804377e-02 2.0691380811e-06 5.0877935450e-21
8.4940231802e-02 2.0691380811e-06 7.5345890766e-21
9.4183872945e-02 2.0691380811e-06 1.0379497637e-20
1.0443345556e-01 2.0691380811e-06 1.3000850137e-20
1.1579845146e-01 2.0691380811e-06 1.4333338636e-20
1.2840024578e-01 2.0691380811e-06 1.3311174828e-20
1.4237343339e-01 2.0691380811e-06 9.8332152459e-21
1.5786725650e-01 2.0691380811e-06 5.3828811818e-21
1.7504719864e-01 2.0691380811e-06 1.9978876160e-21
1.9409675211e-01 2.0691380811e-06 4.4094122059e-22
2.1521937781e-01 2.0691380811e-06 4.6141692911e-23
2.3864067833e-01 2.0691380811e-06 1.5667853178e-24
2.6461080752e-01 2.0691380811e-06 9.5869941373e-27
2.9340714225e-01 2.0691380811e-06 4.2373799201e-30
3.2533724503e-01 2.0691380811e-06 3.5031039199e-35
3.6074214893e-01 2.0691380811e-06 7.3187401917e-43
4.0000000000e-01 2.0691380811e-06 1.6199200601e-54
2.0000000000e-02 3.7926901907e-06 1.1005761045e-23
2.2176504808e-02 3.7926901907e-06 2.0591886197e-23
2.4589868274e-02 3.7926901907e-06 3.8339827207e-23
2.7265866600e-02 3.7926901907e-06 7.0240766406e-23
3.0233081086e-02 3.7926901907e-06 1.2781110438e-22
3.3523203403e-02 3.7926901907e-06 2.3119732665e-22
3.7171374071e-02 3.7926901907e-06 4.1945363093e-22
4.1216557790e-02 3.7926901907e-06 7.4364080054e-22
4.5701959599e-02 3.7926901907e-06 1.3074728783e-21
5.0675486338e-02 3.7926901907e-06 2.2699763219e-21
5.6190258320e-02 3.7926901907e-06 3.9397856574e-21
6.2305176688e-02 3.7926901907e-06 6.6673145377e-21
6.9085552518e-02 3.7926901907e-06 1.0911755162e-20
7.6603804377e-02 3.7926901907e-06 1.7094061789e-20
8.4940231802e-02 3.7926901907e-06 2.5314850159e-20
9.4183872945e-02 3.7926901907e-06 3.4873225962e-20
1.0443345556e-01 3.7926901907e-06 4.3680494028e-20
1.1579845146e-01 3.7926901907e-06 4.8157413253e-20
1.2840024578e-01 3.7926901907e-06 4.4723128598e-20
1.4237343339e-01 3.7926901907e-06 3.3037816396e-20
1.5786725650e-01 3.7926901907e-06 1.8085502628e-20
1.7504719864e-01 3.7926901907e-06 6.7125393461e-21
1.9409675211e-01 3.7926901907e-06 1.4814823761e-21
2.1521937781e-01 3.7926901907e-06 1.5502770360e-22
2.3864067833e-01 3.7926901907e-06 5.2641139614e-24
2.6461080752e-01 3.7926901907e-06 3.2210558213e-26
2.9340714225e-01 3.7926901907e-06 1.4236826541e-29
3.2533724503e-01 3.7926901907e-06 1.1769792609e-34
3.6074214893e-01 3.7926901907e-06 2.4589637129e-42
4.0000000000e-01 3.7926901907e-06 5.4426370401e-54
2.0000000000e-02 6.9519279618e-06 3.6977357215e-23
2.2176504808e-02 6.9519279618e-06 6.9184995794e-23
2.4589868274e-02 6.9519279618e-06 1.2881485254e-22
2.7265866600e-02 6.9519279618e-06 2.3599621141e-22
3.0233081086e-02 6.9519279618e-06 4.2942208568e-22
3.3523203403e-02 6.9519279618e-06 7.7678100582e-22
3.7171374071e-02 6.9519279618e-06 1.4092879795e-21
4.1216557790e-02 6.9519279618e-06 2.4984979601e-21
4.5701959599e-02 6.9519279618e-06 4.3928712854e-21
5.0675486338e-02 6.9519279618e-06 7.6267079556e-21
5.6190258320e-02 6.9519279618e-06 1.3236963896e-20
6.2305176688e-02 6.9519279618e-06 2.2400965304e-20
6.9085552518e-02 6.9519279618e-06 3.6661514528e-20
7.6603804377e-02 6.9519279618e-06 5.7432941387e-20
8.4940231802e-02 6.9519279618e-06 8.5053296479e-20
9.4183872945e-02 6.9519279618e-06 1.1716770229e-19
1.0443345556e-01 6.9519279618e-06 1.4675852259e-19
1.1579845146e-01 6.9519279618e-06 1.6180015767e-19
1.2840024578e-01 6.9519279618e-06 1.5026158528e-19
1.4237343339e-01 6.9519279618e-06 1.1100105967e-19
1.5786725650e-01 6.9519279618e-06 6.0764002445e-20
1.7504719864e-01 6.9519279618e-06 2.2552912442e-20
1.9409675211e-01 6.9519279618e-06 4.9775115781e-21
2.1521937781e-01 6.9519279618e-06 5.2086491345e-22
2.3864067833e-01 6.9519279618e-06 1.7686466349e-23
2.6461080752e-01 6.9519279618e-06 1.0822162250e-25
2.9340714225e-01 6.9519279618e-06 4.7833150153e-29
3.2533724503e-01 6.9519279618e-06 3.9544364433e-34
3.6074214893e-01 6.9519279618e-06 8.2616712478e-42
4.0000000000e-01 6.9519279618e-06 1.8286271453e-53
2.0000000000e-02 1.2742749857e-05 1.2423720095e-22
2.2176504808e-02 1.2742749857e-05 2.3244901400e-22
2.4589868274e-02 1.2742749857e-05 4.3279449712e-22
2.7265866600e-02 1.2742749857e-05 7.9290438660e-22
3.0233081086e-02 1.2742749857e-05 1.4427801760e-21
3.3523203403e-02 1.2742749857e-05 2.6098430278e-21
3.7171374071e-02 1.2742749857e-05 4.7349515240e-21
4.1216557790e-02 1.2742749857e-05 8.3944991345e-21
4.5701959599e-02 1.2742749857e-05 1.4759249274e-20
5.0675486338e-02 1.2742749857e-05 2.5624352854e-20
5.6190258320e-02 1.2742749857e-05 4.4473793351e-20
6.2305176688e-02 1.2742749857e-05 7.5263172859e-20
6.9085552518e-02 1.2742749857e-05 1.2317602691e-19
7.6603804377e-02 1.2742749857e-05 1.9296424671e-19
8.4940231802e-02 1.2742749857e-05 2.8576362082e-19
9.4183872945e-02 1.2742749857e-05 3.9366218871e-19
1.0443345556e-01 1.2742749857e-05 4.9308196787e-19
1.1579845146e-01 1.2742749857e-05 5.4361912845e-19
1.2840024578e-01 1.2742749857e-05 5.0485162196e-19
1.4237343339e-01 1.2742749857e-05 3.7294339006e-19
1.5786725650e-01 1.2742749857e-05 2.0415600656e-19
1.7504719864e-01 1.2742749857e-05 7.5773687633e-20
1.9409675211e-01 1.2742749857e-05 1.6723534420e-20
2.1521937781e-01 1.2742749857e-05 1.7500114609e-21
2.3864067833e-01 1.2742749857e-05 5.9423313058e-23
2.6461080752e-01 1.2742749857e-05 3.6360498623e-25
2.9340714225e-01 1.2742749857e-05 1.6071069257e-28
3.2533724503e-01 1.2742749857e-05 1.3286187874e-33
3.6074214893e-01 1.2742749857e-05 2.7757714134e-41
4.0000000000e-01 1.2742749857e-05 6.1438549216e-53
2.0000000000e-02 2.3357214691e-05 4.1741441958e-22
2.2176504808e-02 2.3357214691e-05 7.8098644788e-22
2.4589868274e-02 2.3357214691e-05 1.4541108656e-21
2.7265866600e-02 2.3357214691e-05 2.6640146574e-21
3.0233081086e-02 2.3357214691e-05 4.8474792184e-21
3.3523203403e-02 2.3357214691e-05 8.7685983291e-21
3.7171374071e-02 2.3357214691e-05 1.5908576715e-20
4.1216557790e-02 2.3357214691e-05 2.8203991696e-20
4.5701959599e-02 2.3357214691e-05 4.9588395602e-20
5.0675486338e-02 2.3357214691e-05 8.6093169291e-20
5.6190258320e-02 2.3357214691e-05 1.4942386416e-19
6.2305176688e-02 2.3357214691e-05 2.5287058446e-19
6.9085552518e-02 2.3357214691e-05 4.1384906766e-19
7.6603804377e-02 2.3357214691e-05 6.4832480468e-19
8.4940231802e-02 2.3357214691e-05 9.6011383878e-19
9.4183872945e-02 2.3357214691e-05 1.3226334203e-18
1.0443345556e-01 2.3357214691e-05 1.6566658123e-18
1.1579845146e-01 2.3357214691e-05 1.8264614885e-18
1.2840024578e-01 2.3357214691e-05 1.6962097113e-18
1.4237343339e-01 2.3357214691e-05 1.2530220217e-18
1.5786725650e-01 2.3357214691e-05 6.8592708410e-19
1.7504719864e-01 2.3357214691e-05 2.5458582133e-19
1.9409675211e-01 2.3357214691e-05 5.6188036756e-20
2.1521937781e-01 2.3357214691e-05 5.8797205075e-21
2.3864067833e-01 2.3357214691e-05 1.9965153384e-22
2.6461080752e-01 2.3357214691e-05 1.2216466817e-24
2.9340714225e-01 2.3357214691e-05 5.3995872371e-28
3.2533724503e-01 2.3357214691e-05 4.4639176975e-33
3.6074214893e-01 2.3357214691e-05 9.3260875532e-41
4.0000000000e-01 2.3357214691e-05 2.0642236114e-52
2.0000000000e-02 4.2813323987e-05 1.4024365999e-21
2.2176504808e-02 4.2813323987e-05 2.6239725489e-21
2.4589868274e-02 4.2813323987e-05 4.8855482766e-21
2.7265866600e-02 4.2813323987e-05 8.9506051608e-21
3.0233081086e-02 4.2813323987e-05 1.6286649320e-20
3.3523203403e-02 4.2813323987e-05 2.9460897011e-20
3.7171374071e-02 4.2813323987e-05 5.3449926956e-20
4.1216557790e-02 4.2813323987e-05 9.4760287047e-20
4.5701959599e-02 4.2813323987e-05 1.6660799833e-19
5.0675486338e-02 4.2813323987e-05 2.8925740451e-19
5.6190258320e-02 4.2813323987e-05 5.0203703122e-19
6.2305176688e-02 4.2813323987e-05 8.4959921372e-19
6.9085552518e-02 4.2813323987e-05 1.3904576653e-18
7.6603804377e-02 4.2813323987e-05 2.1782535342e-18
8.4940231802e-02 4.2813323987e-05 3.2258080324e-18
9.4183872945e-02 4.2813323987e-05 4.4438079514e-18
1.0443345556e-01 4.2813323987e-05 5.5660960904e-18
1.1579845146e-01 4.2813323987e-05 6.1365787084e-18
1.2840024578e-01 4.2813323987e-05 5.6989564055e-18
1.4237343339e-01 4.2813323987e-05 4.2099263016e-18
1.5786725650e-01 4.2813323987e-05 2.3045903602e-18
1.7504719864e-01 4.2813323987e-05 8.5536209793e-19
1.9409675211e-01 4.2813323987e-05 1.8878159336e-19
2.1521937781e-01 4.2813323987e-05 1.9754792479e-20
2.3864067833e-01 4.2813323987e-05 6.7079287429e-22
2.6461080752e-01 4.2813323987e-05 4.1045108606e-24
2.9340714225e-01 4.2813323987e-05 1.8141631938e-27
3.2533724503e-01 4.2813323987e-05 1.4997952308e-32
3.6074214893e-01 4.2813323987e-05 3.1333959501e-40
4.0000000000e-01 4.2813323987e-05 6.9354162365e-52
2.0000000000e-02 7.8475997035e-05 4.7119321336e-21
2.2176504808e-02 7.8475997035e-05 8.8160709526e-21
2.4589868274e-02 7.8475997035e-05 1.6414554438e-20
2.7265866600e-02 7.8475997035e-05 3.0072406893e-20
3.0233081086e-02 7.8475997035e-05 5.4720182208e-20
3.3523203403e-02 7.8475997035e-05 9.8983260508e-20
3.7171374071e-02 7.8475997035e-05 1.7958204199e-19
4.1216557790e-02 7.8475997035e-05 3.1837734523e-19
4.5701959599e-02 7.8475997035e-05 5.5977259944e-19
5.0675486338e-02 7.8475997035e-05 9.7185231711e-19
5.6190258320e-02 7.8475997035e-05 1.6867531979e-18
6.2305176688e-02 7.8475997035e-05 2.8544989743e-18
6.9085552518e-02 7.8475997035e-05 4.6716850901e-18
7.6603804377e-02 7.8475997035e-05 7.3185360565e-18
8.4940231802e-02 7.8475997035e-05 1.0838128815e-17
9.4183872945e-02 7.8475997035e-05 1.4930387216e-17
1.0443345556e-01 7.8475997035e-05 1.8701071428e-17
1.1579845146e-01 7.8475997035e-05 2.0617789360e-17
1.2840024578e-01 7.8475997035e-05 1.9147457944e-17
1.4237343339e-01 7.8475997035e-05 1.4144587372e-17
1.5786725650e-01 7.8475997035e-05 7.7430048347e-18
1.7504719864e-01 7.8475997035e-05 2.8738612180e-18
1.9409675211e-01 7.8475997035e-05 6.3427184950e-19
2.1521937781e-01 7.8475997035e-05 6.6372513013e-20
2.3864067833e-01 7.8475997035e-05 2.2537421654e-21
2.6461080752e-01 7.8475997035e-05 1.3790410646e-23
2.9340714225e-01 7.8475997035e-05 6.0952586727e-27
3.2533724503e-01 7.8475997035e-05 5.0390394423e-32
3.6074214893e-01 7.8475997035e-05 1.0527641011e-39
4.0000000000e-01 7.8475997035e-05 2.3301738294e-51
2.0000000000e-02 1.4384498883e-04 1.5831235746e-20
2.2176504808e-02 1.4384498883e-04 2.9620396400e-20
2.4589868274e-02 1.4384498883e-04 5.5149920163e-20
2.7265866600e-02 1.4384498883e-04 1.0103782259e-19
3.0233081086e-02 1.4384498883e-04 1.8384986881e-19
3.3523203403e-02 1.4384498883e-04 3.3256576869e-19
3.7171374071e-02 1.4384498883e-04 6.0336302856e-19
4.1216557790e-02 1.4384498883e-04 1.0696900265e-18
4.5701959599e-02 1.4384498883e-04 1.8807342157e-18
5.0675486338e-02 1.4384498883e-04 3.2652471866e-18
5.6190258320e-02 1.4384498883e-04 5.6671842387e-18
6.2305176688e-02 1.4384498883e-04 9.5905978519e-18
6.9085552518e-02 1.4384498883e-04 1.5696012994e-17
7.6603804377e-02 1.4384498883e-04 2.4588951271e-17
8.4940231802e-02 1.4384498883e-04 3.6414143383e-17
9.4183872945e-02 1.4384498883e-04 5.0163387989e-17
1.0443345556e-01 1.4384498883e-04 6.2832201756e-17
1.1579845146e-01 1.4384498883e-04 6.9272025714e-17
1.2840024578e-01 1.4384498883e-04 6.4331979336e-17
1.4237343339e-01 1.4384498883e-04 4.7523243304e-17
1.5786725650e-01 1.4384498883e-04 2.6015089234e-17
1.7504719864e-01 1.4384498883e-04 9.6556514725e-18
1.9409675211e-01 1.4384498883e-04 2.1310381584e-18
2.1521937781e-01 1.4384498883e-04 2.2299958293e-19
2.3864067833e-01 1.4384498883e-04 7.5721641397e-21
2.6461080752e-01 1.4384498883e-04 4.6333273863e-23
2.9340714225e-01 1.4384498883e-04 2.0478961548e-26
3.2533724503e-01 1.4384498883e-04 1.6930256863e-31
3.6074214893e-01 1.4384498883e-04 3.5370960781e-39
4.0000000000e-01 1.4384498883e-04 7.8289606424e-51
2.0000000000e-02 2.6366508987e-04 5.3190075355e-20
2.2176504808e-02 2.6366508987e-04 9.9519149470e-20
2.4589868274e-02 2.6366508987e-04 1.8529371025e-19
2.7265866600e-02 2.6366508987e-04 3.3946872394e-19
3.0233081086e-02 2.6366508987e-04 6.1770215117e-19
3.3523203403e-02 2.6366508987e-04 1.1173605510e-18
3.7171374071e-02 2.6366508987e-04 2.0271901366e-18
4.1216557790e-02 2.6366508987e-04 3.5939641115e-18
4.5701959599e-02 2.6366508987e-04 6.3189252097e-18
5.0675486338e-02 2.6366508987e-04 1.0970637207e-17
5.6190258320e-02 2.6366508987e-04 1.9040709237e-17
6.2305176688e-02 2.6366508987e-04 3.2222666039e-17
6.9085552518e-02 2.6366508987e-04 5.2735751478e-17
7.6603804377e-02 2.6366508987e-04 8.2614408122e-17
8.4940231802e-02 2.6366508987e-04 1.2234490482e-16
9.4183872945e-02 2.6366508987e-04 1.6853986827e-16
1.0443345556e-01 2.6366508987e-04 2.1110478043e-16
1.1579845146e-01 2.6366508987e-04 2.3274141872e-16
1.2840024578e-01 2.6366508987e-04 2.1614376056e-16
1.4237343339e-01 2.6366508987e-04 1.5966946188e-16
1.5786725650e-01 2.6366508987e-04 8.7405972529e-17
1.7504719864e-01 2.6366508987e-04 3.2441234383e-17
1.9409675211e-01 2.6366508987e-04 7.1599009734e-18
2.1521937781e-01 2.6366508987e-04 7.4923807656e-19
2.3864067833e-01 2.6366508987e-04 2.5441095543e-20
2.6461080752e-01 2.6366508987e-04 1.5567138079e-22
2.9340714225e-01 2.6366508987e-04 6.8805589493e-26
3.2533724503e-01 2.6366508987e-04 5.6882586601e-31
3.6074214893e-01 2.6366508987e-04 1.1884000083e-38
4.0000000000e-01 2.6366508987e-04 2.6303885129e-50
2.0000000000e-02 4.8329302386e-04 1.7870898783e-19
2.2176504808e-02 4.8329302386e-04 3.3436625823e-19
2.4589868274e-02 4.8329302386e-04 6.2255319603e-19
2.7265866600e-02 4.8329302386e-04 1.1405532263e-18
3.0233081086e-02 4.8329302386e-04 2.0753669830e-18
3.3523203403e-02 4.8329302386e-04 3.7541284118e-18
3.7171374071e-02 4.8329302386e-04 6.8109904907e-18
4.1216557790e-02 4.8329302386e-04 1.2075066342e-17
4.5701959599e-02 4.8329302386e-04 2.1230440469e-17
5.0675486338e-02 4.8329302386e-04 3.6859347500e-17
5.6190258320e-02 4.8329302386e-04 6.3973323078e-17
6.2305176688e-02 4.8329302386e-04 1.0826230259e-16
6.9085552518e-02 4.8329302386e-04 1.7718254216e-16
7.6603804377e-02 4.8329302386e-04 2.7756939912e-16
8.4940231802e-02 4.8329302386e-04 4.1105664844e-16
9.4183872945e-02 4.8329302386e-04 5.6626333138e-16
1.0443345556e-01 4.8329302386e-04 7.0927370160e-16
1.1579845146e-01 4.8329302386e-04 7.8196887459e-16
1.2840024578e-01 4.8329302386e-04 7.2620375921e-16
1.4237343339e-01 4.8329302386e-04 5.3646037777e-16
1.5786725650e-01 4.8329302386e-04 2.9366818483e-16
1.7504719864e-01 4.8329302386e-04 1.0899665251e-16
1.9409675211e-01 4.8329302386e-04 2.4055966219e-17
2.1521937781e-01 4.8329302386e-04 2.5173037904e-18
2.3864067833e-01 4.8329302386e-04 8.5477458030e-20
2.6461080752e-01 4.8329302386e-04 5.2302755183e-22
2.9340714225e-01 4.8329302386e-04 2.3117427778e-25
3.2533724503e-01 4.8329302386e-04 1.9111515463e-30
3.6074214893e-01 4.8329302386e-04 3.9928080795e-38
4.0000000000e-01 4.8329302386e-04 8.8376274256e-50
2.0000000000e-02 8.8586679041e-04 6.0042972522e-19
2.2176504808e-02 8.8586679041e-04 1.1234098687e-18
2.4589868274e-02 8.8586679041e-04 2.0916656122e-18
2.7265866600e-02 8.8586679041e-04 3.8320515863e-18
3.0233081086e-02 8.8586679041e-04 6.9728559401e-18
3.3523203403e-02 8.8586679041e-04 1.2613189287e-17
3.7171374071e-02 8.8586679041e-04 2.2883690399e-17
4.1216557790e-02 8.8586679041e-04 4.0570028705e-17
4.5701959599e-02 8.8586679041e-04 7.1330422114e-17
5.0675486338e-02 8.8586679041e-04 1.2384070975e-16
5.6190258320e-02 8.8586679041e-04 2.1493874071e-16
6.2305176688e-02 8.8586679041e-04 3.6374166396e-16
6.9085552518e-02 8.8586679041e-04 5.9530114514e-16
7.6603804377e-02 8.8586679041e-04 9.3258274287e-16
8.4940231802e-02 8.8586679041e-04 1.3810756441e-15
9.4183872945e-02 8.8586679041e-04 1.9025418956e-15
1.0443345556e-01 8.8586679041e-04 2.3830307526e-15
1.1579845146e-01 8.8586679041e-04 2.6272733242e-15
1.2840024578e-01 8.8586679041e-04 2.4399126698e-15
1.4237343339e-01 8.8586679041e-04 1.8024093871e-15
1.5786725650e-01 8.8586679041e-04 9.8667173750e-16
1.7504719864e-01 8.8586679041e-04 3.6620894625e-16
1.9409675211e-01 8.8586679041e-04 8.0823675195e-17
2.1521937781e-01 8.8586679041e-04 8.4576833071e-18
2.3864067833e-01 8.8586679041e-04 2.8718872655e-19
2.6461080752e-01 8.8586679041e-04 1.7572775329e-21
2.9340714225e-01 8.8586679041e-04 7.7670356580e-25
3.2533724503e-01 8.8586679041e-04 6.4211219133e-30
3.6074214893e-01 8.8586679041e-04 1.3415109599e-37
4.0000000000e-01 8.8586679041e-04 2.9692822232e-49
2.0000000000e-02 1.6237767392e-03 2.0173347704e-18
2.2176504808e-02 1.6237767392e-03 3.7744530199e-18
2.4589868274e-02 1.6237767392e-03 7.0276163727e-18
2.7265866600e-02 1.6237767392e-03 1.2874996994e-17
3.0233081086e-02 1.6237767392e-03 2.3427528895e-17
3.3523203403e-02 1.6237767392e-03 4.2378024014e-17
3.7171374071e-02 1.6237767392e-03 7.6885041459e-17
4.1216557790e-02 1.6237767392e-03 1.3630792432e-16
4.5701959599e-02 1.6237767392e-03 2.3965725659e-16
5.0675486338e-02 1.6237767392e-03 4.1608228120e-16
5.6190258320e-02 1.6237767392e-03 7.2215511147e-16
6.2305176688e-02 1.6237767392e-03 1.2221058941e-15
6.9085552518e-02 1.6237767392e-03 2.0001036733e-15
7.6603804377e-02 1.6237767392e-03 3.1333085530e-15
8.4940231802e-02 1.6237767392e-03 4.6401632039e-15
9.4183872945e-02 1.6237767392e-03 6.3921950513e-15
1.0443345556e-01 1.6237767392e-03 8.0065502994e-15
1.1579845146e-01 1.6237767392e-03 8.8271609576e-15
1.2840024578e-01 1.6237767392e-03 8.1976632048e-15
1.4237343339e-01 1.6237767392e-03 6.0557680182e-15
1.5786725650e-01 1.6237767392e-03 3.3150377462e-15
1.7504719864e-01 1.6237767392e-03 1.2303955142e-15
1.9409675211e-01 1.6237767392e-03 2.7155286189e-16
2.1521937781e-01 1.6237767392e-03 2.8416279035e-17
2.3864067833e-01 1.6237767392e-03 9.6490193509e-19
2.6461080752e-01 1.6237767392e-03 5.9041331890e-21
2.9340714225e-01 1.6237767392e-03 2.6095828434e-24
3.2533724503e-01 1.6237767392e-03 2.1573802823e-29
3.6074214893e-01 1.6237767392e-03 4.5072330543e-37
4.0000000000e-01 1.6237767392e-03 9.9762487106e-49
2.0000000000e-02 2.9763514416e-03 6.7778782512e-18
2.2176504808e-02 2.9763514416e-03 1.2681476277e-17
2.4589868274e-02 2.9763514416e-03 2.3611513998e-17
2.7265866600e-02 2.9763514416e-03 4.3257650335e-17
3.0233081086e-02 2.9763514416e-03 7.8712239985e-17
3.3523203403e-02 2.9763514416e-03 1.4238246002e-16
3.7171374071e-02 2.9763514416e-03 2.5831976823e-16
4.1216557790e-02 2.9763514416e-03 4.5796985669e-16
4.5701959599e-02 2.9763514416e-03 8.0520483312e-16
5.0675486338e-02 2.9763514416e-03 1.3979608570e-15
5.6190258320e-02 2.9763514416e-03 2.4263099491e-15
6.2305176688e-02 2.9763514416e-03 4.1060537306e-15
6.9085552518e-02 2.9763514416e-03 6.7199848960e-15
7.6603804377e-02 2.9763514416e-03 1.0527347373e-14
8.4940231802e-02 2.9763514416e-03 1.5590105184e-14
9.4183872945e-02 2.9763514416e-03 2.1476613823e-14
1.0443345556e-01 2.9763514416e-03 2.6900554106e-14
1.1579845146e-01 2.9763514416e-03 2.9657656801e-14
1.2840024578e-01 2.9763514416e-03 2.7542658740e-14
1.4237343339e-01 2.9763514416e-03 2.0346280125e-14
1.5786725650e-01 2.9763514416e-03 1.1137924439e-14
1.7504719864e-01 2.9763514416e-03 4.1339053480e-15
1.9409675211e-01 2.9763514416e-03 9.1236827106e-16
2.1521937781e-01 2.9763514416e-03 9.5473533929e-17
2.3864067833e-01 2.9763514416e-03 3.2418951660e-18
2.6461080752e-01 2.9763514416e-03 1.9836814653e-20
2.9340714225e-01 2.9763514416e-03 8.7677241568e-24
3.2533724503e-01 2.9763514416e-03 7.2484057228e-29
3.6074214893e-01 2.9763514416e-03 1.5143484036e-36
4.0000000000e-01 2.9763514416e-03 3.3518382846e-48
2.0000000000e-02 5.4555947812e-03 2.2772439291e-17
2.2176504808e-02 5.4555947812e-03 4.2607455892e-17
2.4589868274e-02 5.4555947812e-03 7.9330396497e-17
2.7265866600e-02 5.4555947812e-03 1.4533784462e-16
3.0233081086e-02 5.4555947812e-03 2.6445882326e-16
3.3523203403e-02 5.4555947812e-03 4.7837919282e-16
3.7171374071e-02 5.4555947812e-03 8.6790748102e-16
4.1216557790e-02 5.4555947812e-03 1.5386954991e-15
4.5701959599e-02 5.4555947812e-03 2.7053419225e-15
5.0675486338e-02 5.4555947812e-03 4.6968944508e-15
5.6190258320e-02 5.4555947812e-03 8.1519605351e-15
6.2305176688e-02 5.4555947812e-03 1.3795594409e-14
6.9085552518e-02 5.4555947812e-03 2.2577928137e-14
7.6603804377e-02 5.4555947812e-03 3.5369974209e-14
8.4940231802e-02 5.4555947812e-03 5.2379920482e-14
9.4183872945e-02 5.4555947812e-03 7.2157519849e-14
1.0443345556e-01 5.4555947812e-03 9.0380973596e-14
1.1579845146e-01 5.4555947812e-03 9.9644337649e-14
1.2840024578e-01 5.4555947812e-03 9.2538328489e-14
1.4237343339e-01 5.4555947812e-03 6.8359804022e-14
1.5786725650e-01 5.4555947812e-03 3.7421402203e-14
1.7504719864e-01 5.4555947812e-03 1.3889170782e-14
1.9409675211e-01 5.4555947812e-03 3.0653916009e-15
2.1521937781e-01 5.4555947812e-03 3.2077372515e-16
2.3864067833e-01 5.4555947812e-03 1.0892178661e-17
2.6461080752e-01 5.4555947812e-03 6.6648092612e-20
2.9340714225e-01 5.4555947812e-03 2.9457959951e-23
3.2533724503e-01 5.4555947812e-03 2.4353326094e-28
3.6074214893e-01 5.4555947812e-03 5.0879354584e-36
4.0000000000e-01 5.4555947812e-03 1.1261567561e-47
2.0000000000e-02 1.0000000000e-02 7.6511257952e-17
2.2176504808e-02 1.0000000000e-02 1.4315330944e-16
2.4589868274e-02 1.0000000000e-02 2.6653571681e-16
2.7265866600e-02 1.0000000000e-02 4.8830874804e-16
3.0233081086e-02 1.0000000000e-02 8.8853359034e-16
3.3523203403e-02 1.0000000000e-02 1.6072671598e-15
3.7171374071e-02 1.0000000000e-02 2.9160114255e-15
4.1216557790e-02 1.0000000000e-02 5.1697372748e-15
4.5701959599e-02 1.0000000000e-02 9.0894572620e-15
5.0675486338e-02 1.0000000000e-02 1.5780711865e-14
5.6190258320e-02 1.0000000000e-02 2.7389106075e-14
6.2305176688e-02 1.0000000000e-02 4.6350690364e-14
6.9085552518e-02 1.0000000000e-02 7.5857735822e-14
7.6603804377e-02 1.0000000000e-02 1.1883668613e-13
8.4940231802e-02 1.0000000000e-02 1.7598701467e-13
9.4183872945e-02 1.0000000000e-02 2.4243615468e-13
1.0443345556e-01 1.0000000000e-02 3.0366364782e-13
1.1579845146e-01 1.0000000000e-02 3.3478686776e-13
1.2840024578e-01 1.0000000000e-02 3.1091196824e-13
1.4237343339e-01 1.0000000000e-02 2.2967651960e-13
1.5786725650e-01 1.0000000000e-02 1.2572911142e-13
1.7504719864e-01 1.0000000000e-02 4.6665089975e-14
1.9409675211e-01 1.0000000000e-02 1.0299158755e-14
2.1521937781e-01 1.0000000000e-02 1.0777414275e-15
2.3864067833e-01 1.0000000000e-02 3.6595741042e-17
2.6461080752e-01 1.0000000000e-02 2.2392548031e-19
2.9340714225e-01 1.0000000000e-02 9.8973392520e-23
3.2533724503e-01 1.0000000000e-02 8.1822750342e-28
3.6074214893e-01 1.0000000000e-02 1.7094538592e-35
4.0000000000e-01 1.0000000000e-02 3.7836820625e-47
