2.0000000000e-02 1.0000000000e-07 1.1940055839e-38
2.2176504808e-02 1.0000000000e-07 3.4909856057e-38
2.4589868274e-02 1.0000000000e-07 9.3187285074e-38
2.7265866600e-02 1.0000000000e-07 2.4810142048e-37
3.0233081086e-02 1.0000000000e-07 8.2928525166e-37
3.3523203403e-02 1.0000000000e-07 2.6562936642e-36
3.7171374071e-02 1.0000000000e-07 6.8899250844e-36
4.1216557790e-02 1.0000000000e-07 1.7814608888e-35
4.5701959599e-02 1.0000000000e-07 8.3859544928e-35
5.0675486338e-02 1.0000000000e-07 6.4408408625e-34
5.6190258320e-02 1.0000000000e-07 1.4634249865e-33
6.2305176688e-02 1.0000000000e-07 3.2855370127e-33
6.9085552518e-02 1.0000000000e-07 7.2647301027e-33
7.6603804377e-02 1.0000000000e-07 1.5766767759e-32
8.4940231802e-02 1.0000000000e-07 3.3494442200e-32
9.4183872945e-02 1.0000000000e-07 6.9388373423e-32
1.0443345556e-01 1.0000000000e-07 1.4112932403e-31
1.1579845146e-01 1.0000000000e-07 2.8221856007e-31
1.2840024578e-01 1.0000000000e-07 5.5944870688e-31
1.4237343339e-01 1.0000000000e-07 1.0975620645e-30
1.5786725650e-01 1.0000000000e-07 2.1420873898e-30
1.7504719864e-01 1.0000000000e-07 4.1252650338e-30
1.9409675211e-01 1.0000000000e-07 7.7286164316e-30
2.1521937781e-01 1.0000000000e-07 1.3875975190e-29
2.3864067833e-01 1.0000000000e-07 2.3529909732e-29
2.6461080752e-01 1.0000000000e-07 3.7177090871e-29
2.9340714225e-01 1.0000000000e-07 5.3876346871e-29
3.2533724503e-01 1.0000000000e-07 6.9757412122e-29
3.6074214893e-01 1.0000000000e-07 7.6350789669e-29
4.0000000000e-01 1.0000000000e-07 6.2472354228e-29
2.0000000000e-02 1.8329807108e-07 4.0116417945e-38
2.2176504808e-02 1.8329807108e-07 1.1729077275e-37
2.4589868274e-02 1.8329807108e-07 3.1309234444e-37
2.7265866600e-02 1.8329807108e-07 8.3357568940e-37
3.0233081086e-02 1.8329807108e-07 2.7862477531e-36
3.3523203403e-02 1.8329807108e-07 8.9246640266e-36
3.7171374071e-02 1.8329807108e-07 2.3148896290e-35
4.1216557790e-02 1.8329807108e-07 5.9853848705e-35
4.5701959599e-02 1.8329807108e-07 2.8175283253e-34
5.0675486338e-02 1.8329807108e-07 2.1640054909e-33
5.6190258320e-02 1.8329807108e-07 4.9168420303e-33
6.2305176688e-02 1.8329807108e-07 1.1038807336e-32
6.9085552518e-02 1.8329807108e-07 2.4408173044e-32
7.6603804377e-02 1.8329807108e-07 5.2973474633e-32
8.4940231802e-02 1.8329807108e-07 1.1253523939e-31
9.4183872945e-02 1.8329807108e-07 2.3313232588e-31
1.0443345556e-01 1.8329807108e-07 4.7416888361e-31
1.1579845146e-01 1.8329807108e-07 9.4820307887e-31
1.2840024578e-01 1.8329807108e-07 1.8796459956e-30
1.4237343339e-01 1.8329807108e-07 3.6876090946e-30
1.5786725650e-01 1.8329807108e-07 7.1970243830e-30
1.7504719864e-01 1.8329807108e-07 1.3860140896e-29
1.9409675211e-01 1.8329807108e-07 2.5966746815e-29
2.1521937781e-01 1.8329807108e-07 4.6620755184e-29
2.3864067833e-01 1.8329807108e-07 7.9056220993e-29
2.6461080752e-01 1.8329807108e-07 1.2490826974e-28
2.9340714225e-01 1.8329807108e-07 1.8101473541e-28
3.2533724503e-01 1.8329807108e-07 2.3437222885e-28
3.6074214893e-01 1.8329807108e-07 2.5652477930e-28
4.0000000000e-01 1.8329807108e-07 2.0989575812e-28
2.0000000000e-02 3.3598182863e-07 1.3478387459e-37
2.2176504808e-02 3.3598182863e-07 3.9407568310e-37
2.4589868274e-02 3.3598182863e-07 1.0519333841e-36
2.7265866600e-02 3.3598182863e-07 2.8006628442e-36
3.0233081086e-02 3.3598182863e-07 9.3612861509e-36
3.3523203403e-02 3.3598182863e-07 2.9985249395e-35
3.7171374071e-02 3.3598182863e-07 7.7776085061e-35
4.1216557790e-02 3.3598182863e-07 2.0109805538e-34
4.5701959599e-02 3.3598182863e-07 9.4663831894e-34
5.0675486338e-02 3.3598182863e-07 7.2706652199e-33
5.6190258320e-02 3.3598182863e-07 1.6519695764e-32
6.2305176688e-02 3.3598182863e-07 3.7088386745e-32
6.9085552518e-02 3.3598182863e-07 8.2007026128e-32
7.6603804377e-02 3.3598182863e-07 1.7798124876e-31
8.4940231802e-02 3.3598182863e-07 3.7809795516e-31
9.4183872945e-02 3.3598182863e-07 7.8328225162e-31
1.0443345556e-01 3.3598182863e-07 1.5931212859e-30
1.1579845146e-01 3.3598182863e-07 3.1857900435e-30
1.2840024578e-01 3.3598182863e-07 6.3152689878e-30
1.4237343339e-01 3.3598182863e-07 1.2389696469e-29
1.5786725650e-01 3.3598182863e-07 2.4180694129e-29
1.7504719864e-01 3.3598182863e-07 4.6567554834e-29
1.9409675211e-01 3.3598182863e-07 8.7243550783e-29
2.1521937781e-01 3.3598182863e-07 1.5663726579e-28
2.3864067833e-01 3.3598182863e-07 2.6561453694e-28
2.6461080752e-01 3.3598182863e-07 4.1966908878e-28
2.9340714225e-01 3.3598182863e-07 6.0817661813e-28
3.2533724503e-01 3.3598182863e-07 7.8744810029e-28
3.6074214893e-01 3.3598182863e-07 8.6187664439e-28
4.0000000000e-01 3.3598182863e-07 7.0521160635e-28
2.0000000000e-02 6.1584821107e-07 4.5284932656e-37
2.2176504808e-02 6.1584821107e-07 1.3240226863e-36
2.4589868274e-02 6.1584821107e-07 3.5343050200e-36
2.7265866600e-02 6.1584821107e-07 9.4097182378e-36
3.0233081086e-02 6.1584821107e-07 3.1452220393e-35
3.3523203403e-02 6.1584821107e-07 1.0074498924e-34
3.7171374071e-02 6.1584821107e-07 2.6131351282e-34
4.1216557790e-02 6.1584821107e-07 6.7565292381e-34
4.5701959599e-02 6.1584821107e-07 3.1805327345e-33
5.0675486338e-02 6.1584821107e-07 2.4428113959e-32
5.6190258320e-02 6.1584821107e-07 5.5503175912e-32
6.2305176688e-02 6.1584821107e-07 1.2461023999e-31
6.9085552518e-02 6.1584821107e-07 2.7552870599e-31
7.6603804377e-02 6.1584821107e-07 5.9798465420e-31
8.4940231802e-02 6.1584821107e-07 1.2703404238e-30
9.4183872945e-02 6.1584821107e-07 2.6316860323e-30
1.0443345556e-01 6.1584821107e-07 5.3525980288e-30
1.1579845146e-01 6.1584821107e-07 1.0703675644e-29
1.2840024578e-01 6.1584821107e-07 2.1218156228e-29
1.4237343339e-01 6.1584821107e-07 4.1627128757e-29
1.5786725650e-01 6.1584821107e-07 8.1242738309e-29
1.7504719864e-01 6.1584821107e-07 1.5645852228e-28
1.9409675211e-01 6.1584821107e-07 2.9312247728e-28
2.1521937781e-01 6.1584821107e-07 5.2627274990e-28
2.3864067833e-01 6.1584821107e-07 8.9241657830e-28
2.6461080752e-01 6.1584821107e-07 1.4100118787e-27
2.9340714225e-01 6.1584821107e-07 2.0433629229e-27
3.2533724503e-01 6.1584821107e-07 2.6456825269e-27
3.6074214893e-01 6.1584821107e-07 2.8957489103e-27
4.0000000000e-01 6.1584821107e-07 2.3693828507e-27
2.0000000000e-02 1.1288378917e-06 1.5214914483e-36
2.2176504808e-02 1.1288378917e-06 4.4484756327e-36
2.4589868274e-02 1.1288378917e-06 1.1874622636e-35
2.7265866600e-02 1.1288378917e-06 3.1614943404e-35
3.0233081086e-02 1.1288378917e-06 1.0567374522e-34
3.3523203403e-02 1.1288378917e-06 3.3848485709e-34
3.7171374071e-02 1.1288378917e-06 8.7796591884e-34
4.1216557790e-02 1.1288378917e-06 2.2700710486e-33
4.5701959599e-02 1.1288378917e-06 1.0686012041e-32
5.0675486338e-02 1.1288378917e-06 8.2074023979e-32
5.6190258320e-02 1.1288378917e-06 1.8648058538e-31
6.2305176688e-02 1.1288378917e-06 4.1866776299e-31
6.9085552518e-02 1.1288378917e-06 9.2572638477e-31
7.6603804377e-02 1.1288378917e-06 2.0091197761e-30
8.4940231802e-02 1.1288378917e-06 4.2681129855e-30
9.4183872945e-02 1.1288378917e-06 8.8419868551e-30
1.0443345556e-01 1.1288378917e-06 1.7983756736e-29
1.1579845146e-01 1.1288378917e-06 3.5962405160e-29
1.2840024578e-01 1.1288378917e-06 7.1289149296e-29
1.4237343339e-01 1.1288378917e-06 1.3985958840e-28
1.5786725650e-01 1.1288378917e-06 2.7296083780e-28
1.7504719864e-01 1.1288378917e-06 5.2567220420e-28
1.9409675211e-01 1.1288378917e-06 9.8483825929e-28
2.1521937781e-01 1.1288378917e-06 1.7681808087e-27
2.3864067833e-01 1.1288378917e-06 2.9983575387e-27
2.6461080752e-01 1.1288378917e-06 4.7373836938e-27
2.9340714225e-01 1.1288378917e-06 6.8653281139e-27
3.2533724503e-01 1.1288378917e-06 8.8890125335e-27
3.6074214893e-01 1.1288378917e-06 9.7291901414e-27
4.0000000000e-01 1.1288378917e-06 7.9606958291e-27
2.0000000000e-02 2.0691380811e-06 5.1119347904e-36
2.2176504808e-02 2.0691380811e-06 1.4946069777e-35
2.4589868274e-02 2.0691380811e-06 3.9896574274e-35
2.7265866600e-02 2.0691380811e-06 1.0622046497e-34
3.0233081086e-02 2.0691380811e-06 3.5504458157e-34
3.3523203403e-02 2.0691380811e-06 1.1372476125e-33
3.7171374071e-02 2.0691380811e-06 2.9498059488e-33
4.1216557790e-02 2.0691380811e-06 7.6270262202e-33
4.5701959599e-02 2.0691380811e-06 3.5903058664e-32
5.0675486338e-02 2.0691380811e-06 2.7575380659e-31
5.6190258320e-02 2.0691380811e-06 6.2654088079e-31
6.2305176688e-02 2.0691380811e-06 1.4066476060e-30
6.9085552518e-02 2.0691380811e-06 3.1102724357e-30
7.6603804377e-02 2.0691380811e-06 6.7502773631e-30
8.4940231802e-02 2.0691380811e-06 1.4340084057e-29
9.4183872945e-02 2.0691380811e-06 2.9707469123e-29
1.0443345556e-01 2.0691380811e-06 6.0422154738e-29
1.1579845146e-01 2.0691380811e-06 1.2082714648e-28
1.2840024578e-01 2.0691380811e-06 2.3951858742e-28
1.4237343339e-01 2.0691380811e-06 4.6990280263e-28
1.5786725650e-01 2.0691380811e-06 9.1709881428e-28
1.7504719864e-01 2.0691380811e-06 1.7661630843e-27
1.9409675211e-01 2.0691380811e-06 3.3088775926e-27
2.1521937781e-01 2.0691380811e-06 5.9407662145e-27
2.3864067833e-01 2.0691380811e-06 1.0073936487e-26
2.6461080752e-01 2.0691380811e-06 1.5916748364e-26
2.9340714225e-01 2.0691380811e-06 2.3066254938e-26
3.2533724503e-01 2.0691380811e-06 2.9865466857e-26
3.6074214893e-01 2.0691380811e-06 3.2688310948e-26
4.0000000000e-01 2.0691380811e-06 2.6746491418e-26
2.0000000000e-02 3.7926901907e-06 1.7175171987e-35
2.2176504808e-02 3.7926901907e-06 5.0216078545e-35
2.4589868274e-02 3.7926901907e-06 1.3404523980e-34
2.7265866600e-02 3.7926901907e-06 3.5688146058e-34
3.0233081086e-02 3.7926901907e-06 1.1928852776e-33
3.3523203403e-02 3.7926901907e-06 3.8209453245e-33
3.7171374071e-02 3.7926901907e-06 9.9108119679e-33
4.1216557790e-02 3.7926901907e-06 2.5625422165e-32
4.5701959599e-02 3.7926901907e-06 1.2062775303e-31
5.0675486338e-02 3.7926901907e-06 9.2648268191e-31
5.6190258320e-02 3.7926901907e-06 2.1050635084e-30
6.2305176688e-02 3.7926901907e-06 4.7260803489e-30
6.9085552518e-02 3.7926901907e-06 1.0449950205e-29
7.6603804377e-02 3.7926901907e-06 2.2679705322e-29
8.4940231802e-02 3.7926901907e-06 4.8180076641e-29
9.4183872945e-02 3.7926901907e-06 9.9811697999e-29
1.0443345556e-01 3.7926901907e-06 2.0300746039e-28
1.1579845146e-01 3.7926901907e-06 4.0595725621e-28
1.2840024578e-01 3.7926901907e-06 8.0473892991e-28
1.4237343339e-01 3.7926901907e-06 1.5787880291e-27
1.5786725650e-01 3.7926901907e-06 3.0812853665e-27
1.7504719864e-01 3.7926901907e-06 5.9339870271e-27
1.9409675211e-01 3.7926901907e-06 1.1117227443e-26
2.1521937781e-01 3.7926901907e-06 1.9959894962e-26
2.3864067833e-01 3.7926901907e-06 3.3846596026e-26
2.6461080752e-01 3.7926901907e-06 5.3477382210e-26
2.9340714225e-01 3.7926901907e-06 7.7498425138e-26
3.2533724503e-01 3.7926901907e-06 1.0034254167e-25
3.6074214893e-01 3.7926901907e-06 1.0982678487e-25
4.0000000000e-01 3.7926901907e-06 8.9863350960e-26
2.0000000000e-02 6.9519279618e-06 5.7705456912e-35
2.2176504808e-02 6.9519279618e-06 1.6871689896e-34
2.4589868274e-02 6.9519279618e-06 4.5036764789e-34
2.7265866600e-02 6.9519279618e-06 1.1990568573e-33
3.0233081086e-02 6.9519279618e-06 4.0078777691e-33
3.3523203403e-02 6.9519279618e-06 1.2837681972e-32
3.7171374071e-02 6.9519279618e-06 3.3298527282e-32
4.1216557790e-02 6.9519279618e-06 8.6096761983e-32
4.5701959599e-02 6.9519279618e-06 4.0528733048e-31
5.0675486338e-02 6.9519279618e-06 3.1128134566e-30
5.6190258320e-02 6.9519279618e-06 7.0726308692e-30
6.2305176688e-02 6.9519279618e-06 1.5878771179e-29
6.9085552518e-02 6.9519279618e-06 3.5109933788e-29
7.6603804377e-02 6.9519279618e-06 7.6199688669e-29
8.4940231802e-02 6.9519279618e-06 1.6187630253e-28
9.4183872945e-02 6.9519279618e-06 3.3534916812e-28
1.0443345556e-01 6.9519279618e-06 6.8206817766e-28
1.1579845146e-01 6.9519279618e-06 1.3639426129e-27
1.2840024578e-01 6.9519279618e-06 2.7037765724e-27
1.4237343339e-01 6.9519279618e-06 5.3044408902e-27
1.5786725650e-01 6.9519279618e-06 1.0352558920e-26
1.7504719864e-01 6.9519279618e-06 1.9937118124e-26
1.9409675211e-01 6.9519279618e-06 3.7351864055e-26
2.1521937781e-01 6.9519279618e-06 6.7061620086e-26
2.3864067833e-01 6.9519279618e-06 1.1371841226e-25
2.6461080752e-01 6.9519279618e-06 1.7967428665e-25
2.9340714225e-01 6.9519279618e-06 2.6038062594e-25
3.2533724503e-01 6.9519279618e-06 3.3713270641e-25
3.6074214893e-01 6.9519279618e-06 3.6899804013e-25
4.0000000000e-01 6.9519279618e-06 3.0192452982e-25
2.0000000000e-02 1.2742749857e-05 1.9387984935e-34
2.2176504808e-02 1.2742749857e-05 5.6685812233e-34
2.4589868274e-02 1.2742749857e-05 1.5131534589e-33
2.7265866600e-02 1.2742749857e-05 4.0286131554e-33
3.0233081086e-02 1.2742749857e-05 1.3465741018e-32
3.3523203403e-02 1.2742749857e-05 4.3132278643e-32
3.7171374071e-02 1.2742749857e-05 1.1187700087e-31
4.1216557790e-02 1.2742749857e-05 2.8926947530e-31
4.5701959599e-02 1.2742749857e-05 1.3616917841e-30
5.0675486338e-02 1.2742749857e-05 1.0458487573e-29
5.6190258320e-02 1.2742749857e-05 2.3762754526e-29
6.2305176688e-02 1.2742749857e-05 5.3349785770e-29
6.9085552518e-02 1.2742749857e-05 1.1796299757e-28
7.6603804377e-02 1.2742749857e-05 2.5601710740e-28
8.4940231802e-02 1.2742749857e-05 5.4387496136e-28
9.4183872945e-02 1.2742749857e-05 1.1267122673e-27
1.0443345556e-01 1.2742749857e-05 2.2916251358e-27
1.1579845146e-01 1.2742749857e-05 4.5825993322e-27
1.2840024578e-01 1.2742749857e-05 9.0841979700e-27
1.4237343339e-01 1.2742749857e-05 1.7821957501e-26
1.5786725650e-01 1.2742749857e-05 3.4782716768e-26
1.7504719864e-01 1.2742749857e-05 6.6985094049e-26
1.9409675211e-01 1.2742749857e-05 1.2549547588e-25
2.1521937781e-01 1.2742749857e-05 2.2531485747e-25
2.3864067833e-01 1.2742749857e-05 3.8207320098e-25
2.6461080752e-01 1.2742749857e-05 6.0367295387e-25
2.9340714225e-01 1.2742749857e-05 8.7483158841e-25
3.2533724503e-01 1.2742749857e-05 1.1327046319e-24
3.6074214893e-01 1.2742749857e-05 1.2397663628e-24
4.0000000000e-01 1.2742749857e-05 1.0144115564e-24
2.0000000000e-02 2.3357214691e-05 6.5140106319e-34
2.2176504808e-02 2.3357214691e-05 1.9045402851e-33
2.4589868274e-02 2.3357214691e-05 5.0839206612e-33
2.7265866600e-02 2.3357214691e-05 1.3535408148e-32
3.0233081086e-02 2.3357214691e-05 4.5242442911e-32
3.3523203403e-02 2.3357214691e-05 1.4491661851e-31
3.7171374071e-02 2.3357214691e-05 3.7588639333e-31
4.1216557790e-02 2.3357214691e-05 9.7189287278e-31
4.5701959599e-02 2.3357214691e-05 4.5750369566e-30
5.0675486338e-02 2.3357214691e-05 3.5138617796e-29
5.6190258320e-02 2.3357214691e-05 7.9838537191e-29
6.2305176688e-02 2.3357214691e-05 1.7924558580e-28
6.9085552518e-02 2.3357214691e-05 3.9633423635e-28
7.6603804377e-02 2.3357214691e-05 8.6017095904e-28
8.4940231802e-02 2.3357214691e-05 1.8273210406e-27
9.4183872945e-02 2.3357214691e-05 3.7855484792e-27
1.0443345556e-01 2.3357214691e-05 7.6994440365e-27
1.1579845146e-01 2.3357214691e-05 1.5396701035e-26
1.2840024578e-01 2.3357214691e-05 3.0521254456e-26
1.4237343339e-01 2.3357214691e-05 5.9878538711e-26
1.5786725650e-01 2.3357214691e-05 1.1686360784e-25
1.7504719864e-01 2.3357214691e-05 2.2505774389e-25
1.9409675211e-01 2.3357214691e-05 4.2164199470e-25
2.1521937781e-01 2.3357214691e-05 7.5701697830e-25
2.3864067833e-01 2.3357214691e-05 1.2836965274e-24
2.6461080752e-01 2.3357214691e-05 2.0282314293e-24
2.9340714225e-01 2.3357214691e-05 2.9392751682e-24
3.2533724503e-01 2.3357214691e-05 3.8056817352e-24
3.6074214893e-01 2.3357214691e-05 4.1653896966e-24
4.0000000000e-01 2.3357214691e-05 3.4082384969e-24
2.0000000000e-02 4.2813323987e-05 2.1885892038e-33
2.2176504808e-02 4.2813323987e-05 6.3989092770e-33
2.4589868274e-02 4.2813323987e-05 1.7081049604e-32
2.7265866600e-02 4.2813323987e-05 4.5476511808e-32
3.0233081086e-02 4.2813323987e-05 1.5200638701e-31
3.3523203403e-02 4.2813323987e-05 4.8689350487e-31
3.7171374071e-02 4.2813323987e-05 1.2629099779e-30
4.1216557790e-02 4.2813323987e-05 3.2653834463e-30
4.5701959599e-02 4.2813323987e-05 1.5371292827e-29
5.0675486338e-02 4.2813323987e-05 1.1805937062e-28
5.6190258320e-02 4.2813323987e-05 2.6824297720e-28
6.2305176688e-02 4.2813323987e-05 6.0223259691e-28
6.9085552518e-02 4.2813323987e-05 1.3316110148e-27
7.6603804377e-02 4.2813323987e-05 2.8900181175e-27
8.4940231802e-02 4.2813323987e-05 6.1394666472e-27
9.4183872945e-02 4.2813323987e-05 1.2718755004e-26
1.0443345556e-01 4.2813323987e-05 2.5868732868e-26
1.1579845146e-01 4.2813323987e-05 5.1730117685e-26
1.2840024578e-01 4.2813323987e-05 1.0254586884e-25
1.4237343339e-01 4.2813323987e-05 2.0118100932e-25
1.5786725650e-01 4.2813323987e-05 3.9264048664e-25
1.7504719864e-01 4.2813323987e-05 7.5615312341e-25
1.9409675211e-01 4.2813323987e-05 1.4166404841e-24
2.1521937781e-01 4.2813323987e-05 2.5434394867e-24
2.3864067833e-01 4.2813323987e-05 4.3129870667e-24
2.6461080752e-01 4.2813323987e-05 6.8144890451e-24
2.9340714225e-01 4.2813323987e-05 9.8754304584e-24
3.2533724503e-01 4.2813323987e-05 1.2786399086e-23
3.6074214893e-01 4.2813323987e-05 1.3994952472e-23
4.0000000000e-01 4.2813323987e-05 1.1451062026e-23
2.0000000000e-02 7.8475997035e-05 7.3532620282e-33
2.2176504808e-02 7.8475997035e-05 2.1499172401e-32
2.4589868274e-02 7.8475997035e-05 5.7389222807e-32
2.7265866600e-02 7.8475997035e-05 1.5279281597e-31
3.0233081086e-02 7.8475997035e-05 5.1071383870e-31
3.3523203403e-02 7.8475997035e-05 1.6358737011e-30
3.7171374071e-02 7.8475997035e-05 4.2431480376e-30
4.1216557790e-02 7.8475997035e-05 1.0971095014e-29
4.5701959599e-02 7.8475997035e-05 5.1644750725e-29
5.0675486338e-02 7.8475997035e-05 3.9665803229e-28
5.6190258320e-02 7.8475997035e-05 9.0124765997e-28
6.2305176688e-02 7.8475997035e-05 2.0233920917e-27
6.9085552518e-02 7.8475997035e-05 4.4739710376e-27
7.6603804377e-02 7.8475997035e-05 9.7099357189e-27
8.4940231802e-02 7.8475997035e-05 2.0627492309e-26
9.4183872945e-02 7.8475997035e-05 4.2732705641e-26
1.0443345556e-01 7.8475997035e-05 8.6914241733e-26
1.1579845146e-01 7.8475997035e-05 1.7380379535e-25
1.2840024578e-01 7.8475997035e-05 3.4453548531e-25
1.4237343339e-01 7.8475997035e-05 6.7593163395e-25
1.5786725650e-01 7.8475997035e-05 1.3192006869e-24
1.7504719864e-01 7.8475997035e-05 2.5405370913e-24
1.9409675211e-01 7.8475997035e-05 4.7596546034e-24
2.1521937781e-01 7.8475997035e-05 8.5454944976e-24
2.3864067833e-01 7.8475997035e-05 1.4490852815e-23
2.6461080752e-01 7.8475997035e-05 2.2895444905e-23
2.9340714225e-01 7.8475997035e-05 3.3179651839e-23
3.2533724503e-01 7.8475997035e-05 4.2959977464e-23
3.6074214893e-01 7.8475997035e-05 4.7020497231e-23
4.0000000000e-01 7.8475997035e-05 3.8473487592e-23
2.0000000000e-02 1.4384498883e-04 2.4705624226e-32
2.2176504808e-02 1.4384498883e-04 7.2233312573e-32
2.4589868274e-02 1.4384498883e-04 1.9281736022e-31
2.7265866600e-02 1.4384498883e-04 5.1335609710e-31
3.0233081086e-02 1.4384498883e-04 1.7159056943e-30
3.3523203403e-02 1.4384498883e-04 5.4962383751e-30
3.7171374071e-02 1.4384498883e-04 1.4256206368e-29
4.1216557790e-02 1.4384498883e-04 3.6860885650e-29
4.5701959599e-02 1.4384498883e-04 1.7351697788e-28
5.0675486338e-02 1.4384498883e-04 1.3326989103e-27
5.6190258320e-02 1.4384498883e-04 3.0280283684e-27
6.2305176688e-02 1.4384498883e-04 6.7982297499e-27
6.9085552518e-02 1.4384498883e-04 1.5031729704e-26
7.6603804377e-02 1.4384498883e-04 3.2623619587e-26
8.4940231802e-02 1.4384498883e-04 6.9304625861e-26
9.4183872945e-02 1.4384498883e-04 1.4357412584e-25
1.0443345556e-01 1.4384498883e-04 2.9201605871e-25
1.1579845146e-01 1.4384498883e-04 5.8394916985e-25
1.2840024578e-01 1.4384498883e-04 1.1575766238e-24
1.4237343339e-01 1.4384498883e-04 2.2710074640e-24
1.5786725650e-01 1.4384498883e-04 4.4322745913e-24
1.7504719864e-01 1.4384498883e-04 8.5357429762e-24
1.9409675211e-01 1.4384498883e-04 1.5991574573e-23
2.1521937781e-01 1.4384498883e-04 2.8711308678e-23
2.3864067833e-01 1.4384498883e-04 4.8686632272e-23
2.6461080752e-01 1.4384498883e-04 7.6924534466e-23
2.9340714225e-01 1.4384498883e-04 1.1147760098e-22
3.2533724503e-01 1.4384498883e-04 1.4433771786e-22
3.6074214893e-01 1.4384498883e-04 1.5798032643e-22
4.0000000000e-01 1.4384498883e-04 1.2926392715e-22
2.0000000000e-02 2.6366508987e-04 8.3006408049e-32
2.2176504808e-02 2.6366508987e-04 2.4269080446e-31
2.4589868274e-02 2.6366508987e-04 6.4783129279e-31
2.7265866600e-02 2.6366508987e-04 1.7247832024e-30
3.0233081086e-02 2.6366508987e-04 5.7651313293e-30
3.3523203403e-02 2.6366508987e-04 1.8466362199e-29
3.7171374071e-02 2.6366508987e-04 4.7898262848e-29
4.1216557790e-02 2.6366508987e-04 1.2384587766e-28
4.5701959599e-02 2.6366508987e-04 5.8298551525e-28
5.0675486338e-02 2.6366508987e-04 4.4776261689e-27
5.6190258320e-02 2.6366508987e-04 1.0173625084e-26
6.2305176688e-02 2.6366508987e-04 2.2840816628e-26
6.9085552518e-02 2.6366508987e-04 5.0503880336e-26
7.6603804377e-02 2.6366508987e-04 1.0960943365e-25
8.4940231802e-02 2.6366508987e-04 2.3285094929e-25
9.4183872945e-02 2.6366508987e-04 4.8238297342e-25
1.0443345556e-01 2.6366508987e-04 9.8112089395e-25
1.1579845146e-01 2.6366508987e-04 1.9619630991e-24
1.2840024578e-01 2.6366508987e-04 3.8892471085e-24
1.4237343339e-01 2.6366508987e-04 7.6301724059e-24
1.5786725650e-01 2.6366508987e-04 1.4891637222e-23
1.7504719864e-01 2.6366508987e-04 2.8678545338e-23
1.9409675211e-01 2.6366508987e-04 5.3728784677e-23
2.1521937781e-01 2.6366508987e-04 9.6464779921e-23
2.3864067833e-01 2.6366508987e-04 1.6357823740e-22
2.6461080752e-01 2.6366508987e-04 2.5845245756e-22
2.9340714225e-01 2.6366508987e-04 3.7454448229e-22
3.2533724503e-01 2.6366508987e-04 4.8494850387e-22
3.6074214893e-01 2.6366508987e-04 5.3078518961e-22
4.0000000000e-01 2.6366508987e-04 4.3430330620e-22
2.0000000000e-02 4.8329302386e-04 2.7888644764e-31
2.2176504808e-02 4.8329302386e-04 8.1539700274e-31
2.4589868274e-02 4.8329302386e-04 2.1765954239e-30
2.7265866600e-02 4.8329302386e-04 5.7949581434e-30
3.0233081086e-02 4.8329302386e-04 1.9369793663e-29
3.3523203403e-02 4.8329302386e-04 6.2043621396e-29
3.7171374071e-02 4.8329302386e-04 1.6092945940e-28
4.1216557790e-02 4.8329302386e-04 4.1609964443e-28
4.5701959599e-02 4.8329302386e-04 1.9587253948e-27
5.0675486338e-02 4.8329302386e-04 1.5044010281e-26
5.6190258320e-02 4.8329302386e-04 3.4181531594e-26
6.2305176688e-02 4.8329302386e-04 7.6740993381e-26
6.9085552518e-02 4.8329302386e-04 1.6968386068e-25
7.6603804377e-02 4.8329302386e-04 3.6826777954e-25
8.4940231802e-02 4.8329302386e-04 7.8233687741e-25
9.4183872945e-02 4.8329302386e-04 1.6207191351e-24
1.0443345556e-01 4.8329302386e-04 3.2963879206e-24
1.1579845146e-01 4.8329302386e-04 6.5918394974e-24
1.2840024578e-01 4.8329302386e-04 1.3067163555e-23
1.4237343339e-01 4.8329302386e-04 2.5635992777e-23
1.5786725650e-01 4.8329302386e-04 5.0033195050e-23
1.7504719864e-01 4.8329302386e-04 9.6354701052e-23
1.9409675211e-01 4.8329302386e-04 1.8051895326e-22
2.1521937781e-01 4.8329302386e-04 3.2410413156e-22
2.3864067833e-01 4.8329302386e-04 5.4959315327e-22
2.6461080752e-01 4.8329302386e-04 8.6835329306e-22
2.9340714225e-01 4.8329302386e-04 1.2584014006e-21
3.2533724503e-01 4.8329302386e-04 1.6293388512e-21
3.6074214893e-01 4.8329302386e-04 1.7833417861e-21
4.0000000000e-01 4.8329302386e-04 1.4591801899e-21
2.0000000000e-02 8.8586679041e-04 9.3700778658e-31
2.2176504808e-02 8.8586679041e-04 2.7395857604e-30
2.4589868274e-02 8.8586679041e-04 7.3129651072e-30
2.7265866600e-02 8.8586679041e-04 1.9470006338e-29
3.0233081086e-02 8.8586679041e-04 6.5078986951e-29
3.3523203403e-02 8.8586679041e-04 2.0845529371e-28
3.7171374071e-02 8.8586679041e-04 5.4069374049e-28
4.1216557790e-02 8.8586679041e-04 1.3980191943e-27
4.5701959599e-02 8.8586679041e-04 6.5809613991e-27
5.0675486338e-02 8.8586679041e-04 5.0545140843e-26
5.6190258320e-02 8.8586679041e-04 1.1484373490e-25
6.2305176688e-02 8.8586679041e-04 2.5783579287e-25
6.9085552518e-02 8.8586679041e-04 5.7010693800e-25
7.6603804377e-02 8.8586679041e-04 1.2373128199e-24
8.4940231802e-02 8.8586679041e-04 2.6285097468e-24
9.4183872945e-02 8.8586679041e-04 5.4453217870e-24
1.0443345556e-01 8.8586679041e-04 1.1075264414e-23
1.1579845146e-01 8.8586679041e-04 2.2147382884e-23
1.2840024578e-01 8.8586679041e-04 4.3903295062e-23
1.4237343339e-01 8.8586679041e-04 8.6132277319e-23
1.5786725650e-01 8.8586679041e-04 1.6810244365e-22
1.7504719864e-01 8.8586679041e-04 3.2373428656e-22
1.9409675211e-01 8.8586679041e-04 6.0651088017e-22
2.1521937781e-01 8.8586679041e-04 1.0889309879e-21
2.3864067833e-01 8.8586679041e-04 1.8465331264e-21
2.6461080752e-01 8.8586679041e-04 2.9175092730e-21
2.9340714225e-01 8.8586679041e-04 4.2280000373e-21
3.2533724503e-01 8.8586679041e-04 5.4742824669e-21
3.6074214893e-01 8.8586679041e-04 5.9917043437e-21
4.0000000000e-01 8.8586679041e-04 4.9025802852e-21
2.0000000000e-02 1.6237767392e-03 3.1481758958e-30
2.2176504808e-02 1.6237767392e-03 9.2045103346e-30
2.4589868274e-02 1.6237767392e-03 2.4570233894e-29
2.7265866600e-02 1.6237767392e-03 6.5415683330e-29
3.0233081086e-02 1.6237767392e-03 2.1865357041e-28
3.3523203403e-02 1.6237767392e-03 7.0037190769e-28
3.7171374071e-02 1.6237767392e-03 1.8166327166e-27
4.1216557790e-02 1.6237767392e-03 4.6970904535e-27
4.5701959599e-02 1.6237767392e-03 2.2110834450e-26
5.0675486338e-02 1.6237767392e-03 1.6982248849e-25
5.6190258320e-02 1.6237767392e-03 3.8585408059e-25
6.2305176688e-02 1.6237767392e-03 8.6628141174e-25
6.9085552518e-02 1.6237767392e-03 1.9154557154e-24
7.6603804377e-02 1.6237767392e-03 4.1571462383e-24
8.4940231802e-02 1.6237767392e-03 8.8313151129e-24
9.4183872945e-02 1.6237767392e-03 1.8295291715e-23
1.0443345556e-01 1.6237767392e-03 3.7210875904e-23
1.1579845146e-01 1.6237767392e-03 7.4411182006e-23
1.2840024578e-01 1.6237767392e-03 1.4750709358e-22
1.4237343339e-01 1.6237767392e-03 2.8938880038e-22
1.5786725650e-01 1.6237767392e-03 5.6479366414e-22
1.7504719864e-01 1.6237767392e-03 1.0876883759e-21
1.9409675211e-01 1.6237767392e-03 2.0377663460e-21
2.1521937781e-01 1.6237767392e-03 3.6586102456e-21
2.3864067833e-01 1.6237767392e-03 6.2040157642e-21
2.6461080752e-01 1.6237767392e-03 9.8023010057e-21
2.9340714225e-01 1.6237767392e-03 1.4205311840e-20
3.2533724503e-01 1.6237767392e-03 1.8392594336e-20
3.6074214893e-01 1.6237767392e-03 2.0131037820e-20
4.0000000000e-01 1.6237767392e-03 1.6471778892e-20
2.0000000000e-02 2.9763514416e-03 1.0577298943e-29
2.2176504808e-02 2.9763514416e-03 3.0925482138e-29
2.4589868274e-02 2.9763514416e-03 8.2551521136e-29
2.7265866600e-02 2.9763514416e-03 2.1978480906e-28
3.0233081086e-02 2.9763514416e-03 7.3463626422e-28
3.3523203403e-02 2.9763514416e-03 2.3531223427e-27
3.7171374071e-02 2.9763514416e-03 6.1035558206e-27
4.1216557790e-02 2.9763514416e-03 1.5781370398e-26
4.5701959599e-02 2.9763514416e-03 7.4288385911e-26
5.0675486338e-02 2.9763514416e-03 5.7057270224e-25
5.6190258320e-02 2.9763514416e-03 1.2963995958e-24
6.2305176688e-02 2.9763514416e-03 2.9105481282e-24
6.9085552518e-02 2.9763514416e-03 6.4355831393e-24
7.6603804377e-02 2.9763514416e-03 1.3967255950e-23
8.4940231802e-02 2.9763514416e-03 2.9671614008e-23
9.4183872945e-02 2.9763514416e-03 6.1468855656e-23
1.0443345556e-01 2.9763514416e-03 1.2502178131e-22
1.1579845146e-01 2.9763514416e-03 2.5000805001e-22
1.2840024578e-01 2.9763514416e-03 4.9559703036e-22
1.4237343339e-01 2.9763514416e-03 9.7229378335e-22
1.5786725650e-01 2.9763514416e-03 1.8976040808e-21
1.7504719864e-01 2.9763514416e-03 3.6544352951e-21
1.9409675211e-01 2.9763514416e-03 6.8465246326e-21
2.1521937781e-01 2.9763514416e-03 1.2292265605e-20
2.3864067833e-01 2.9763514416e-03 2.0844365613e-20
2.6461080752e-01 2.9763514416e-03 3.2933950167e-20
2.9340714225e-01 2.9763514416e-03 4.7727266482e-20
3.2533724503e-01 2.9763514416e-03 6.1795774784e-20
3.6074214893e-01 2.9763514416e-03 6.7636628990e-20
4.0000000000e-01 2.9763514416e-03 5.5342183929e-20
2.0000000000e-02 5.4555947812e-03 3.5537802408e-29
2.2176504808e-02 5.4555947812e-03 1.0390400040e-28
2.4589868274e-02 5.4555947812e-03 2.7735811027e-28
2.7265866600e-02 5.4555947812e-03 7.3843702053e-28
3.0233081086e-02 5.4555947812e-03 2.4682443543e-27
3.3523203403e-02 5.4555947812e-03 7.9060634767e-27
3.7171374071e-02 5.4555947812e-03 2.0506838458e-26
4.1216557790e-02 5.4555947812e-03 5.3022536846e-26
4.5701959599e-02 5.4555947812e-03 2.4959547744e-25
5.0675486338e-02 5.4555947812e-03 1.9170205986e-24
5.6190258320e-02 5.4555947812e-03 4.3556670683e-24
6.2305176688e-02 5.4555947812e-03 9.7789128244e-24
6.9085552518e-02 5.4555947812e-03 2.1622389914e-23
7.6603804377e-02 5.4555947812e-03 4.6927441950e-23
8.4940231802e-02 5.4555947812e-03 9.9691231328e-23
9.4183872945e-02 5.4555947812e-03 2.0652418527e-22
1.0443345556e-01 5.4555947812e-03 4.2005046703e-22
1.1579845146e-01 5.4555947812e-03 8.3998161813e-22
1.2840024578e-01 5.4555947812e-03 1.6651159652e-21
1.4237343339e-01 5.4555947812e-03 3.2667304329e-21
1.5786725650e-01 5.4555947812e-03 6.3756048907e-21
1.7504719864e-01 5.4555947812e-03 1.2278238531e-20
1.9409675211e-01 5.4555947812e-03 2.3003078658e-20
2.1521937781e-01 5.4555947812e-03 4.1299778761e-20
2.3864067833e-01 5.4555947812e-03 7.0033280753e-20
2.6461080752e-01 5.4555947812e-03 1.1065208801e-19
2.9340714225e-01 5.4555947812e-03 1.6035494268e-19
3.2533724503e-01 5.4555947812e-03 2.0762257413e-19
3.6074214893e-01 5.4555947812e-03 2.2724678290e-19
4.0000000000e-01 5.4555947812e-03 1.8593968157e-19
2.0000000000e-02 1.0000000000e-02 1.1940055839e-28
2.2176504808e-02 1.0000000000e-02 3.4909856057e-28
2.4589868274e-02 1.0000000000e-02 9.3187285074e-28
2.7265866600e-02 1.0000000000e-02 2.4810142048e-27
3.0233081086e-02 1.0000000000e-02 8.2928525166e-27
3.3523203403e-02 1.0000000000e-02 2.6562936642e-26
3.7171374071e-02 1.0000000000e-02 6.8899250844e-26
4.1216557790e-02 1.0000000000e-02 1.7814608888e-25
4.5701959599e-02 1.0000000000e-02 8.3859544928e-25
5.0675486338e-02 1.0000000000e-02 6.4408408625e-24
5.6190258320e-02 1.0000000000e-02 1.4634249865e-23
6.2305176688e-02 1.0000000000e-02 3.2855370127e-23
6.9085552518e-02 1.0000000000e-02 7.2647301027e-23
7.6603804377e-02 1.0000000000e-02 1.5766767759e-22
8.4940231802e-02 1.0000000000e-02 3.3494442200e-22
9.4183872945e-02 1.0000000000e-02 6.9388373423e-22
1.0443345556e-01 1.0000000000e-02 1.4112932403e-21
1.1579845146e-01 1.0000000000e-02 2.8221856007e-21
1.2840024578e-01 1.0000000000e-02 5.5944870688e-21
1.4237343339e-01 1.0000000000e-02 1.0975620645e-20
1.5786725650e-01 1.0000000000e-02 2.1420873898e-20
1.7504719864e-01 1.0000000000e-02 4.1252650338e-20
1.9409675211e-01 1.0000000000e-02 7.7286164316e-20
2.1521937781e-01 1.0000000000e-02 1.3875975190e-19
2.3864067833e-01 1.0000000000e-02 2.3529909732e-19
2.6461080752e-01 1.0000000000e-02 3.7177090871e-19
2.9340714225e-01 1.0000000000e-02 5.3876346871e-19
3.2533724503e-01 1.0000000000e-02 6.9757412122e-19
3.6074214893e-01 1.0000000000e-02 7.6350789669e-19
4.0000000000e-01 1.0000000000e-02 6.2472354228e-19
