2.0000000000e-02 1.0000000000e-07 1.5986987058e-25
2.2176504808e-02 1.0000000000e-07 2.5247169902e-25
2.4589868274e-02 1.0000000000e-07 3.9716277924e-25
2.7265866600e-02 1.0000000000e-07 6.2319515768e-25
3.0233081086e-02 1.0000000000e-07 9.7237781286e-25
3.3523203403e-02 1.0000000000e-07 1.5087560191e-24
3.7171374071e-02 1.0000000000e-07 2.3249661756e-24
4.1216557790e-02 1.0000000000e-07 3.5719810492e-24
4.5701959599e-02 1.0000000000e-07 5.4574296745e-24
5.0675486338e-02 1.0000000000e-07 8.2592804127e-24
5.6190258320e-02 1.0000000000e-07 1.2571582529e-23
6.2305176688e-02 1.0000000000e-07 1.8784847726e-23
6.9085552518e-02 1.0000000000e-07 2.7352745314e-23
7.6603804377e-02 1.0000000000e-07 3.8452902028e-23
8.4940231802e-02 1.0000000000e-07 5.1568860002e-23
9.4183872945e-02 1.0000000000e-07 6.4915653517e-23
1.0443345556e-01 1.0000000000e-07 7.4948942947e-23
1.1579845146e-01 1.0000000000e-07 7.6806461782e-23
1.2840024578e-01 1.0000000000e-07 6.6816028161e-23
1.4237343339e-01 1.0000000000e-07 4.6513118186e-23
1.5786725650e-01 1.0000000000e-07 2.4067262394e-23
1.7504719864e-01 1.0000000000e-07 8.4541333687e-24
1.9409675211e-01 1.0000000000e-07 1.7782427620e-24
2.1521937781e-01 1.0000000000e-07 1.7875707238e-25
2.3864067833e-01 1.0000000000e-07 6.1177208377e-27
2.6461080752e-01 1.0000000000e-07 3.9075184166e-29
2.9340714225e-01 1.0000000000e-07 1.8946099700e-32
3.2533724503e-01 1.0000000000e-07 1.7905431504e-37
3.6074214893e-01 1.0000000000e-07 3.7291189908e-45
4.0000000000e-01 1.0000000000e-07 nan
2.0000000000e-02 1.8329807108e-07 5.3713371461e-25
2.2176504808e-02 1.8329807108e-07 8.4825903113e-25
2.4589868274e-02 1.8329807108e-07 1.3343947683e-24
2.7265866600e-02 1.8329807108e-07 2.0938224867e-24
3.0233081086e-02 1.8329807108e-07 3.2670127568e-24
3.3523203403e-02 1.8329807108e-07 5.0691460626e-24
3.7171374071e-02 1.8329807108e-07 7.8114638718e-24
4.1216557790e-02 1.8329807108e-07 1.2001207247e-23
4.5701959599e-02 1.8329807108e-07 1.8335972017e-23
5.0675486338e-02 1.8329807108e-07 2.7749681362e-23
5.6190258320e-02 1.8329807108e-07 4.2238232868e-23
6.2305176688e-02 1.8329807108e-07 6.3113674893e-23
6.9085552518e-02 1.8329807108e-07 9.1900253885e-23
7.6603804377e-02 1.8329807108e-07 1.2919476339e-22
8.4940231802e-02 1.8329807108e-07 1.7326199884e-22
9.4183872945e-02 1.8329807108e-07 2.1810479975e-22
1.0443345556e-01 1.8329807108e-07 2.5181482905e-22
1.1579845146e-01 1.8329807108e-07 2.5805575480e-22
1.2840024578e-01 1.8329807108e-07 2.2448971323e-22
1.4237343339e-01 1.8329807108e-07 1.5627562503e-22
1.5786725650e-01 1.8329807108e-07 8.0861628292e-23
1.7504719864e-01 1.8329807108e-07 2.8404351887e-23
1.9409675211e-01 1.8329807108e-07 5.9745725492e-24
2.1521937781e-01 1.8329807108e-07 6.0059128060e-25
2.3864067833e-01 1.8329807108e-07 2.0554430341e-26
2.6461080752e-01 1.8329807108e-07 1.3128551830e-28
2.9340714225e-01 1.8329807108e-07 6.3655452227e-32
3.2533724503e-01 1.8329807108e-07 6.0158996190e-37
3.6074214893e-01 1.8329807108e-07 1.2529162177e-44
4.0000000000e-01 1.8329807108e-07 nan
2.0000000000e-02 3.3598182863e-07 1.8046716765e-24
2.2176504808e-02 3.3598182863e-07 2.8499962043e-24
2.4589868274e-02 3.3598182863e-07 4.4833239437e-24
2.7265866600e-02 3.3598182863e-07 7.0348630790e-24
3.0233081086e-02 3.3598182863e-07 1.0976569202e-23
3.3523203403e-02 3.3598182863e-07 1.7031409637e-23
3.7171374071e-02 3.3598182863e-07 2.6245099159e-23
4.1216557790e-02 3.3598182863e-07 4.0321875567e-23
4.5701959599e-02 3.3598182863e-07 6.1605534078e-23
5.0675486338e-02 3.3598182863e-07 9.3233886879e-23
5.6190258320e-02 3.3598182863e-07 1.4191278717e-22
6.2305176688e-02 3.3598182863e-07 2.1205047902e-22
6.9085552518e-02 3.3598182863e-07 3.0876815352e-22
7.6603804377e-02 3.3598182863e-07 4.3407092854e-22
8.4940231802e-02 3.3598182863e-07 5.8212883201e-22
9.4183872945e-02 3.3598182863e-07 7.3279249454e-22
1.0443345556e-01 3.3598182863e-07 8.4605206741e-22
1.1579845146e-01 3.3598182863e-07 8.6702044386e-22
1.2840024578e-01 3.3598182863e-07 7.5424464361e-22
1.4237343339e-01 3.3598182863e-07 5.2505770268e-22
1.5786725650e-01 3.3598182863e-07 2.7168037739e-22
1.7504719864e-01 3.3598182863e-07 9.5433460880e-23
1.9409675211e-01 3.3598182863e-07 2.0073478103e-23
2.1521937781e-01 3.3598182863e-07 2.0178775671e-24
2.3864067833e-01 3.3598182863e-07 6.9059150923e-26
2.6461080752e-01 3.3598182863e-07 4.4109548511e-28
2.9340714225e-01 3.3598182863e-07 2.1387075241e-31
3.2533724503e-01 3.3598182863e-07 2.0212329548e-36
3.6074214893e-01 3.3598182863e-07 4.2095708195e-44
4.0000000000e-01 3.3598182863e-07 nan
2.0000000000e-02 6.1584821107e-07 6.0633688995e-24
2.2176504808e-02 6.1584821107e-07 9.5754693630e-24
2.4589868274e-02 6.1584821107e-07 1.5063153770e-23
2.7265866600e-02 6.1584821107e-07 2.3635861614e-23
3.0233081086e-02 6.1584821107e-07 3.6879277925e-23
3.3523203403e-02 6.1584821107e-07 5.7222441539e-23
3.7171374071e-02 6.1584821107e-07 8.8178764080e-23
4.1216557790e-02 6.1584821107e-07 1.3547417487e-22
4.5701959599e-02 6.1584821107e-07 2.0698339993e-22
5.0675486338e-02 6.1584821107e-07 3.1324891804e-22
5.6190258320e-02 6.1584821107e-07 4.7680117739e-22
6.2305176688e-02 6.1584821107e-07 7.1245107703e-22
6.9085552518e-02 6.1584821107e-07 1.0374048884e-21
7.6603804377e-02 6.1584821107e-07 1.4583994433e-21
8.4940231802e-02 6.1584821107e-07 1.9558470948e-21
9.4183872945e-02 6.1584821107e-07 2.4620496232e-21
1.0443345556e-01 6.1584821107e-07 2.8425812072e-21
1.1579845146e-01 6.1584821107e-07 2.9130311419e-21
1.2840024578e-01 6.1584821107e-07 2.5341249459e-21
1.4237343339e-01 6.1584821107e-07 1.7640984708e-21
1.5786725650e-01 6.1584821107e-07 9.1279669999e-22
1.7504719864e-01 6.1584821107e-07 3.2063908699e-22
1.9409675211e-01 6.1584821107e-07 6.7443238801e-23
2.1521937781e-01 6.1584821107e-07 6.7797019495e-24
2.3864067833e-01 6.1584821107e-07 2.3202619811e-25
2.6461080752e-01 6.1584821107e-07 1.4820006769e-27
2.9340714225e-01 6.1584821107e-07 7.1856686486e-31
3.2533724503e-01 6.1584821107e-07 6.7909754425e-36
3.6074214893e-01 6.1584821107e-07 1.4143393017e-43
4.0000000000e-01 6.1584821107e-07 nan
2.0000000000e-02 1.1288378917e-06 2.0371817705e-23
2.2176504808e-02 1.1288378917e-06 3.2171837066e-23
2.4589868274e-02 1.1288378917e-06 5.0609459484e-23
2.7265866600e-02 1.1288378917e-06 7.9412200064e-23
3.0233081086e-02 1.1288378917e-06 1.2390767236e-22
3.3523203403e-02 1.1288378917e-06 1.9225700547e-22
3.7171374071e-02 1.1288378917e-06 2.9626462402e-22
4.1216557790e-02 1.1288378917e-06 4.5516861004e-22
4.5701959599e-02 1.1288378917e-06 6.9542661205e-22
5.0675486338e-02 1.1288378917e-06 1.0524594430e-21
5.6190258320e-02 1.1288378917e-06 1.6019653147e-21
6.2305176688e-02 1.1288378917e-06 2.3937061567e-21
6.9085552518e-02 1.1288378917e-06 3.4854919144e-21
7.6603804377e-02 1.1288378917e-06 4.8999571182e-21
8.4940231802e-02 1.1288378917e-06 6.5712908342e-21
9.4183872945e-02 1.1288378917e-06 8.2720393458e-21
1.0443345556e-01 1.1288378917e-06 9.5505563203e-21
1.1579845146e-01 1.1288378917e-06 9.7872552990e-21
1.2840024578e-01 1.1288378917e-06 8.5141993331e-21
1.4237343339e-01 1.1288378917e-06 5.9270503011e-21
1.5786725650e-01 1.1288378917e-06 3.0668310443e-21
1.7504719864e-01 1.1288378917e-06 1.0772890678e-21
1.9409675211e-01 1.1288378917e-06 2.2659702701e-22
2.1521937781e-01 1.1288378917e-06 2.2778566586e-23
2.3864067833e-01 1.1288378917e-06 7.7956586331e-25
2.6461080752e-01 1.1288378917e-06 4.9792529745e-27
2.9340714225e-01 1.1288378917e-06 2.4142540925e-30
3.2533724503e-01 1.1288378917e-06 2.2816443474e-35
3.6074214893e-01 1.1288378917e-06 4.7519230488e-43
4.0000000000e-01 1.1288378917e-06 nan
2.0000000000e-02 2.0691380811e-06 6.8445605650e-23
2.2176504808e-02 2.0691380811e-06 1.0809152648e-22
2.4589868274e-02 2.0691380811e-06 1.7003858743e-22
2.7265866600e-02 2.0691380811e-06 2.6681056193e-22
3.0233081086e-02 2.0691380811e-06 4.1630726340e-22
3.3523203403e-02 2.0691380811e-06 6.4594860264e-22
3.7171374071e-02 2.0691380811e-06 9.9539530136e-22
4.1216557790e-02 2.0691380811e-06 1.5292838193e-21
4.5701959599e-02 2.0691380811e-06 2.3365070479e-21
5.0675486338e-02 2.0691380811e-06 3.5360724821e-21
5.6190258320e-02 2.0691380811e-06 5.3823123584e-21
6.2305176688e-02 2.0691380811e-06 8.0424177173e-21
6.9085552518e-02 2.0691380811e-06 1.1710619471e-20
7.6603804377e-02 2.0691380811e-06 1.6462965528e-20
8.4940231802e-02 2.0691380811e-06 2.2078343109e-20
9.4183872945e-02 2.0691380811e-06 2.7792549059e-20
1.0443345556e-01 2.0691380811e-06 3.2088133770e-20
1.1579845146e-01 2.0691380811e-06 3.2883399327e-20
1.2840024578e-01 2.0691380811e-06 2.8606162613e-20
1.4237343339e-01 2.0691380811e-06 1.9913811986e-20
1.5786725650e-01 2.0691380811e-06 1.0303995024e-20
1.7504719864e-01 2.0691380811e-06 3.6194955096e-21
1.9409675211e-01 2.0691380811e-06 7.6132483500e-22
2.1521937781e-01 2.0691380811e-06 7.6531844553e-23
2.3864067833e-01 2.0691380811e-06 2.6191996430e-24
2.6461080752e-01 2.0691380811e-06 1.6729385197e-26
2.9340714225e-01 2.0691380811e-06 8.1114550482e-30
3.2533724503e-01 2.0691380811e-06 7.6659104016e-35
3.6074214893e-01 2.0691380811e-06 1.5965597955e-42
4.0000000000e-01 2.0691380811e-06 nan
2.0000000000e-02 3.7926901907e-06 2.2996479748e-22
2.2176504808e-02 3.7926901907e-06 3.6316788725e-22
2.4589868274e-02 3.7926901907e-06 5.7129875543e-22
2.7265866600e-02 3.7926901907e-06 8.9643500495e-22
3.0233081086e-02 3.7926901907e-06 1.3987167563e-21
3.3523203403e-02 3.7926901907e-06 2.1702699272e-21
3.7171374071e-02 3.7926901907e-06 3.3443473356e-21
4.1216557790e-02 3.7926901907e-06 5.1381157412e-21
4.5701959599e-02 3.7926901907e-06 7.8502391057e-21
5.0675486338e-02 3.7926901907e-06 1.1880560987e-20
5.6190258320e-02 3.7926901907e-06 1.8083591484e-20
6.2305176688e-02 3.7926901907e-06 2.7021062113e-20
6.9085552518e-02 3.7926901907e-06 3.9345553442e-20
7.6603804377e-02 3.7926901907e-06 5.5312572628e-20
8.4940231802e-02 3.7926901907e-06 7.4179220912e-20
9.4183872945e-02 3.7926901907e-06 9.3377914554e-20
1.0443345556e-01 3.7926901907e-06 1.0781029862e-19
1.1579845146e-01 3.7926901907e-06 1.1048224638e-19
1.2840024578e-01 3.7926901907e-06 9.6111508252e-20
1.4237343339e-01 3.7926901907e-06 6.6906789664e-20
1.5786725650e-01 3.7926901907e-06 3.4619550906e-20
1.7504719864e-01 3.7926901907e-06 1.2160847201e-20
1.9409675211e-01 3.7926901907e-06 2.5579131027e-21
2.1521937781e-01 3.7926901907e-06 2.5713309085e-22
2.3864067833e-01 3.7926901907e-06 8.8000348573e-24
2.6461080752e-01 3.7926901907e-06 5.6207694311e-26
2.9340714225e-01 3.7926901907e-06 2.7253015005e-29
3.2533724503e-01 3.7926901907e-06 2.5756065953e-34
3.6074214893e-01 3.7926901907e-06 5.3641507972e-42
4.0000000000e-01 3.7926901907e-06 nan
2.0000000000e-02 6.9519279618e-06 7.7263993178e-22
2.2176504808e-02 6.9519279618e-06 1.2201781086e-21
2.4589868274e-02 6.9519279618e-06 1.9194600055e-21
2.7265866600e-02 6.9519279618e-06 3.0118587221e-21
3.0233081086e-02 6.9519279618e-06 4.6994341352e-21
3.3523203403e-02 6.9519279618e-06 7.2917125876e-21
3.7171374071e-02 6.9519279618e-06 1.1236399334e-20
4.1216557790e-02 6.9519279618e-06 1.7263135225e-20
4.5701959599e-02 6.9519279618e-06 2.6375376900e-20
5.0675486338e-02 6.9519279618e-06 3.9916526057e-20
5.6190258320e-02 6.9519279618e-06 6.0757581354e-20
6.2305176688e-02 6.9519279618e-06 9.0785858606e-20
6.9085552518e-02 6.9519279618e-06 1.3219390995e-19
7.6603804377e-02 6.9519279618e-06 1.8584019299e-19
8.4940231802e-02 6.9519279618e-06 2.4922870290e-19
9.4183872945e-02 6.9519279618e-06 3.1373282489e-19
1.0443345556e-01 6.9519279618e-06 3.6222301278e-19
1.1579845146e-01 6.9519279618e-06 3.7120027174e-19
1.2840024578e-01 6.9519279618e-06 3.2291720300e-19
1.4237343339e-01 6.9519279618e-06 2.2479465544e-19
1.5786725650e-01 6.9519279618e-06 1.1631540022e-19
1.7504719864e-01 6.9519279618e-06 4.0858236816e-20
1.9409675211e-01 6.9519279618e-06 8.5941232202e-21
2.1521937781e-01 6.9519279618e-06 8.6392046099e-22
2.3864067833e-01 6.9519279618e-06 2.9566518048e-23
2.6461080752e-01 6.9519279618e-06 1.8884763928e-25
2.9340714225e-01 6.9519279618e-06 9.1565178226e-29
3.2533724503e-01 6.9519279618e-06 8.6535701429e-34
3.6074214893e-01 6.9519279618e-06 1.8022571950e-41
4.0000000000e-01 6.9519279618e-06 nan
2.0000000000e-02 1.2742749857e-05 2.5959297716e-21
2.2176504808e-02 1.2742749857e-05 4.0995767218e-21
2.4589868274e-02 1.2742749857e-05 6.4490368263e-21
2.7265866600e-02 1.2742749857e-05 1.0119298011e-20
3.0233081086e-02 1.2742749857e-05 1.5789244743e-20
3.3523203403e-02 1.2742749857e-05 2.4498829291e-20
3.7171374071e-02 1.2742749857e-05 3.7752259957e-20
4.1216557790e-02 1.2742749857e-05 5.8000997411e-20
4.5701959599e-02 1.2742749857e-05 8.8616473624e-20
5.0675486338e-02 1.2742749857e-05 1.3411227419e-19
5.6190258320e-02 1.2742749857e-05 2.0413443289e-19
6.2305176688e-02 1.2742749857e-05 3.0502398793e-19
6.9085552518e-02 1.2742749857e-05 4.4414751606e-19
7.6603804377e-02 1.2742749857e-05 6.2438927888e-19
8.4940231802e-02 1.2742749857e-05 8.3736315372e-19
9.4183872945e-02 1.2742749857e-05 1.0540852824e-18
1.0443345556e-01 1.2742749857e-05 1.2170035026e-18
1.1579845146e-01 1.2742749857e-05 1.2471654615e-18
1.2840024578e-01 1.2742749857e-05 1.0849431242e-18
1.4237343339e-01 1.2742749857e-05 7.5526919452e-19
1.5786725650e-01 1.2742749857e-05 3.9079860898e-19
1.7504719864e-01 1.2742749857e-05 1.3727625134e-19
1.9409675211e-01 1.2742749857e-05 2.8874692384e-20
2.1521937781e-01 1.2742749857e-05 2.9026157668e-21
2.3864067833e-01 1.2742749857e-05 9.9338128162e-23
2.6461080752e-01 1.2742749857e-05 6.3449375298e-25
2.9340714225e-01 1.2742749857e-05 3.0764236084e-28
3.2533724503e-01 1.2742749857e-05 2.9074423272e-33
3.6074214893e-01 1.2742749857e-05 6.0552566928e-41
4.0000000000e-01 1.2742749857e-05 nan
2.0000000000e-02 2.3357214691e-05 8.7218523171e-21
2.2176504808e-02 2.3357214691e-05 1.3773832837e-20
2.4589868274e-02 2.3357214691e-05 2.1667591861e-20
2.7265866600e-02 2.3357214691e-05 3.3999002505e-20
3.0233081086e-02 2.3357214691e-05 5.3048993224e-20
3.3523203403e-02 2.3357214691e-05 8.2311614662e-20
3.7171374071e-02 2.3357214691e-05 1.2684073338e-19
4.1216557790e-02 2.3357214691e-05 1.9487281178e-19
4.5701959599e-02 2.3357214691e-05 2.9773524864e-19
5.0675486338e-02 2.3357214691e-05 4.5059287140e-19
5.6190258320e-02 2.3357214691e-05 6.8585460080e-19
6.2305176688e-02 2.3357214691e-05 1.0248251730e-18
6.9085552518e-02 2.3357214691e-05 1.4922549473e-18
7.6603804377e-02 2.3357214691e-05 2.0978345186e-18
8.4940231802e-02 2.3357214691e-05 2.8133880388e-18
9.4183872945e-02 2.3357214691e-05 3.5415350112e-18
1.0443345556e-01 2.3357214691e-05 4.0889106279e-18
1.1579845146e-01 2.3357214691e-05 4.1902493303e-18
1.2840024578e-01 2.3357214691e-05 3.6452117555e-18
1.4237343339e-01 2.3357214691e-05 2.5375672568e-18
1.5786725650e-01 2.3357214691e-05 1.3130123164e-18
1.7504719864e-01 2.3357214691e-05 4.6122326106e-19
1.9409675211e-01 2.3357214691e-05 9.7013719869e-20
2.1521937781e-01 2.3357214691e-05 9.7522615773e-21
2.3864067833e-01 2.3357214691e-05 3.3375806137e-22
2.6461080752e-01 2.3357214691e-05 2.1317837273e-24
2.9340714225e-01 2.3357214691e-05 1.0336224369e-27
3.2533724503e-01 2.3357214691e-05 9.7684779700e-33
3.6074214893e-01 2.3357214691e-05 2.0344562306e-40
4.0000000000e-01 2.3357214691e-05 nan
2.0000000000e-02 4.2813323987e-05 2.9303838913e-20
2.2176504808e-02 4.2813323987e-05 4.6277575454e-20
2.4589868274e-02 4.2813323987e-05 7.2799171380e-20
2.7265866600e-02 4.2813323987e-05 1.1423047038e-19
3.0233081086e-02 4.2813323987e-05 1.7823497760e-19
3.3523203403e-02 4.2813323987e-05 2.7655206829e-19
3.7171374071e-02 4.2813323987e-05 4.2616181578e-19
4.1216557790e-02 4.2813323987e-05 6.5473723710e-19
4.5701959599e-02 4.2813323987e-05 1.0003363339e-18
5.0675486338e-02 4.2813323987e-05 1.5139101710e-18
5.6190258320e-02 4.2813323987e-05 2.3043468331e-18
6.2305176688e-02 4.2813323987e-05 3.4432263628e-18
6.9085552518e-02 4.2813323987e-05 5.0137054707e-18
7.6603804377e-02 4.2813323987e-05 7.0483427959e-18
8.4940231802e-02 4.2813323987e-05 9.4524726092e-18
9.4183872945e-02 4.2813323987e-05 1.1898914138e-17
1.0443345556e-01 4.2813323987e-05 1.3737996762e-17
1.1579845146e-01 4.2813323987e-05 1.4078476401e-17
1.2840024578e-01 4.2813323987e-05 1.2247249194e-17
1.4237343339e-01 4.2813323987e-05 8.5257649391e-18
1.5786725650e-01 4.2813323987e-05 4.4114828322e-18
1.7504719864e-01 4.2813323987e-05 1.5496263640e-18
1.9409675211e-01 4.2813323987e-05 3.2594847440e-19
2.1521937781e-01 4.2813323987e-05 3.2765827298e-20
2.3864067833e-01 4.2813323987e-05 1.1213664585e-21
2.6461080752e-01 4.2813323987e-05 7.1624061019e-24
2.9340714225e-01 4.2813323987e-05 3.4727836470e-27
3.2533724503e-01 4.2813323987e-05 3.2820311733e-32
3.6074214893e-01 4.2813323987e-05 6.8354034059e-40
4.0000000000e-01 4.2813323987e-05 nan
2.0000000000e-02 7.8475997035e-05 9.8455573927e-20
2.2176504808e-02 7.8475997035e-05 1.5548424442e-19
2.4589868274e-02 7.8475997035e-05 2.4459198754e-19
2.7265866600e-02 7.8475997035e-05 3.8379362382e-19
3.0233081086e-02 7.8475997035e-05 5.9883713806e-19
3.3523203403e-02 7.8475997035e-05 9.2916469813e-19
3.7171374071e-02 7.8475997035e-05 1.4318262652e-18
4.1216557790e-02 7.8475997035e-05 2.1997981486e-18
4.5701959599e-02 7.8475997035e-05 3.3609483194e-18
5.0675486338e-02 7.8475997035e-05 5.0864630983e-18
5.6190258320e-02 7.8475997035e-05 7.7421866679e-18
6.2305176688e-02 7.8475997035e-05 1.1568614969e-17
6.9085552518e-02 7.8475997035e-05 1.6845139448e-17
7.6603804377e-02 7.8475997035e-05 2.3681151225e-17
8.4940231802e-02 7.8475997035e-05 3.1758590663e-17
9.4183872945e-02 7.8475997035e-05 3.9978189819e-17
1.0443345556e-01 7.8475997035e-05 4.6157173447e-17
1.1579845146e-01 7.8475997035e-05 4.7301123329e-17
1.2840024578e-01 7.8475997035e-05 4.1148532709e-17
1.4237343339e-01 7.8475997035e-05 2.8645021705e-17
1.5786725650e-01 7.8475997035e-05 1.4821781158e-17
1.7504719864e-01 7.8475997035e-05 5.2064631912e-18
1.9409675211e-01 7.8475997035e-05 1.0951276939e-18
2.1521937781e-01 7.8475997035e-05 1.1008723157e-19
2.3864067833e-01 7.8475997035e-05 3.7675877675e-21
2.6461080752e-01 7.8475997035e-05 2.4064384717e-23
2.9340714225e-01 7.8475997035e-05 1.1667922932e-26
3.2533724503e-01 7.8475997035e-05 1.1027029278e-31
3.6074214893e-01 7.8475997035e-05 2.2965715160e-39
4.0000000000e-01 7.8475997035e-05 nan
2.0000000000e-02 1.4384498883e-04 3.3079283866e-19
2.2176504808e-02 1.4384498883e-04 5.2239880950e-19
2.4589868274e-02 1.4384498883e-04 8.2178463590e-19
2.7265866600e-02 1.4384498883e-04 1.2894768420e-18
3.0233081086e-02 1.4384498883e-04 2.0119839790e-18
3.3523203403e-02 1.4384498883e-04 3.1218245661e-18
3.7171374071e-02 1.4384498883e-04 4.8106761098e-18
4.1216557790e-02 1.4384498883e-04 7.3909221213e-18
4.5701959599e-02 1.4384498883e-04 1.1292175761e-17
5.0675486338e-02 1.4384498883e-04 1.7089591980e-17
5.6190258320e-02 1.4384498883e-04 2.6012340797e-17
6.2305176688e-02 1.4384498883e-04 3.8868444934e-17
6.9085552518e-02 1.4384498883e-04 5.6596608969e-17
7.6603804377e-02 1.4384498883e-04 7.9564367313e-17
8.4940231802e-02 1.4384498883e-04 1.0670309749e-16
9.4183872945e-02 1.4384498883e-04 1.3431945900e-16
1.0443345556e-01 1.4384498883e-04 1.5507972341e-16
1.1579845146e-01 1.4384498883e-04 1.5892318897e-16
1.2840024578e-01 1.4384498883e-04 1.3825160292e-16
1.4237343339e-01 1.4384498883e-04 9.6242076292e-17
1.5786725650e-01 1.4384498883e-04 4.9798496665e-17
1.7504719864e-01 1.4384498883e-04 1.7492772456e-17
1.9409675211e-01 1.4384498883e-04 3.6794306072e-18
2.1521937781e-01 1.4384498883e-04 3.6987315979e-19
2.3864067833e-01 1.4384498883e-04 1.2658412923e-20
2.6461080752e-01 1.4384498883e-04 8.0851979253e-23
2.9340714225e-01 1.4384498883e-04 3.9202111332e-26
3.2533724503e-01 1.4384498883e-04 3.7048825065e-31
3.6074214893e-01 1.4384498883e-04 7.7160650099e-39
4.0000000000e-01 1.4384498883e-04 nan
2.0000000000e-02 2.6366508987e-04 1.1114038396e-18
2.2176504808e-02 2.6366508987e-04 1.7551650940e-18
2.4589868274e-02 2.6366508987e-04 2.7610470865e-18
2.7265866600e-02 2.6366508987e-04 4.3324079470e-18
3.0233081086e-02 2.6366508987e-04 6.7599007011e-18
3.3523203403e-02 2.6366508987e-04 1.0488763516e-17
3.7171374071e-02 2.6366508987e-04 1.6162998028e-17
4.1216557790e-02 2.6366508987e-04 2.4832156148e-17
4.5701959599e-02 2.6366508987e-04 3.7939660168e-17
5.0675486338e-02 2.6366508987e-04 5.7417926453e-17
5.6190258320e-02 2.6366508987e-04 8.7396743405e-17
6.2305176688e-02 2.6366508987e-04 1.3059092122e-16
6.9085552518e-02 2.6366508987e-04 1.9015433775e-16
7.6603804377e-02 2.6366508987e-04 2.6732184318e-16
8.4940231802e-02 2.6366508987e-04 3.5850306149e-16
9.4183872945e-02 2.6366508987e-04 4.5128903994e-16
1.0443345556e-01 2.6366508987e-04 5.2103978106e-16
1.1579845146e-01 2.6366508987e-04 5.3395314763e-16
1.2840024578e-01 2.6366508987e-04 4.6450037949e-16
1.4237343339e-01 2.6366508987e-04 3.2335598443e-16
1.5786725650e-01 2.6366508987e-04 1.6731395948e-16
1.7504719864e-01 2.6366508987e-04 5.8772561830e-17
1.9409675211e-01 2.6366508987e-04 1.2362224508e-17
2.1521937781e-01 2.6366508987e-04 1.2427073516e-18
2.3864067833e-01 2.6366508987e-04 4.2529997087e-20
2.6461080752e-01 2.6366508987e-04 2.7164817775e-22
2.9340714225e-01 2.6366508987e-04 1.3171208907e-25
3.2533724503e-01 2.6366508987e-04 1.2447743793e-30
3.6074214893e-01 2.6366508987e-04 2.5924599287e-38
4.0000000000e-01 2.6366508987e-04 nan
2.0000000000e-02 4.8329302386e-04 3.7341150705e-18
2.2176504808e-02 4.8329302386e-04 5.8970360161e-18
2.4589868274e-02 4.8329302386e-04 9.2766169352e-18
2.7265866600e-02 4.8329302386e-04 1.4556104274e-17
3.0233081086e-02 4.8329302386e-04 2.2712039531e-17
3.3523203403e-02 4.8329302386e-04 3.5240342315e-17
3.7171374071e-02 4.8329302386e-04 5.4304741577e-17
4.1216557790e-02 4.8329302386e-04 8.3431541930e-17
4.5701959599e-02 4.8329302386e-04 1.2747038157e-16
5.0675486338e-02 4.8329302386e-04 1.9291383104e-16
5.6190258320e-02 4.8329302386e-04 2.9363723453e-16
6.2305176688e-02 4.8329302386e-04 4.3876186867e-16
6.9085552518e-02 4.8329302386e-04 6.3888420177e-16
7.6603804377e-02 4.8329302386e-04 8.9815312125e-16
8.4940231802e-02 4.8329302386e-04 1.2045056307e-15
9.4183872945e-02 4.8329302386e-04 1.5162499069e-15
1.0443345556e-01 4.8329302386e-04 1.7506000061e-15
1.1579845146e-01 4.8329302386e-04 1.7939868047e-15
1.2840024578e-01 4.8329302386e-04 1.5606381774e-15
1.4237343339e-01 4.8329302386e-04 1.0864184398e-15
1.5786725650e-01 4.8329302386e-04 5.6214517521e-16
1.7504719864e-01 4.8329302386e-04 1.9746541079e-16
1.9409675211e-01 4.8329302386e-04 4.1534898746e-17
2.1521937781e-01 4.8329302386e-04 4.1752793021e-18
2.3864067833e-01 4.8329302386e-04 1.4289339915e-19
2.6461080752e-01 4.8329302386e-04 9.1269099147e-22
2.9340714225e-01 4.8329302386e-04 4.4253002372e-25
3.2533724503e-01 4.8329302386e-04 4.1822290410e-30
3.6074214893e-01 4.8329302386e-04 8.7102202022e-38
4.0000000000e-01 4.8329302386e-04 nan
2.0000000000e-02 8.8586679041e-04 1.2545949530e-17
2.2176504808e-02 8.8586679041e-04 1.9812972128e-17
2.4589868274e-02 8.8586679041e-04 3.1167752234e-17
2.7265866600e-02 8.8586679041e-04 4.8905874688e-17
3.0233081086e-02 8.8586679041e-04 7.6308343146e-17
3.3523203403e-02 8.8586679041e-04 1.1840117872e-16
3.7171374071e-02 8.8586679041e-04 1.8245412297e-16
4.1216557790e-02 8.8586679041e-04 2.8031492879e-16
4.5701959599e-02 8.8586679041e-04 4.2827751714e-16
5.0675486338e-02 8.8586679041e-04 6.4815577592e-16
5.6190258320e-02 8.8586679041e-04 9.8656840343e-16
6.2305176688e-02 8.8586679041e-04 1.4741613184e-15
6.9085552518e-02 8.8586679041e-04 2.1465368623e-15
7.6603804377e-02 8.8586679041e-04 3.0176347146e-15
8.4940231802e-02 8.8586679041e-04 4.0469255644e-15
9.4183872945e-02 8.8586679041e-04 5.0943324957e-15
1.0443345556e-01 8.8586679041e-04 5.8817094467e-15
1.1579845146e-01 8.8586679041e-04 6.0274838416e-15
1.2840024578e-01 8.8586679041e-04 5.2434754563e-15
1.4237343339e-01 8.8586679041e-04 3.6501808494e-15
1.5786725650e-01 8.8586679041e-04 1.8887132542e-15
1.7504719864e-01 8.8586679041e-04 6.6345109070e-16
1.9409675211e-01 8.8586679041e-04 1.3955051138e-16
2.1521937781e-01 8.8586679041e-04 1.4028274773e-17
2.3864067833e-01 8.8586679041e-04 4.8009966219e-19
2.6461080752e-01 8.8586679041e-04 3.0665038375e-21
2.9340714225e-01 8.8586679041e-04 1.4868355735e-24
3.2533724503e-01 8.8586679041e-04 1.4051679961e-29
3.6074214893e-01 8.8586679041e-04 2.9265049786e-37
4.0000000000e-01 8.8586679041e-04 nan
2.0000000000e-02 1.6237767392e-03 4.2152126829e-17
2.2176504808e-02 1.6237767392e-03 6.6568016382e-17
2.4589868274e-02 1.6237767392e-03 1.0471804057e-16
2.7265866600e-02 1.6237767392e-03 1.6431495786e-16
3.0233081086e-02 1.6237767392e-03 2.5638236322e-16
3.3523203403e-02 1.6237767392e-03 3.9780680881e-16
3.7171374071e-02 1.6237767392e-03 6.1301336683e-16
4.1216557790e-02 1.6237767392e-03 9.4180844913e-16
4.5701959599e-02 1.6237767392e-03 1.4389368710e-15
5.0675486338e-02 1.6237767392e-03 2.1776896777e-15
5.6190258320e-02 1.6237767392e-03 3.3146979374e-15
6.2305176688e-02 1.6237767392e-03 4.9529273472e-15
6.9085552518e-02 1.6237767392e-03 7.2119968122e-15
7.6603804377e-02 1.6237767392e-03 1.0138743059e-14
8.4940231802e-02 1.6237767392e-03 1.3596996831e-14
9.4183872945e-02 1.6237767392e-03 1.7116125530e-14
1.0443345556e-01 1.6237767392e-03 1.9761605158e-14
1.1579845146e-01 1.6237767392e-03 2.0251410386e-14
1.2840024578e-01 1.6237767392e-03 1.7617291446e-14
1.4237343339e-01 1.6237767392e-03 1.2264083311e-14
1.5786725650e-01 1.6237767392e-03 6.3458192901e-15
1.7504719864e-01 1.6237767392e-03 2.2291111460e-15
1.9409675211e-01 1.6237767392e-03 4.6887338003e-16
2.1521937781e-01 1.6237767392e-03 4.7133526765e-17
2.3864067833e-01 1.6237767392e-03 1.6130905959e-18
2.6461080752e-01 1.6237767392e-03 1.0303211229e-20
2.9340714225e-01 1.6237767392e-03 4.9956678864e-24
3.2533724503e-01 1.6237767392e-03 4.7212788465e-29
3.6074214893e-01 1.6237767392e-03 9.8328553058e-37
4.0000000000e-01 1.6237767392e-03 nan
2.0000000000e-02 2.9763514416e-03 1.4162366915e-16
2.2176504808e-02 2.9763514416e-03 2.2365678100e-16
2.4589868274e-02 2.9763514416e-03 3.5183422740e-16
2.7265866600e-02 2.9763514416e-03 5.5206959423e-16
3.0233081086e-02 2.9763514416e-03 8.6140037068e-16
3.3523203403e-02 2.9763514416e-03 1.3365626932e-15
3.7171374071e-02 2.9763514416e-03 2.0596210612e-15
4.1216557790e-02 2.9763514416e-03 3.1643190831e-15
4.5701959599e-02 2.9763514416e-03 4.8345916675e-15
5.0675486338e-02 2.9763514416e-03 7.3166873128e-15
5.6190258320e-02 2.9763514416e-03 1.1136865994e-14
6.2305176688e-02 2.9763514416e-03 1.6641084798e-14
6.9085552518e-02 2.9763514416e-03 2.4231258516e-14
7.6603804377e-02 2.9763514416e-03 3.4064771902e-14
8.4940231802e-02 2.9763514416e-03 4.5684142041e-14
9.4183872945e-02 2.9763514416e-03 5.7508133270e-14
1.0443345556e-01 2.9763514416e-03 6.6396872175e-14
1.1579845146e-01 2.9763514416e-03 6.8042864572e-14
1.2840024578e-01 2.9763514416e-03 5.9192780005e-14
1.4237343339e-01 2.9763514416e-03 4.1206659828e-14
1.5786725650e-01 2.9763514416e-03 2.1321770052e-14
1.7504719864e-01 2.9763514416e-03 7.4898152161e-15
1.9409675211e-01 2.9763514416e-03 1.5754311772e-15
2.1521937781e-01 2.9763514416e-03 1.5837219361e-16
2.3864067833e-01 2.9763514416e-03 5.4201763556e-18
2.6461080752e-01 2.9763514416e-03 3.4620479588e-20
2.9340714225e-01 2.9763514416e-03 1.6786461333e-23
3.2533724503e-01 2.9763514416e-03 1.5864554687e-28
3.6074214893e-01 2.9763514416e-03 3.3040335672e-36
4.0000000000e-01 2.9763514416e-03 nan
2.0000000000e-02 5.4555947812e-03 4.7583185490e-16
2.2176504808e-02 5.4555947812e-03 7.5145000645e-16
2.4589868274e-02 5.4555947812e-03 1.1821062929e-15
2.7265866600e-02 5.4555947812e-03 1.8548669973e-15
3.0233081086e-02 5.4555947812e-03 2.8941737599e-15
3.3523203403e-02 5.4555947812e-03 4.4906540879e-15
3.7171374071e-02 5.4555947812e-03 6.9200376360e-15
4.1216557790e-02 5.4555947812e-03 1.0631693277e-14
4.5701959599e-02 5.4555947812e-03 1.6243634585e-14
5.0675486338e-02 5.4555947812e-03 2.4583255839e-14
5.6190258320e-02 5.4555947812e-03 3.7418785785e-14
6.2305176688e-02 5.4555947812e-03 5.5912702137e-14
6.9085552518e-02 5.4555947812e-03 8.1415557570e-14
7.6603804377e-02 5.4555947812e-03 1.1445638305e-13
8.4940231802e-02 5.4555947812e-03 1.5349835663e-13
9.4183872945e-02 5.4555947812e-03 1.9322886291e-13
1.0443345556e-01 5.4555947812e-03 2.2309801691e-13
1.1579845146e-01 5.4555947812e-03 2.2863204328e-13
1.2840024578e-01 5.4555947812e-03 1.9889822992e-13
1.4237343339e-01 5.4555947812e-03 1.3846459448e-13
1.5786725650e-01 5.4555947812e-03 7.1648226641e-14
1.7504719864e-01 5.4555947812e-03 2.5169010487e-14
1.9409675211e-01 5.4555947812e-03 5.2943118571e-15
2.1521937781e-01 5.4555947812e-03 5.3223847409e-16
2.3864067833e-01 5.4555947812e-03 1.8216283112e-17
2.6461080752e-01 5.4555947812e-03 1.1635872767e-19
2.9340714225e-01 5.4555947812e-03 5.6421187014e-23
3.2533724503e-01 5.4555947812e-03 5.3323639930e-28
3.6074214893e-01 5.4555947812e-03 1.1105158888e-35
4.0000000000e-01 5.4555947812e-03 nan
2.0000000000e-02 1.0000000000e-02 1.5987318386e-15
2.2176504808e-02 1.0000000000e-02 2.5247790888e-15
2.4589868274e-02 1.0000000000e-02 3.9717438634e-15
2.7265866600e-02 1.0000000000e-02 6.2321682163e-15
3.0233081086e-02 1.0000000000e-02 9.7241806132e-15
3.3523203403e-02 1.0000000000e-02 1.5088304494e-14
3.7171374071e-02 1.0000000000e-02 2.3251029992e-14
4.1216557790e-02 1.0000000000e-02 3.5722320262e-14
4.5701959599e-02 1.0000000000e-02 5.4578878761e-14
5.0675486338e-02 1.0000000000e-02 8.2601097421e-14
5.6190258320e-02 1.0000000000e-02 1.2573092916e-13
6.2305176688e-02 1.0000000000e-02 1.8787549630e-13
6.9085552518e-02 1.0000000000e-02 2.7357457784e-13
7.6603804377e-02 1.0000000000e-02 3.8460840766e-13
8.4940231802e-02 1.0000000000e-02 5.1581622435e-13
9.4183872945e-02 1.0000000000e-02 6.4934915958e-13
1.0443345556e-01 1.0000000000e-02 7.4975608890e-13
1.1579845146e-01 1.0000000000e-02 7.6839220585e-13
1.2840024578e-01 1.0000000000e-02 6.6850173277e-13
1.4237343339e-01 1.0000000000e-02 4.6541573828e-13
1.5786725650e-01 1.0000000000e-02 2.4084866971e-13
1.7504719864e-01 1.0000000000e-02 8.4615140548e-14
1.9409675211e-01 1.0000000000e-02 1.7800899815e-14
2.1521937781e-01 1.0000000000e-02 1.7897673552e-15
2.3864067833e-01 1.0000000000e-02 6.1265201895e-17
2.6461080752e-01 1.0000000000e-02 3.9139794278e-19
2.9340714225e-01 1.0000000000e-02 1.8981008624e-22
3.2533724503e-01 1.0000000000e-02 1.7940155751e-27
3.6074214893e-01 1.0000000000e-02 3.7358705417e-35
4.0000000000e-01 1.0000000000e-02 nan
