2.0000000000e-02 1.0000000000e-07 1.8790282119e-25
2.2176504808e-02 1.0000000000e-07 2.9524891946e-25
2.4589868274e-02 1.0000000000e-07 4.6587525833e-25
2.7265866600e-02 1.0000000000e-07 7.3065434053e-25
3.0233081086e-02 1.0000000000e-07 1.1409623349e-24
3.3523203403e-02 1.0000000000e-07 1.7679857237e-24
3.7171374071e-02 1.0000000000e-07 2.7177463183e-24
4.1216557790e-02 1.0000000000e-07 4.1592027578e-24
4.5701959599e-02 1.0000000000e-07 6.3390428987e-24
5.0675486338e-02 1.0000000000e-07 9.5706253428e-24
5.6190258320e-02 1.0000000000e-07 1.4614929841e-23
6.2305176688e-02 1.0000000000e-07 2.1934058197e-23
6.9085552518e-02 1.0000000000e-07 3.2123742295e-23
7.6603804377e-02 1.0000000000e-07 4.5495960934e-23
8.4940231802e-02 1.0000000000e-07 6.1579110941e-23
9.4183872945e-02 1.0000000000e-07 7.8385782078e-23
1.0443345556e-01 1.0000000000e-07 9.1708245158e-23
1.1579845146e-01 1.0000000000e-07 9.5472396738e-23
1.2840024578e-01 1.0000000000e-07 8.4642667622e-23
1.4237343339e-01 1.0000000000e-07 6.0315437726e-23
1.5786725650e-01 1.0000000000e-07 3.2141233902e-23
1.7504719864e-01 1.0000000000e-07 1.1702409736e-23
1.9409675211e-01 1.0000000000e-07 2.5604289773e-24
2.1521937781e-01 1.0000000000e-07 2.6760697703e-25
2.3864067833e-01 1.0000000000e-07 9.4628069504e-27
2.6461080752e-01 1.0000000000e-07 6.1778891491e-29
2.9340714225e-01 1.0000000000e-07 3.0347111800e-32
3.2533724503e-01 1.0000000000e-07 2.8668737078e-37
3.6074214893e-01 1.0000000000e-07 6.0336607669e-45
4.0000000000e-01 1.0000000000e-07 nan
2.0000000000e-02 1.8329807108e-07 6.3131933468e-25
2.2176504808e-02 1.8329807108e-07 9.9198271860e-25
2.4589868274e-02 1.8329807108e-07 1.5652562120e-24
2.7265866600e-02 1.8329807108e-07 2.4548658143e-24
3.0233081086e-02 1.8329807108e-07 3.8334261168e-24
3.3523203403e-02 1.8329807108e-07 5.9401107645e-24
3.7171374071e-02 1.8329807108e-07 9.1311337778e-24
4.1216557790e-02 1.8329807108e-07 1.3974165482e-23
4.5701959599e-02 1.8329807108e-07 2.1298032249e-23
5.0675486338e-02 1.8329807108e-07 3.2155562038e-23
5.6190258320e-02 1.8329807108e-07 4.9103508532e-23
6.2305176688e-02 1.8329807108e-07 7.3694449824e-23
6.9085552518e-02 1.8329807108e-07 1.0792993679e-22
7.6603804377e-02 1.8329807108e-07 1.5285816150e-22
8.4940231802e-02 1.8329807108e-07 2.0689462299e-22
9.4183872945e-02 1.8329807108e-07 2.6336198401e-22
1.0443345556e-01 1.8329807108e-07 3.0812303909e-22
1.1579845146e-01 1.8329807108e-07 3.2076990439e-22
1.2840024578e-01 1.8329807108e-07 2.8438398248e-22
1.4237343339e-01 1.8329807108e-07 2.0264891062e-22
1.5786725650e-01 1.8329807108e-07 1.0798870541e-22
1.7504719864e-01 1.8329807108e-07 3.9317970226e-23
1.9409675211e-01 1.8329807108e-07 8.6025760988e-24
2.1521937781e-01 1.8329807108e-07 8.9911081497e-25
2.3864067833e-01 1.8329807108e-07 3.1793311832e-26
2.6461080752e-01 1.8329807108e-07 2.0756584934e-28
2.9340714225e-01 1.8329807108e-07 1.0196078116e-31
3.2533724503e-01 1.8329807108e-07 9.6321747078e-37
3.6074214893e-01 1.8329807108e-07 2.0272003778e-44
4.0000000000e-01 1.8329807108e-07 nan
2.0000000000e-02 3.3598182863e-07 2.1211182451e-24
2.2176504808e-02 3.3598182863e-07 3.3328816776e-24
2.4589868274e-02 3.3598182863e-07 5.2589764440e-24
2.7265866600e-02 3.3598182863e-07 8.2479030531e-24
3.0233081086e-02 3.3598182863e-07 1.2879615166e-23
3.3523203403e-02 3.3598182863e-07 1.9957692769e-23
3.7171374071e-02 3.3598182863e-07 3.0678950241e-23
4.1216557790e-02 3.3598182863e-07 4.6950656722e-23
4.5701959599e-02 3.3598182863e-07 7.1557518211e-23
5.0675486338e-02 3.3598182863e-07 1.0803684534e-22
5.6190258320e-02 3.3598182863e-07 1.6497886589e-22
6.2305176688e-02 3.3598182863e-07 2.4759996011e-22
6.9085552518e-02 3.3598182863e-07 3.6262497525e-22
7.6603804377e-02 3.3598182863e-07 5.1357564621e-22
8.4940231802e-02 3.3598182863e-07 6.9512833767e-22
9.4183872945e-02 3.3598182863e-07 8.8484840979e-22
1.0443345556e-01 3.3598182863e-07 1.0352374211e-21
1.1579845146e-01 3.3598182863e-07 1.0777285905e-21
1.2840024578e-01 3.3598182863e-07 9.5547850465e-22
1.4237343339e-01 3.3598182863e-07 6.8086351559e-22
1.5786725650e-01 3.3598182863e-07 3.6282242714e-22
1.7504719864e-01 3.3598182863e-07 1.3210123535e-22
1.9409675211e-01 3.3598182863e-07 2.8903092486e-23
2.1521937781e-01 3.3598182863e-07 3.0208489576e-24
2.3864067833e-01 3.3598182863e-07 1.0681975047e-25
2.6461080752e-01 3.3598182863e-07 6.9738353622e-28
2.9340714225e-01 3.3598182863e-07 3.4256969703e-31
3.2533724503e-01 3.3598182863e-07 3.2362356720e-36
3.6074214893e-01 3.3598182863e-07 6.8110248992e-44
4.0000000000e-01 3.3598182863e-07 nan
2.0000000000e-02 6.1584821107e-07 7.1265718674e-24
2.2176504808e-02 6.1584821107e-07 1.1197876807e-23
2.4589868274e-02 6.1584821107e-07 1.7669205224e-23
2.7265866600e-02 6.1584821107e-07 2.7711455501e-23
3.0233081086e-02 6.1584821107e-07 4.3273166556e-23
3.3523203403e-02 6.1584821107e-07 6.7054221117e-23
3.7171374071e-02 6.1584821107e-07 1.0307569802e-22
4.1216557790e-02 6.1584821107e-07 1.5774567501e-22
4.5701959599e-02 6.1584821107e-07 2.4042025820e-22
5.0675486338e-02 6.1584821107e-07 3.6298416857e-22
5.6190258320e-02 6.1584821107e-07 5.5429901046e-22
6.2305176688e-02 6.1584821107e-07 8.3189087368e-22
6.9085552518e-02 6.1584821107e-07 1.2183540229e-21
7.6603804377e-02 6.1584821107e-07 1.7255208475e-21
8.4940231802e-02 6.1584821107e-07 2.3355049002e-21
9.4183872945e-02 6.1584821107e-07 2.9729298678e-21
1.0443345556e-01 6.1584821107e-07 3.4782096182e-21
1.1579845146e-01 6.1584821107e-07 3.6209722259e-21
1.2840024578e-01 6.1584821107e-07 3.2102341521e-21
1.4237343339e-01 6.1584821107e-07 2.2875776901e-21
1.5786725650e-01 6.1584821107e-07 1.2190174254e-21
1.7504719864e-01 6.1584821107e-07 4.4383614616e-22
1.9409675211e-01 6.1584821107e-07 9.7109138665e-23
2.1521937781e-01 6.1584821107e-07 1.0149503568e-23
2.3864067833e-01 6.1584821107e-07 3.5889495098e-25
2.6461080752e-01 6.1584821107e-07 2.3430819575e-27
2.9340714225e-01 6.1584821107e-07 1.1509719324e-30
3.2533724503e-01 6.1584821107e-07 1.0873163790e-35
3.6074214893e-01 6.1584821107e-07 2.2883806005e-43
4.0000000000e-01 6.1584821107e-07 nan
2.0000000000e-02 1.1288378917e-06 2.3943986478e-23
2.2176504808e-02 1.1288378917e-06 3.7622831262e-23
2.4589868274e-02 1.1288378917e-06 5.9365318814e-23
2.7265866600e-02 1.1288378917e-06 9.3105454933e-23
3.0233081086e-02 1.1288378917e-06 1.4538997630e-22
3.3523203403e-02 1.1288378917e-06 2.2528999828e-22
3.7171374071e-02 1.1288378917e-06 3.4631561509e-22
4.1216557790e-02 1.1288378917e-06 5.2999680348e-22
4.5701959599e-02 1.1288378917e-06 8.0776837991e-22
5.0675486338e-02 1.1288378917e-06 1.2195608472e-21
5.6190258320e-02 1.1288378917e-06 1.8623439514e-21
6.2305176688e-02 1.1288378917e-06 2.7950021696e-21
6.9085552518e-02 1.1288378917e-06 4.0934481254e-21
7.6603804377e-02 1.1288378917e-06 5.7974364969e-21
8.4940231802e-02 1.1288378917e-06 7.8468720714e-21
9.4183872945e-02 1.1288378917e-06 9.9885041337e-21
1.0443345556e-01 1.1288378917e-06 1.1686152279e-20
1.1579845146e-01 1.1288378917e-06 1.2165808699e-20
1.2840024578e-01 1.1288378917e-06 1.0785803407e-20
1.4237343339e-01 1.1288378917e-06 7.6858453547e-21
1.5786725650e-01 1.1288378917e-06 4.0956770371e-21
1.7504719864e-01 1.1288378917e-06 1.4912088000e-21
1.9409675211e-01 1.1288378917e-06 3.2626905985e-22
2.1521937781e-01 1.1288378917e-06 3.4100487684e-23
2.3864067833e-01 1.1288378917e-06 1.2058218192e-24
2.6461080752e-01 1.1288378917e-06 7.8723296073e-27
2.9340714225e-01 1.1288378917e-06 3.8670565455e-30
3.2533724503e-01 1.1288378917e-06 3.6531854531e-35
3.6074214893e-01 1.1288378917e-06 7.6885429876e-43
4.0000000000e-01 1.1288378917e-06 nan
2.0000000000e-02 2.0691380811e-06 8.0447443617e-23
2.2176504808e-02 2.0691380811e-06 1.2640587646e-22
2.4589868274e-02 2.0691380811e-06 1.9945668372e-22
2.7265866600e-02 2.0691380811e-06 3.1281741004e-22
3.0233081086e-02 2.0691380811e-06 4.8848390101e-22
3.3523203403e-02 2.0691380811e-06 7.5693345595e-22
3.7171374071e-02 2.0691380811e-06 1.1635575364e-21
4.1216557790e-02 2.0691380811e-06 1.7806929520e-21
4.5701959599e-02 2.0691380811e-06 2.7139549739e-21
5.0675486338e-02 2.0691380811e-06 4.0975028356e-21
5.6190258320e-02 2.0691380811e-06 6.2571372633e-21
6.2305176688e-02 2.0691380811e-06 9.3906993996e-21
6.9085552518e-02 2.0691380811e-06 1.3753241866e-20
7.6603804377e-02 2.0691380811e-06 1.9478333156e-20
8.4940231802e-02 2.0691380811e-06 2.6364064276e-20
9.4183872945e-02 2.0691380811e-06 3.3559558841e-20
1.0443345556e-01 2.0691380811e-06 3.9263348123e-20
1.1579845146e-01 2.0691380811e-06 4.0874906534e-20
1.2840024578e-01 2.0691380811e-06 3.6238339521e-20
1.4237343339e-01 2.0691380811e-06 2.5823043769e-20
1.5786725650e-01 2.0691380811e-06 1.3760730604e-20
1.7504719864e-01 2.0691380811e-06 5.0101905950e-21
1.9409675211e-01 2.0691380811e-06 1.0962047536e-21
2.1521937781e-01 2.0691380811e-06 1.1457144210e-22
2.3864067833e-01 2.0691380811e-06 4.0513421982e-24
2.6461080752e-01 2.0691380811e-06 2.6449596972e-26
2.9340714225e-01 2.0691380811e-06 1.2992607297e-29
3.2533724503e-01 2.0691380811e-06 1.2274039289e-34
3.6074214893e-01 2.0691380811e-06 2.5832107326e-42
4.0000000000e-01 2.0691380811e-06 nan
2.0000000000e-02 3.7926901907e-06 2.7028879215e-22
2.2176504808e-02 3.7926901907e-06 4.2470077521e-22
2.4589868274e-02 3.7926901907e-06 6.7013821330e-22
2.7265866600e-02 3.7926901907e-06 1.0510096545e-21
3.0233081086e-02 3.7926901907e-06 1.6412171432e-21
3.3523203403e-02 3.7926901907e-06 2.5431588668e-21
3.7171374071e-02 3.7926901907e-06 3.9093418880e-21
4.1216557790e-02 3.7926901907e-06 5.9828047424e-21
4.5701959599e-02 3.7926901907e-06 9.1183955496e-21
5.0675486338e-02 3.7926901907e-06 1.3766864955e-20
5.6190258320e-02 3.7926901907e-06 2.1022844197e-20
6.2305176688e-02 3.7926901907e-06 3.1551043564e-20
6.9085552518e-02 3.7926901907e-06 4.6208393517e-20
7.6603804377e-02 3.7926901907e-06 6.5443659925e-20
8.4940231802e-02 3.7926901907e-06 8.8578465257e-20
9.4183872945e-02 3.7926901907e-06 1.1275401948e-19
1.0443345556e-01 3.7926901907e-06 1.3191771501e-19
1.1579845146e-01 3.7926901907e-06 1.3733225843e-19
1.2840024578e-01 3.7926901907e-06 1.2175423579e-19
1.4237343339e-01 3.7926901907e-06 8.6760734667e-20
1.5786725650e-01 3.7926901907e-06 4.6233554320e-20
1.7504719864e-01 3.7926901907e-06 1.6833329980e-20
1.9409675211e-01 3.7926901907e-06 3.6830487770e-21
2.1521937781e-01 3.7926901907e-06 3.8493922629e-22
2.3864067833e-01 3.7926901907e-06 1.3611773604e-23
2.6461080752e-01 3.7926901907e-06 8.8865839585e-26
2.9340714225e-01 3.7926901907e-06 4.3652799590e-29
3.2533724503e-01 3.7926901907e-06 4.1238541658e-34
3.6074214893e-01 3.7926901907e-06 8.6791186583e-42
4.0000000000e-01 3.7926901907e-06 nan
2.0000000000e-02 6.9519279618e-06 9.0812122645e-22
2.2176504808e-02 6.9519279618e-06 1.4269174308e-21
2.4589868274e-02 6.9519279618e-06 2.2515426234e-21
2.7265866600e-02 6.9519279618e-06 3.5312014563e-21
3.0233081086e-02 6.9519279618e-06 5.5141913695e-21
3.3523203403e-02 6.9519279618e-06 8.5445516657e-21
3.7171374071e-02 6.9519279618e-06 1.3134678363e-20
4.1216557790e-02 6.9519279618e-06 2.0101136777e-20
4.5701959599e-02 6.9519279618e-06 3.0636152110e-20
5.0675486338e-02 6.9519279618e-06 4.6254164623e-20
5.6190258320e-02 6.9519279618e-06 7.0632936367e-20
6.2305176688e-02 6.9519279618e-06 1.0600577312e-19
6.9085552518e-02 6.9519279618e-06 1.5525180553e-19
7.6603804377e-02 6.9519279618e-06 2.1987880535e-19
8.4940231802e-02 6.9519279618e-06 2.9760754737e-19
9.4183872945e-02 6.9519279618e-06 3.7883301653e-19
1.0443345556e-01 6.9519279618e-06 4.4321955123e-19
1.1579845146e-01 6.9519279618e-06 4.6141143324e-19
1.2840024578e-01 6.9519279618e-06 4.0907210793e-19
1.4237343339e-01 6.9519279618e-06 2.9150030293e-19
1.5786725650e-01 6.9519279618e-06 1.5533634128e-19
1.7504719864e-01 6.9519279618e-06 5.6556929903e-20
1.9409675211e-01 6.9519279618e-06 1.2374374635e-20
2.1521937781e-01 6.9519279618e-06 1.2933258521e-21
2.3864067833e-01 6.9519279618e-06 4.5733085884e-23
2.6461080752e-01 6.9519279618e-06 2.9857307303e-25
2.9340714225e-01 6.9519279618e-06 1.4666547440e-28
3.2533724503e-01 6.9519279618e-06 1.3855400645e-33
3.6074214893e-01 6.9519279618e-06 2.9160261595e-41
4.0000000000e-01 6.9519279618e-06 nan
2.0000000000e-02 1.2742749857e-05 3.0511223029e-21
2.2176504808e-02 1.2742749857e-05 4.7941832771e-21
2.4589868274e-02 1.2742749857e-05 7.5647740787e-21
2.7265866600e-02 1.2742749857e-05 1.1864195226e-20
3.0233081086e-02 1.2742749857e-05 1.8526680998e-20
3.3523203403e-02 1.2742749857e-05 2.8708140936e-20
3.7171374071e-02 1.2742749857e-05 4.4130132551e-20
4.1216557790e-02 1.2742749857e-05 6.7536166925e-20
4.5701959599e-02 1.2742749857e-05 1.0293190409e-19
5.0675486338e-02 1.2742749857e-05 1.5540558814e-19
5.6190258320e-02 1.2742749857e-05 2.3731383125e-19
6.2305176688e-02 1.2742749857e-05 3.5616013505e-19
6.9085552518e-02 1.2742749857e-05 5.2161785529e-19
7.6603804377e-02 1.2742749857e-05 7.3875283117e-19
8.4940231802e-02 1.2742749857e-05 9.9990728006e-19
9.4183872945e-02 1.2742749857e-05 1.2728100968e-18
1.0443345556e-01 1.2742749857e-05 1.4891371537e-18
1.1579845146e-01 1.2742749857e-05 1.5502585716e-18
1.2840024578e-01 1.2742749857e-05 1.3744079494e-18
1.4237343339e-01 1.2742749857e-05 9.7938804891e-19
1.5786725650e-01 1.2742749857e-05 5.2190188040e-19
1.7504719864e-01 1.2742749857e-05 1.9002100749e-19
1.9409675211e-01 1.2742749857e-05 4.1575650228e-20
2.1521937781e-01 1.2742749857e-05 4.3453398542e-21
2.3864067833e-01 1.2742749857e-05 1.5365485849e-22
2.6461080752e-01 1.2742749857e-05 1.0031512725e-24
2.9340714225e-01 1.2742749857e-05 4.9276934389e-28
3.2533724503e-01 1.2742749857e-05 4.6551628555e-33
3.6074214893e-01 1.2742749857e-05 9.7973180342e-41
4.0000000000e-01 1.2742749857e-05 nan
2.0000000000e-02 2.3357214691e-05 1.0251216508e-20
2.2176504808e-02 2.3357214691e-05 1.6107584644e-20
2.4589868274e-02 2.3357214691e-05 2.5416266284e-20
2.7265866600e-02 2.3357214691e-05 3.9861540078e-20
3.0233081086e-02 2.3357214691e-05 6.2246281612e-20
3.3523203403e-02 2.3357214691e-05 9.6454136901e-20
3.7171374071e-02 2.3357214691e-05 1.4826922636e-19
4.1216557790e-02 2.3357214691e-05 2.2690924868e-19
4.5701959599e-02 2.3357214691e-05 3.4583249372e-19
5.0675486338e-02 2.3357214691e-05 5.2213453701e-19
5.6190258320e-02 2.3357214691e-05 7.9733135019e-19
6.2305176688e-02 2.3357214691e-05 1.1966333352e-18
6.9085552518e-02 2.3357214691e-05 1.7525412098e-18
7.6603804377e-02 2.3357214691e-05 2.4820752732e-18
8.4940231802e-02 2.3357214691e-05 3.3595067673e-18
9.4183872945e-02 2.3357214691e-05 4.2764106431e-18
1.0443345556e-01 2.3357214691e-05 5.0032302465e-18
1.1579845146e-01 2.3357214691e-05 5.2085871060e-18
1.2840024578e-01 2.3357214691e-05 4.6177609703e-18
1.4237343339e-01 2.3357214691e-05 3.2905658838e-18
1.5786725650e-01 2.3357214691e-05 1.7534954863e-18
1.7504719864e-01 2.3357214691e-05 6.3843605790e-19
1.9409675211e-01 2.3357214691e-05 1.3968663046e-19
2.1521937781e-01 2.3357214691e-05 1.4599552371e-20
2.3864067833e-01 2.3357214691e-05 5.1625240619e-22
2.6461080752e-01 2.3357214691e-05 3.3704060105e-24
2.9340714225e-01 2.3357214691e-05 1.6556154642e-27
3.2533724503e-01 2.3357214691e-05 1.5640501404e-32
3.6074214893e-01 2.3357214691e-05 3.2917208517e-40
4.0000000000e-01 2.3357214691e-05 nan
2.0000000000e-02 4.2813323987e-05 3.4442224688e-20
2.2176504808e-02 4.2813323987e-05 5.4118557451e-20
2.4589868274e-02 4.2813323987e-05 8.5394036262e-20
2.7265866600e-02 4.2813323987e-05 1.3392753133e-19
3.0233081086e-02 4.2813323987e-05 2.0913619532e-19
3.3523203403e-02 4.2813323987e-05 3.2406837315e-19
3.7171374071e-02 4.2813323987e-05 4.9815765838e-19
4.1216557790e-02 4.2813323987e-05 7.6237384373e-19
4.5701959599e-02 4.2813323987e-05 1.1619343376e-18
5.0675486338e-02 4.2813323987e-05 1.7542771676e-18
5.6190258320e-02 4.2813323987e-05 2.6788884547e-18
6.2305176688e-02 4.2813323987e-05 4.0204705692e-18
6.9085552518e-02 4.2813323987e-05 5.8882200172e-18
7.6603804377e-02 4.2813323987e-05 8.3393219129e-18
8.4940231802e-02 4.2813323987e-05 1.1287332306e-17
9.4183872945e-02 4.2813323987e-05 1.4367962733e-17
1.0443345556e-01 4.2813323987e-05 1.6809944550e-17
1.1579845146e-01 4.2813323987e-05 1.7499906301e-17
1.2840024578e-01 4.2813323987e-05 1.5514837852e-17
1.4237343339e-01 4.2813323987e-05 1.1055703516e-17
1.5786725650e-01 4.2813323987e-05 5.8914262554e-18
1.7504719864e-01 4.2813323987e-05 2.1450291661e-18
1.9409675211e-01 4.2813323987e-05 4.6932170164e-19
2.1521937781e-01 4.2813323987e-05 4.9051843804e-20
2.3864067833e-01 4.2813323987e-05 1.7345143068e-21
2.6461080752e-01 4.2813323987e-05 1.1323951987e-23
2.9340714225e-01 4.2813323987e-05 5.5625672438e-27
3.2533724503e-01 4.2813323987e-05 5.2549243937e-32
3.6074214893e-01 4.2813323987e-05 1.1059584169e-39
4.0000000000e-01 4.2813323987e-05 nan
2.0000000000e-02 7.8475997035e-05 1.1571961643e-19
2.2176504808e-02 7.8475997035e-05 1.8182851914e-19
2.4589868274e-02 7.8475997035e-05 2.8690844494e-19
2.7265866600e-02 7.8475997035e-05 4.4997216949e-19
3.0233081086e-02 7.8475997035e-05 7.0265961463e-19
3.3523203403e-02 7.8475997035e-05 1.0888108485e-18
3.7171374071e-02 7.8475997035e-05 1.6737192143e-18
4.1216557790e-02 7.8475997035e-05 2.5614375889e-18
4.5701959599e-02 7.8475997035e-05 3.9038882492e-18
5.0675486338e-02 7.8475997035e-05 5.8940525326e-18
5.6190258320e-02 7.8475997035e-05 9.0005784640e-18
6.2305176688e-02 7.8475997035e-05 1.3508050622e-17
6.9085552518e-02 7.8475997035e-05 1.9783349435e-17
7.6603804377e-02 7.8475997035e-05 2.8018606508e-17
8.4940231802e-02 7.8475997035e-05 3.7923385890e-17
9.4183872945e-02 7.8475997035e-05 4.8273744548e-17
1.0443345556e-01 7.8475997035e-05 5.6478359958e-17
1.1579845146e-01 7.8475997035e-05 5.8796506282e-17
1.2840024578e-01 7.8475997035e-05 5.2127037076e-17
1.4237343339e-01 7.8475997035e-05 3.7145155824e-17
1.5786725650e-01 7.8475997035e-05 1.9794122292e-17
1.7504719864e-01 7.8475997035e-05 7.2069084891e-18
1.9409675211e-01 7.8475997035e-05 1.5768357062e-18
2.1521937781e-01 7.8475997035e-05 1.6480529056e-19
2.3864067833e-01 7.8475997035e-05 5.8276532487e-21
2.6461080752e-01 7.8475997035e-05 3.8046423684e-23
2.9340714225e-01 7.8475997035e-05 1.8689216635e-26
3.2533724503e-01 7.8475997035e-05 1.7655592554e-31
3.6074214893e-01 7.8475997035e-05 3.7158196047e-39
4.0000000000e-01 7.8475997035e-05 nan
2.0000000000e-02 1.4384498883e-04 3.8879688454e-19
2.2176504808e-02 1.4384498883e-04 6.1091078577e-19
2.4589868274e-02 1.4384498883e-04 9.6396024388e-19
2.7265866600e-02 1.4384498883e-04 1.5118247310e-18
3.0233081086e-02 1.4384498883e-04 2.3608086365e-18
3.3523203403e-02 1.4384498883e-04 3.6582066252e-18
3.7171374071e-02 1.4384498883e-04 5.6233924705e-18
4.1216557790e-02 1.4384498883e-04 8.6059649384e-18
4.5701959599e-02 1.4384498883e-04 1.3116355287e-17
5.0675486338e-02 1.4384498883e-04 1.9802945768e-17
5.6190258320e-02 1.4384498883e-04 3.0240308638e-17
6.2305176688e-02 1.4384498883e-04 4.5384596440e-17
6.9085552518e-02 1.4384498883e-04 6.6468460860e-17
7.6603804377e-02 1.4384498883e-04 9.4137429328e-17
8.4940231802e-02 1.4384498883e-04 1.2741568998e-16
9.4183872945e-02 1.4384498883e-04 1.6219101668e-16
1.0443345556e-01 1.4384498883e-04 1.8975703638e-16
1.1579845146e-01 1.4384498883e-04 1.9754558922e-16
1.2840024578e-01 1.4384498883e-04 1.7513738539e-16
1.4237343339e-01 1.4384498883e-04 1.2480098488e-16
1.5786725650e-01 1.4384498883e-04 6.6504661112e-17
1.7504719864e-01 1.4384498883e-04 2.4213906004e-17
1.9409675211e-01 1.4384498883e-04 5.2978822407e-18
2.1521937781e-01 1.4384498883e-04 5.5371592786e-19
2.3864067833e-01 1.4384498883e-04 1.9579860047e-20
2.6461080752e-01 1.4384498883e-04 1.2782910076e-22
2.9340714225e-01 1.4384498883e-04 6.2792388636e-26
3.2533724503e-01 1.4384498883e-04 5.9319599455e-31
3.6074214893e-01 1.4384498883e-04 1.2484481949e-38
4.0000000000e-01 1.4384498883e-04 nan
2.0000000000e-02 2.6366508987e-04 1.3062868955e-18
2.2176504808e-02 2.6366508987e-04 2.0525492540e-18
2.4589868274e-02 2.6366508987e-04 3.2387313009e-18
2.7265866600e-02 2.6366508987e-04 5.0794564631e-18
3.0233081086e-02 2.6366508987e-04 7.9318881875e-18
3.3523203403e-02 2.6366508987e-04 1.2290909810e-17
3.7171374071e-02 2.6366508987e-04 1.8893577396e-17
4.1216557790e-02 2.6366508987e-04 2.8914479363e-17
4.5701959599e-02 2.6366508987e-04 4.4068572150e-17
5.0675486338e-02 2.6366508987e-04 6.6534302577e-17
5.6190258320e-02 2.6366508987e-04 1.0160194791e-16
6.2305176688e-02 2.6366508987e-04 1.5248400775e-16
6.9085552518e-02 2.6366508987e-04 2.2332196905e-16
7.6603804377e-02 2.6366508987e-04 3.1628468837e-16
8.4940231802e-02 2.6366508987e-04 4.2809361688e-16
9.4183872945e-02 2.6366508987e-04 5.4493242267e-16
1.0443345556e-01 2.6366508987e-04 6.3754927157e-16
1.1579845146e-01 2.6366508987e-04 6.6371742131e-16
1.2840024578e-01 2.6366508987e-04 5.8842993693e-16
1.4237343339e-01 2.6366508987e-04 4.1930875648e-16
1.5786725650e-01 2.6366508987e-04 2.2344365638e-16
1.7504719864e-01 2.6366508987e-04 8.1354358881e-17
1.9409675211e-01 2.6366508987e-04 1.7799930667e-17
2.1521937781e-01 2.6366508987e-04 1.8603860170e-18
2.3864067833e-01 2.6366508987e-04 6.5784818068e-20
2.6461080752e-01 2.6366508987e-04 4.2948289728e-22
2.9340714225e-01 2.6366508987e-04 2.1097120555e-25
3.2533724503e-01 2.6366508987e-04 1.9930326392e-30
3.6074214893e-01 2.6366508987e-04 4.1945627914e-38
4.0000000000e-01 2.6366508987e-04 nan
2.0000000000e-02 4.8329302386e-04 4.3888867480e-18
2.2176504808e-02 4.8329302386e-04 6.8961927952e-18
2.4589868274e-02 4.8329302386e-04 1.0881549171e-17
2.7265866600e-02 4.8329302386e-04 1.7066051682e-17
3.0233081086e-02 4.8329302386e-04 2.6649704787e-17
3.3523203403e-02 4.8329302386e-04 4.1295226878e-17
3.7171374071e-02 4.8329302386e-04 6.3478992958e-17
4.1216557790e-02 4.8329302386e-04 9.7147407700e-17
4.5701959599e-02 4.8329302386e-04 1.4806241495e-16
5.0675486338e-02 4.8329302386e-04 2.2354320329e-16
5.6190258320e-02 4.8329302386e-04 3.4136414978e-16
6.2305176688e-02 4.8329302386e-04 5.1231867849e-16
6.9085552518e-02 4.8329302386e-04 7.5032144742e-16
7.6603804377e-02 4.8329302386e-04 1.0626594396e-15
8.4940231802e-02 4.8329302386e-04 1.4383173463e-15
9.4183872945e-02 4.8329302386e-04 1.8308748099e-15
1.0443345556e-01 4.8329302386e-04 2.1420509516e-15
1.1579845146e-01 4.8329302386e-04 2.2299714898e-15
1.2840024578e-01 4.8329302386e-04 1.9770193204e-15
1.4237343339e-01 4.8329302386e-04 1.4088026422e-15
1.5786725650e-01 4.8329302386e-04 7.5073098412e-16
1.7504719864e-01 4.8329302386e-04 2.7333625442e-16
1.9409675211e-01 4.8329302386e-04 5.9804634553e-17
2.1521937781e-01 4.8329302386e-04 6.2505715709e-18
2.3864067833e-01 4.8329302386e-04 2.2102555666e-19
2.6461080752e-01 4.8329302386e-04 1.4429884092e-21
2.9340714225e-01 4.8329302386e-04 7.0882705871e-25
3.2533724503e-01 4.8329302386e-04 6.6962488343e-30
3.6074214893e-01 4.8329302386e-04 1.4093010725e-37
4.0000000000e-01 4.8329302386e-04 nan
2.0000000000e-02 8.8586679041e-04 1.4745863637e-17
2.2176504808e-02 8.8586679041e-04 2.3169957800e-17
2.4589868274e-02 8.8586679041e-04 3.6560033776e-17
2.7265866600e-02 8.8586679041e-04 5.7338843503e-17
3.0233081086e-02 8.8586679041e-04 8.9538185894e-17
3.3523203403e-02 8.8586679041e-04 1.3874449612e-16
3.7171374071e-02 8.8586679041e-04 2.1327795051e-16
4.1216557790e-02 8.8586679041e-04 3.2639776326e-16
4.5701959599e-02 8.8586679041e-04 4.9746303948e-16
5.0675486338e-02 8.8586679041e-04 7.5106495788e-16
5.6190258320e-02 8.8586679041e-04 1.1469222723e-15
6.2305176688e-02 8.8586679041e-04 1.7212990291e-15
6.9085552518e-02 8.8586679041e-04 2.5209461138e-15
7.6603804377e-02 8.8586679041e-04 3.5703466807e-15
8.4940231802e-02 8.8586679041e-04 4.8324915146e-15
9.4183872945e-02 8.8586679041e-04 6.1514167291e-15
1.0443345556e-01 8.8586679041e-04 7.1969160744e-15
1.1579845146e-01 8.8586679041e-04 7.4923166082e-15
1.2840024578e-01 8.8586679041e-04 6.6424443820e-15
1.4237343339e-01 8.8586679041e-04 4.7333368478e-15
1.5786725650e-01 8.8586679041e-04 2.5223298644e-15
1.7504719864e-01 8.8586679041e-04 9.1836456850e-16
1.9409675211e-01 8.8586679041e-04 2.0093385623e-16
2.1521937781e-01 8.8586679041e-04 2.1000927025e-17
2.3864067833e-01 8.8586679041e-04 7.4261159908e-19
2.6461080752e-01 8.8586679041e-04 4.8482230637e-21
2.9340714225e-01 8.8586679041e-04 2.3815543207e-24
3.2533724503e-01 8.8586679041e-04 2.2498420039e-29
3.6074214893e-01 8.8586679041e-04 4.7350428744e-37
4.0000000000e-01 8.8586679041e-04 nan
2.0000000000e-02 1.6237767392e-03 4.9543441309e-17
2.2176504808e-02 1.6237767392e-03 7.7846883369e-17
2.4589868274e-02 1.6237767392e-03 1.2283513651e-16
2.7265866600e-02 1.6237767392e-03 1.9264821894e-16
3.0233081086e-02 1.6237767392e-03 3.0083226488e-16
3.3523203403e-02 1.6237767392e-03 4.6615672106e-16
3.7171374071e-02 1.6237767392e-03 7.1657593910e-16
4.1216557790e-02 1.6237767392e-03 1.0966386005e-15
4.5701959599e-02 1.6237767392e-03 1.6713880155e-15
5.0675486338e-02 1.6237767392e-03 2.5234464722e-15
5.6190258320e-02 1.6237767392e-03 3.8534589974e-15
6.2305176688e-02 1.6237767392e-03 5.7832673599e-15
6.9085552518e-02 1.6237767392e-03 8.4699478781e-15
7.6603804377e-02 1.6237767392e-03 1.1995761935e-14
8.4940231802e-02 1.6237767392e-03 1.6236367784e-14
9.4183872945e-02 1.6237767392e-03 2.0667756007e-14
1.0443345556e-01 1.6237767392e-03 2.4180489590e-14
1.1579845146e-01 1.6237767392e-03 2.5173021234e-14
1.2840024578e-01 1.6237767392e-03 2.2317617386e-14
1.4237343339e-01 1.6237767392e-03 1.5903331957e-14
1.5786725650e-01 1.6237767392e-03 8.4746848718e-15
1.7504719864e-01 1.6237767392e-03 3.0855879946e-15
1.9409675211e-01 1.6237767392e-03 6.7511424249e-16
2.1521937781e-01 1.6237767392e-03 7.0560905678e-17
2.3864067833e-01 1.6237767392e-03 2.4951065418e-18
2.6461080752e-01 1.6237767392e-03 1.6289647670e-20
2.9340714225e-01 1.6237767392e-03 8.0018630112e-24
3.2533724503e-01 1.6237767392e-03 7.5593320740e-29
3.6074214893e-01 1.6237767392e-03 1.5909418227e-36
4.0000000000e-01 1.6237767392e-03 nan
2.0000000000e-02 2.9763514416e-03 1.6645717472e-16
2.2176504808e-02 2.9763514416e-03 2.6155178255e-16
2.4589868274e-02 2.9763514416e-03 4.1270448828e-16
2.7265866600e-02 2.9763514416e-03 6.4726440877e-16
3.0233081086e-02 2.9763514416e-03 1.0107443476e-15
3.3523203403e-02 2.9763514416e-03 1.5662066829e-15
3.7171374071e-02 2.9763514416e-03 2.4075737590e-15
4.1216557790e-02 2.9763514416e-03 3.6845225305e-15
4.5701959599e-02 2.9763514416e-03 5.6155893527e-15
5.0675486338e-02 2.9763514416e-03 8.4783745733e-15
5.6190258320e-02 2.9763514416e-03 1.2947018792e-14
6.2305176688e-02 2.9763514416e-03 1.9430901336e-14
6.9085552518e-02 2.9763514416e-03 2.8457790847e-14
7.6603804377e-02 2.9763514416e-03 4.0304098095e-14
8.4940231802e-02 2.9763514416e-03 5.4552085521e-14
9.4183872945e-02 2.9763514416e-03 6.9441186859e-14
1.0443345556e-01 2.9763514416e-03 8.1243849992e-14
1.1579845146e-01 2.9763514416e-03 8.4579022180e-14
1.2840024578e-01 2.9763514416e-03 7.4985524071e-14
1.4237343339e-01 2.9763514416e-03 5.3434340375e-14
1.5786725650e-01 2.9763514416e-03 2.8474697890e-14
1.7504719864e-01 2.9763514416e-03 1.0367578526e-14
1.9409675211e-01 2.9763514416e-03 2.2684079031e-15
2.1521937781e-01 2.9763514416e-03 2.3708996183e-16
2.3864067833e-01 2.9763514416e-03 8.3838553841e-18
2.6461080752e-01 2.9763514416e-03 5.4735890748e-20
2.9340714225e-01 2.9763514416e-03 2.6887890145e-23
3.2533724503e-01 2.9763514416e-03 2.5401049702e-28
3.6074214893e-01 2.9763514416e-03 5.3458787878e-36
4.0000000000e-01 2.9763514416e-03 nan
2.0000000000e-02 5.4555947812e-03 5.5926828251e-16
2.2176504808e-02 5.4555947812e-03 8.7877098024e-16
2.4589868274e-02 5.4555947812e-03 1.3866205579e-15
2.7265866600e-02 5.4555947812e-03 2.1747066000e-15
3.0233081086e-02 5.4555947812e-03 3.3959467256e-15
3.3523203403e-02 5.4555947812e-03 5.2622241190e-15
3.7171374071e-02 5.4555947812e-03 8.0891098507e-15
4.1216557790e-02 5.4555947812e-03 1.2379507998e-14
4.5701959599e-02 5.4555947812e-03 1.8867690938e-14
5.0675486338e-02 5.4555947812e-03 2.8486395891e-14
5.6190258320e-02 5.4555947812e-03 4.3500723063e-14
6.2305176688e-02 5.4555947812e-03 6.5286260740e-14
6.9085552518e-02 5.4555947812e-03 9.5616449962e-14
7.6603804377e-02 5.4555947812e-03 1.3542029077e-13
8.4940231802e-02 5.4555947812e-03 1.8329457827e-13
9.4183872945e-02 5.4555947812e-03 2.3332424441e-13
1.0443345556e-01 5.4555947812e-03 2.7298487946e-13
1.1579845146e-01 5.4555947812e-03 2.8419548904e-13
1.2840024578e-01 5.4555947812e-03 2.5196465851e-13
1.4237343339e-01 5.4555947812e-03 1.7955264402e-13
1.5786725650e-01 5.4555947812e-03 9.5684448084e-14
1.7504719864e-01 5.4555947812e-03 3.4839541519e-14
1.9409675211e-01 5.4555947812e-03 7.6230946281e-15
2.1521937781e-01 5.4555947812e-03 7.9678396290e-16
2.3864067833e-01 5.4555947812e-03 2.8176705587e-17
2.6461080752e-01 5.4555947812e-03 1.8396624780e-19
2.9340714225e-01 5.4555947812e-03 9.0373238854e-23
3.2533724503e-01 5.4555947812e-03 8.5377529593e-28
3.6074214893e-01 5.4555947812e-03 1.7967988207e-35
4.0000000000e-01 5.4555947812e-03 nan
2.0000000000e-02 1.0000000000e-02 1.8790671543e-15
2.2176504808e-02 1.0000000000e-02 2.9525618146e-15
2.4589868274e-02 1.0000000000e-02 4.6588887342e-15
2.7265866600e-02 1.0000000000e-02 7.3067973969e-15
3.0233081086e-02 1.0000000000e-02 1.1410095602e-14
3.3523203403e-02 1.0000000000e-02 1.7680729394e-14
3.7171374071e-02 1.0000000000e-02 2.7179062500e-14
4.1216557790e-02 1.0000000000e-02 4.1594949840e-14
4.5701959599e-02 1.0000000000e-02 6.3395751099e-14
5.0675486338e-02 1.0000000000e-02 9.5715863843e-14
5.6190258320e-02 1.0000000000e-02 1.4616685818e-13
6.2305176688e-02 1.0000000000e-02 2.1937213304e-13
6.9085552518e-02 1.0000000000e-02 3.2129277293e-13
7.6603804377e-02 1.0000000000e-02 4.5505354958e-13
8.4940231802e-02 1.0000000000e-02 6.1594353233e-13
9.4183872945e-02 1.0000000000e-02 7.8409046177e-13
1.0443345556e-01 1.0000000000e-02 9.1740881809e-13
1.1579845146e-01 1.0000000000e-02 9.5513128897e-13
1.2840024578e-01 1.0000000000e-02 8.4685938832e-13
1.4237343339e-01 1.0000000000e-02 6.0352354933e-13
1.5786725650e-01 1.0000000000e-02 3.2164758830e-13
1.7504719864e-01 1.0000000000e-02 1.1712633888e-13
1.9409675211e-01 1.0000000000e-02 2.5630908532e-14
2.1521937781e-01 1.0000000000e-02 2.6793607126e-15
2.3864067833e-01 1.0000000000e-02 9.4764266194e-17
2.6461080752e-01 1.0000000000e-02 6.1881093897e-19
2.9340714225e-01 1.0000000000e-02 3.0403046821e-22
3.2533724503e-01 1.0000000000e-02 2.8724340741e-27
3.6074214893e-01 1.0000000000e-02 6.0445860596e-35
4.0000000000e-01 1.0000000000e-02 nan
