2.0000000000e-02 1.0000000000e-07 1.8790276172e-25
2.3415598274e-02 1.0000000000e-07 3.7500678174e-25
2.7414512128e-02 1.0000000000e-07 7.4786818174e-25
3.2096360143e-02 1.0000000000e-07 1.4713724496e-24
3.7577773760e-02 1.0000000000e-07 2.8422266706e-24
4.3995302720e-02 1.0000000000e-07 5.4270085800e-24
5.1508816723e-02 1.0000000000e-07 1.0241516520e-23
6.0305487999e-02 1.0000000000e-07 1.9338501391e-23
7.0604454036e-02 1.0000000000e-07 3.4674440199e-23
8.2662276605e-02 1.0000000000e-07 5.7160543951e-23
9.6779333072e-02 1.0000000000e-07 8.2457022025e-23
1.1330729922e-01 1.0000000000e-07 9.5786921139e-23
1.3265791001e-01 1.0000000000e-07 7.8114223212e-23
1.5531321644e-01 1.0000000000e-07 3.6317099915e-23
1.8183759414e-01 1.0000000000e-07 7.1565477129e-24
2.1289180278e-01 1.0000000000e-07 3.5452640218e-25
2.4924944649e-01 1.0000000000e-07 1.4624079460e-27
2.9181624545e-01 1.0000000000e-07 4.9343010549e-32
3.4165259868e-01 1.0000000000e-07 1.7006028900e-40
4.0000000000e-01 1.0000000000e-07 nan
2.0000000000e-02 1.8329807108e-07 6.3131913488e-25
2.3415598274e-02 1.8329807108e-07 1.2599546428e-24
2.7414512128e-02 1.8329807108e-07 2.5127011927e-24
3.2096360143e-02 1.8329807108e-07 4.9435440622e-24
3.7577773760e-02 1.8329807108e-07 9.5493651416e-24
4.3995302720e-02 1.8329807108e-07 1.8233762667e-23
5.1508816723e-02 1.8329807108e-07 3.4409634483e-23
6.0305487999e-02 1.8329807108e-07 6.4973850604e-23
7.0604454036e-02 1.8329807108e-07 1.1649981825e-22
8.2662276605e-02 1.8329807108e-07 1.9204904082e-22
9.6779333072e-02 1.8329807108e-07 2.7704061043e-22
1.1330729922e-01 1.8329807108e-07 3.2182664923e-22
1.3265791001e-01 1.8329807108e-07 2.6244959557e-22
1.5531321644e-01 1.8329807108e-07 1.2201885640e-22
1.8183759414e-01 1.8329807108e-07 2.4044699873e-23
2.1289180278e-01 1.8329807108e-07 1.1911442890e-24
2.4924944649e-01 1.8329807108e-07 4.9134249591e-27
2.9181624545e-01 1.8329807108e-07 1.6578354914e-31
3.4165259868e-01 1.8329807108e-07 5.7137166874e-40
4.0000000000e-01 1.8329807108e-07 nan
2.0000000000e-02 3.3598182863e-07 2.1211175738e-24
2.3415598274e-02 3.3598182863e-07 4.2332186487e-24
2.7414512128e-02 3.3598182863e-07 8.4422194153e-24
3.2096360143e-02 3.3598182863e-07 1.6609409739e-23
3.7577773760e-02 3.3598182863e-07 3.2084131625e-23
4.3995302720e-02 3.3598182863e-07 6.1262129236e-23
5.1508816723e-02 3.3598182863e-07 1.1561011916e-22
6.0305487999e-02 3.3598182863e-07 2.1830033139e-22
7.0604454036e-02 3.3598182863e-07 3.9141821970e-22
8.2662276605e-02 3.3598182863e-07 6.4524987921e-22
9.6779333072e-02 3.3598182863e-07 9.3080610897e-22
1.1330729922e-01 3.3598182863e-07 1.0812790611e-21
1.3265791001e-01 3.3598182863e-07 8.8178295041e-22
1.5531321644e-01 3.3598182863e-07 4.0996118500e-22
1.8183759414e-01 3.3598182863e-07 8.0785822320e-23
2.1289180278e-01 3.3598182863e-07 4.0020283638e-24
2.4924944649e-01 3.3598182863e-07 1.6508215026e-26
2.9181624545e-01 3.3598182863e-07 5.5700259998e-31
3.4165259868e-01 3.3598182863e-07 1.9197049809e-39
4.0000000000e-01 3.3598182863e-07 nan
2.0000000000e-02 6.1584821107e-07 7.1265696120e-24
2.3415598274e-02 6.1584821107e-07 1.4222845426e-23
2.7414512128e-02 6.1584821107e-07 2.8364323168e-23
3.2096360143e-02 6.1584821107e-07 5.5804598567e-23
3.7577773760e-02 6.1584821107e-07 1.0779685213e-22
4.3995302720e-02 6.1584821107e-07 2.0582962206e-22
5.1508816723e-02 6.1584821107e-07 3.8842899244e-22
6.0305487999e-02 6.1584821107e-07 7.3344944530e-22
7.0604454036e-02 6.1584821107e-07 1.3150940921e-21
8.2662276605e-02 6.1584821107e-07 2.1679223434e-21
9.6779333072e-02 6.1584821107e-07 3.1273393859e-21
1.1330729922e-01 6.1584821107e-07 3.6329011620e-21
1.3265791001e-01 6.1584821107e-07 2.9626304813e-21
1.5531321644e-01 6.1584821107e-07 1.3773950860e-21
1.8183759414e-01 6.1584821107e-07 2.7142568310e-22
2.1289180278e-01 6.1584821107e-07 1.3446088079e-23
2.4924944649e-01 6.1584821107e-07 5.5464602718e-26
2.9181624545e-01 6.1584821107e-07 1.8714275209e-30
3.4165259868e-01 6.1584821107e-07 6.4498598991e-39
4.0000000000e-01 6.1584821107e-07 nan
2.0000000000e-02 1.1288378917e-06 2.3943978901e-23
2.3415598274e-02 1.1288378917e-06 4.7786176144e-23
2.7414512128e-02 1.1288378917e-06 9.5298971659e-23
3.2096360143e-02 1.1288378917e-06 1.8749331072e-22
3.7577773760e-02 1.1288378917e-06 3.6217783500e-22
4.3995302720e-02 1.1288378917e-06 6.9155012806e-22
5.1508816723e-02 1.1288378917e-06 1.3050508317e-21
6.0305487999e-02 1.1288378917e-06 2.4642568584e-21
7.0604454036e-02 1.1288378917e-06 4.4184771789e-21
8.2662276605e-02 1.1288378917e-06 7.2838251326e-21
9.6779333072e-02 1.1288378917e-06 1.0507292056e-20
1.1330729922e-01 1.1288378917e-06 1.2205887756e-20
1.3265791001e-01 1.1288378917e-06 9.9539000667e-21
1.5531321644e-01 1.1288378917e-06 4.6277971974e-21
1.8183759414e-01 1.1288378917e-06 9.1194097346e-22
2.1289180278e-01 1.1288378917e-06 4.5176412606e-23
2.4924944649e-01 1.1288378917e-06 1.8635098645e-25
2.9181624545e-01 1.1288378917e-06 6.2876564062e-30
3.4165259868e-01 1.1288378917e-06 2.1670357233e-38
4.0000000000e-01 1.1288378917e-06 nan
2.0000000000e-02 2.0691380811e-06 8.0447418157e-23
2.3415598274e-02 2.0691380811e-06 1.6055286844e-22
2.7414512128e-02 2.0691380811e-06 3.2018722764e-22
3.2096360143e-02 2.0691380811e-06 6.2994345392e-22
3.7577773760e-02 2.0691380811e-06 1.2168517129e-21
4.3995302720e-02 2.0691380811e-06 2.3234827662e-21
5.1508816723e-02 2.0691380811e-06 4.3847336489e-21
6.0305487999e-02 2.0691380811e-06 8.2794552549e-21
7.0604454036e-02 2.0691380811e-06 1.4845280423e-20
8.2662276605e-02 2.0691380811e-06 2.4472328875e-20
9.6779333072e-02 2.0691380811e-06 3.5302591990e-20
1.1330729922e-01 2.0691380811e-06 4.1009564885e-20
1.3265791001e-01 2.0691380811e-06 3.3443295464e-20
1.5531321644e-01 2.0691380811e-06 1.5548557649e-20
1.8183759414e-01 2.0691380811e-06 3.0639559586e-21
2.1289180278e-01 2.0691380811e-06 1.5178453718e-22
2.4924944649e-01 2.0691380811e-06 6.2610545195e-25
2.9181624545e-01 2.0691380811e-06 2.1125382971e-29
3.4165259868e-01 2.0691380811e-06 7.2808462498e-38
4.0000000000e-01 2.0691380811e-06 nan
2.0000000000e-02 3.7926901907e-06 2.7028870661e-22
2.3415598274e-02 3.7926901907e-06 5.3942846330e-22
2.7414512128e-02 3.7926901907e-06 1.0757709025e-21
3.2096360143e-02 3.7926901907e-06 2.1164955358e-21
3.7577773760e-02 3.7926901907e-06 4.0884006368e-21
4.3995302720e-02 3.7926901907e-06 7.8064798856e-21
5.1508816723e-02 3.7926901907e-06 1.4731908294e-20
6.0305487999e-02 3.7926901907e-06 2.7817465166e-20
7.0604454036e-02 3.7926901907e-06 4.9877444631e-20
8.2662276605e-02 3.7926901907e-06 8.2222578061e-20
9.6779333072e-02 3.7926901907e-06 1.1861029412e-19
1.1330729922e-01 3.7926901907e-06 1.3778468601e-19
1.3265791001e-01 3.7926901907e-06 1.1236339565e-19
1.5531321644e-01 3.7926901907e-06 5.2240328315e-20
1.8183759414e-01 3.7926901907e-06 1.0294335258e-20
2.1289180278e-01 3.7926901907e-06 5.0996846360e-22
2.4924944649e-01 3.7926901907e-06 2.1036005466e-24
2.9181624545e-01 3.7926901907e-06 7.0977448008e-29
3.4165259868e-01 3.7926901907e-06 2.4462320367e-37
4.0000000000e-01 3.7926901907e-06 nan
2.0000000000e-02 6.9519279618e-06 9.0812093904e-22
2.3415598274e-02 6.9519279618e-06 1.8123816152e-21
2.7414512128e-02 6.9519279618e-06 3.6143947500e-21
3.2096360143e-02 6.9519279618e-06 7.1110404041e-21
3.7577773760e-02 6.9519279618e-06 1.3736283221e-20
4.3995302720e-02 6.9519279618e-06 2.6228353871e-20
5.1508816723e-02 6.9519279618e-06 4.9496534878e-20
6.0305487999e-02 6.9519279618e-06 9.3461628142e-20
7.0604454036e-02 6.9519279618e-06 1.6757915054e-19
8.2662276605e-02 6.9519279618e-06 2.7625292131e-19
9.6779333072e-02 6.9519279618e-06 3.9850903513e-19
1.1330729922e-01 6.9519279618e-06 4.6293150763e-19
1.3265791001e-01 6.9519279618e-06 3.7752059142e-19
1.5531321644e-01 6.9519279618e-06 1.7551801035e-19
1.8183759414e-01 6.9519279618e-06 3.4587095845e-20
2.1289180278e-01 6.9519279618e-06 1.7134013694e-21
2.4924944649e-01 6.9519279618e-06 7.0677155830e-24
2.9181624545e-01 6.9519279618e-06 2.3847132770e-28
3.4165259868e-01 6.9519279618e-06 8.2188951264e-37
4.0000000000e-01 6.9519279618e-06 nan
2.0000000000e-02 1.2742749857e-05 3.0511213371e-21
2.3415598274e-02 1.2742749857e-05 6.0892728923e-21
2.7414512128e-02 1.2742749857e-05 1.2143709575e-20
3.2096360143e-02 1.2742749857e-05 2.3891803584e-20
3.7577773760e-02 1.2742749857e-05 4.6151415552e-20
4.3995302720e-02 1.2742749857e-05 8.8122502955e-20
5.1508816723e-02 1.2742749857e-05 1.6629936299e-19
6.0305487999e-02 1.2742749857e-05 3.1401408730e-19
7.0604454036e-02 1.2742749857e-05 5.6303549439e-19
8.2662276605e-02 1.2742749857e-05 9.2815961667e-19
9.6779333072e-02 1.2742749857e-05 1.3389179435e-18
1.1330729922e-01 1.2742749857e-05 1.5553657446e-18
1.3265791001e-01 1.2742749857e-05 1.2684005865e-18
1.5531321644e-01 1.2742749857e-05 5.8970862075e-19
1.8183759414e-01 1.2742749857e-05 1.1620635709e-19
2.1289180278e-01 1.2742749857e-05 5.7567172522e-21
2.4924944649e-01 1.2742749857e-05 2.3746240053e-23
2.9181624545e-01 1.2742749857e-05 8.0122032717e-28
3.4165259868e-01 1.2742749857e-05 2.7613994104e-36
4.0000000000e-01 1.2742749857e-05 nan
2.0000000000e-02 2.3357214691e-05 1.0251213262e-20
2.3415598274e-02 2.3357214691e-05 2.0458850414e-20
2.7414512128e-02 2.3357214691e-05 4.0800657493e-20
3.2096360143e-02 2.3357214691e-05 8.0272118574e-20
3.7577773760e-02 2.3357214691e-05 1.5506036991e-19
4.3995302720e-02 2.3357214691e-05 2.9607559686e-19
5.1508816723e-02 2.3357214691e-05 5.5873564078e-19
6.0305487999e-02 2.3357214691e-05 1.0550302727e-18
7.0604454036e-02 2.3357214691e-05 1.8916969499e-18
8.2662276605e-02 2.3357214691e-05 3.1184476527e-18
9.6779333072e-02 2.3357214691e-05 4.4985209903e-18
1.1330729922e-01 2.3357214691e-05 5.2257462707e-18
1.3265791001e-01 2.3357214691e-05 4.2615954848e-18
1.5531321644e-01 2.3357214691e-05 1.9813138075e-18
1.8183759414e-01 2.3357214691e-05 3.9043224348e-19
2.1289180278e-01 2.3357214691e-05 1.9341523888e-20
2.4924944649e-01 2.3357214691e-05 7.9783051511e-23
2.9181624545e-01 2.3357214691e-05 2.6919547022e-27
3.4165259868e-01 2.3357214691e-05 9.2778001961e-36
4.0000000000e-01 2.3357214691e-05 nan
2.0000000000e-02 4.2813323987e-05 3.4442213775e-20
2.3415598274e-02 4.2813323987e-05 6.8738019737e-20
2.7414512128e-02 4.2813323987e-05 1.3708279514e-19
3.2096360143e-02 4.2813323987e-05 2.6969973187e-19
3.7577773760e-02 4.2813323987e-05 5.2097466630e-19
4.3995302720e-02 4.2813323987e-05 9.9476020447e-19
5.1508816723e-02 4.2813323987e-05 1.8772502231e-18
6.0305487999e-02 4.2813323987e-05 3.5447100027e-18
7.0604454036e-02 4.2813323987e-05 6.3557580044e-18
8.2662276605e-02 4.2813323987e-05 1.0477417448e-17
9.6779333072e-02 4.2813323987e-05 1.5114213085e-17
1.1330729922e-01 4.2813323987e-05 1.7557557880e-17
1.3265791001e-01 4.2813323987e-05 1.4318186438e-17
1.5531321644e-01 4.2813323987e-05 6.6568543603e-18
1.8183759414e-01 4.2813323987e-05 1.3117813907e-18
2.1289180278e-01 4.2813323987e-05 6.4984005587e-20
2.4924944649e-01 4.2813323987e-05 2.6805655483e-22
2.9181624545e-01 4.2813323987e-05 9.0444785848e-27
3.4165259868e-01 4.2813323987e-05 3.1171722318e-35
4.0000000000e-01 4.2813323987e-05 nan
2.0000000000e-02 7.8475997035e-05 1.1571957966e-19
2.3415598274e-02 7.8475997035e-05 2.3094725568e-19
2.7414512128e-02 7.8475997035e-05 4.6057328184e-19
3.2096360143e-02 7.8475997035e-05 9.0614209094e-19
3.7577773760e-02 7.8475997035e-05 1.7503802106e-18
4.3995302720e-02 7.8475997035e-05 3.3422135255e-18
5.1508816723e-02 7.8475997035e-05 6.3072196277e-18
6.0305487999e-02 7.8475997035e-05 1.1909581487e-17
7.0604454036e-02 7.8475997035e-05 2.1354191967e-17
8.2662276605e-02 7.8475997035e-05 3.5202218737e-17
9.6779333072e-02 7.8475997035e-05 5.0781009505e-17
1.1330729922e-01 7.8475997035e-05 5.8990204024e-17
1.3265791001e-01 7.8475997035e-05 4.8106504612e-17
1.5531321644e-01 7.8475997035e-05 2.2365820998e-17
1.8183759414e-01 7.8475997035e-05 4.4073470988e-18
2.1289180278e-01 7.8475997035e-05 2.1833444965e-19
2.4924944649e-01 7.8475997035e-05 9.0062130817e-22
2.9181624545e-01 7.8475997035e-05 3.0387803981e-26
3.4165259868e-01 7.8475997035e-05 1.0473131772e-34
4.0000000000e-01 7.8475997035e-05 nan
2.0000000000e-02 1.4384498883e-04 3.8879675983e-19
2.3415598274e-02 1.4384498883e-04 7.7594081280e-19
2.7414512128e-02 1.4384498883e-04 1.5474425345e-18
3.2096360143e-02 1.4384498883e-04 3.0444727672e-18
3.7577773760e-02 1.4384498883e-04 5.8809594396e-18
4.3995302720e-02 1.4384498883e-04 1.1229230120e-17
5.1508816723e-02 1.4384498883e-04 2.1191111842e-17
6.0305487999e-02 1.4384498883e-04 4.0014029666e-17
7.0604454036e-02 1.4384498883e-04 7.1746204668e-17
8.2662276605e-02 1.4384498883e-04 1.1827305824e-16
9.6779333072e-02 1.4384498883e-04 1.7061496434e-16
1.1330729922e-01 1.4384498883e-04 1.9819636617e-16
1.3265791001e-01 1.4384498883e-04 1.6162911379e-16
1.5531321644e-01 1.4384498883e-04 7.5145094250e-17
1.8183759414e-01 1.4384498883e-04 1.4807885316e-17
2.1289180278e-01 1.4384498883e-04 7.3356406928e-19
2.4924944649e-01 1.4384498883e-04 3.0259238668e-21
2.9181624545e-01 1.4384498883e-04 1.0209749320e-25
3.4165259868e-01 1.4384498883e-04 3.5187814066e-34
4.0000000000e-01 1.4384498883e-04 nan
2.0000000000e-02 2.6366508987e-04 1.3062864634e-18
2.3415598274e-02 2.6366508987e-04 2.6070201321e-18
2.7414512128e-02 2.6366508987e-04 5.1991257249e-18
3.2096360143e-02 2.6366508987e-04 1.0228875276e-17
3.7577773760e-02 2.6366508987e-04 1.9758955069e-17
4.3995302720e-02 2.6366508987e-04 3.7728172706e-17
5.1508816723e-02 2.6366508987e-04 7.1198285093e-17
6.0305487999e-02 2.6366508987e-04 1.3443986862e-16
7.0604454036e-02 2.6366508987e-04 2.4105421050e-16
8.2662276605e-02 2.6366508987e-04 3.9737598400e-16
9.6779333072e-02 2.6366508987e-04 5.7323527721e-16
1.1330729922e-01 2.6366508987e-04 6.6590377505e-16
1.3265791001e-01 2.6366508987e-04 5.4304445104e-16
1.5531321644e-01 2.6366508987e-04 2.5247386036e-16
1.8183759414e-01 2.6366508987e-04 4.9751803179e-17
2.1289180278e-01 2.6366508987e-04 2.4646418931e-18
2.4924944649e-01 2.6366508987e-04 1.0166553512e-20
2.9181624545e-01 2.6366508987e-04 3.4302895352e-25
3.4165259868e-01 2.6366508987e-04 1.1822459822e-33
4.0000000000e-01 2.6366508987e-04 nan
2.0000000000e-02 4.8329302386e-04 4.3888851475e-18
2.3415598274e-02 4.8329302386e-04 8.7591139142e-18
2.7414512128e-02 4.8329302386e-04 1.7468117688e-17
3.2096360143e-02 4.8329302386e-04 3.4367162214e-17
3.7577773760e-02 4.8329302386e-04 6.6386498590e-17
4.3995302720e-02 4.8329302386e-04 1.2675980465e-16
5.1508816723e-02 4.8329302386e-04 2.3921330041e-16
6.0305487999e-02 4.8329302386e-04 4.5169352949e-16
7.0604454036e-02 4.8329302386e-04 8.0989834543e-16
8.2662276605e-02 4.8329302386e-04 1.3351110992e-15
9.6779333072e-02 4.8329302386e-04 1.9259663679e-15
1.1330729922e-01 4.8329302386e-04 2.2373156773e-15
1.3265791001e-01 4.8329302386e-04 1.8245306649e-15
1.5531321644e-01 4.8329302386e-04 8.4826627681e-16
1.8183759414e-01 4.8329302386e-04 1.6715701036e-16
2.1289180278e-01 4.8329302386e-04 8.2807479868e-18
2.4924944649e-01 4.8329302386e-04 3.4157763051e-20
2.9181624545e-01 4.8329302386e-04 1.1525141481e-24
3.4165259868e-01 4.8329302386e-04 3.9721245649e-33
4.0000000000e-01 4.8329302386e-04 nan
2.0000000000e-02 8.8586679041e-04 1.4745856582e-17
2.3415598274e-02 8.8586679041e-04 2.9429031121e-17
2.7414512128e-02 8.8586679041e-04 5.8689701289e-17
3.2096360143e-02 8.8586679041e-04 1.1546742020e-16
3.7577773760e-02 8.8586679041e-04 2.2304657229e-16
4.3995302720e-02 8.8586679041e-04 4.2588991053e-16
5.1508816723e-02 8.8586679041e-04 8.0371322339e-16
6.0305487999e-02 8.8586679041e-04 1.5176081856e-15
7.0604454036e-02 8.8586679041e-04 2.7211112822e-15
8.2662276605e-02 8.8586679041e-04 4.4857307031e-15
9.6779333072e-02 8.8586679041e-04 6.4708970347e-15
1.1330729922e-01 8.8586679041e-04 7.5169740904e-15
1.3265791001e-01 8.8586679041e-04 6.1300913560e-15
1.5531321644e-01 8.8586679041e-04 2.8500203673e-15
1.8183759414e-01 8.8586679041e-04 5.6161709274e-16
2.1289180278e-01 8.8586679041e-04 2.7821798184e-17
2.4924944649e-01 8.8586679041e-04 1.1476377138e-19
2.9181624545e-01 8.8586679041e-04 3.8722290498e-24
3.4165259868e-01 8.8586679041e-04 1.3345536546e-32
4.0000000000e-01 8.8586679041e-04 nan
2.0000000000e-02 1.6237767392e-03 4.9543398675e-17
2.3415598274e-02 1.6237767392e-03 9.8876197131e-17
2.7414512128e-02 1.6237767392e-03 1.9718673221e-16
3.2096360143e-02 1.6237767392e-03 3.8794955143e-16
3.7577773760e-02 1.6237767392e-03 7.4939595632e-16
4.3995302720e-02 1.6237767392e-03 1.4309127196e-15
5.1508816723e-02 1.6237767392e-03 2.7003304113e-15
6.0305487999e-02 1.6237767392e-03 5.0988877952e-15
7.0604454036e-02 1.6237767392e-03 9.1424395716e-15
8.2662276605e-02 1.6237767392e-03 1.5071240246e-14
9.6779333072e-02 1.6237767392e-03 2.1741038335e-14
1.1330729922e-01 1.6237767392e-03 2.5255666619e-14
1.3265791001e-01 1.6237767392e-03 2.0595991503e-14
1.5531321644e-01 1.6237767392e-03 9.5755485019e-15
1.8183759414e-01 1.6237767392e-03 1.8869303921e-15
2.1289180278e-01 1.6237767392e-03 9.3476069728e-17
2.4924944649e-01 1.6237767392e-03 3.8558422636e-19
2.9181624545e-01 1.6237767392e-03 1.3009883694e-23
3.4165259868e-01 1.6237767392e-03 4.4837672390e-32
4.0000000000e-01 1.6237767392e-03 nan
2.0000000000e-02 2.9763514416e-03 1.6645681777e-16
2.3415598274e-02 2.9763514416e-03 3.3220605774e-16
2.7414512128e-02 2.9763514416e-03 6.6251159552e-16
3.2096360143e-02 2.9763514416e-03 1.3034400149e-15
3.7577773760e-02 2.9763514416e-03 2.5178342835e-15
4.3995302720e-02 2.9763514416e-03 4.8076068376e-15
5.1508816723e-02 2.9763514416e-03 9.0726197931e-15
6.0305487999e-02 2.9763514416e-03 1.7131337151e-14
7.0604454036e-02 2.9763514416e-03 3.0716937084e-14
8.2662276605e-02 2.9763514416e-03 5.0636630857e-14
9.6779333072e-02 2.9763514416e-03 7.3045939841e-14
1.1330729922e-01 2.9763514416e-03 8.4854446164e-14
1.3265791001e-01 2.9763514416e-03 6.9198771584e-14
1.5531321644e-01 2.9763514416e-03 3.2172079878e-14
1.8183759414e-01 2.9763514416e-03 6.3397321060e-15
2.1289180278e-01 2.9763514416e-03 3.1406129255e-16
2.4924944649e-01 2.9763514416e-03 1.2954794866e-18
2.9181624545e-01 2.9763514416e-03 4.3709690620e-23
3.4165259868e-01 2.9763514416e-03 1.5063621225e-31
4.0000000000e-01 2.9763514416e-03 nan
2.0000000000e-02 5.4555947812e-03 5.5926467081e-16
2.3415598274e-02 5.4555947812e-03 1.1161520163e-15
2.7414512128e-02 5.4555947812e-03 2.2259186505e-15
3.2096360143e-02 5.4555947812e-03 4.3793217991e-15
3.7577773760e-02 5.4555947812e-03 8.4594661849e-15
4.3995302720e-02 5.4555947812e-03 1.6152686677e-14
5.1508816723e-02 5.4555947812e-03 3.0482357251e-14
6.0305487999e-02 5.4555947812e-03 5.7558187691e-14
7.0604454036e-02 5.4555947812e-03 1.0320334305e-13
8.2662276605e-02 5.4555947812e-03 1.7012990407e-13
9.6779333072e-02 5.4555947812e-03 2.4542110339e-13
1.1330729922e-01 5.4555947812e-03 2.8509547051e-13
1.3265791001e-01 5.4555947812e-03 2.3249510297e-13
1.5531321644e-01 5.4555947812e-03 1.0809208174e-13
1.8183759414e-01 5.4555947812e-03 2.1300222217e-14
2.1289180278e-01 5.4555947812e-03 1.0551740200e-15
2.4924944649e-01 5.4555947812e-03 4.3524238656e-18
2.9181624545e-01 5.4555947812e-03 1.4684358596e-22
3.4165259868e-01 5.4555947812e-03 5.0599495760e-31
4.0000000000e-01 5.4555947812e-03 nan
2.0000000000e-02 1.0000000000e-02 1.8790277873e-15
2.3415598274e-02 1.0000000000e-02 3.7500682784e-15
2.7414512128e-02 1.0000000000e-02 7.4786830553e-15
3.2096360143e-02 1.0000000000e-02 1.4713727741e-14
3.7577773760e-02 1.0000000000e-02 2.8422275019e-14
4.3995302720e-02 1.0000000000e-02 5.4270106872e-14
5.1508816723e-02 1.0000000000e-02 1.0241521930e-13
6.0305487999e-02 1.0000000000e-02 1.9338514030e-13
7.0604454036e-02 1.0000000000e-02 3.4674466134e-13
8.2662276605e-02 1.0000000000e-02 5.7160585353e-13
9.6779333072e-02 1.0000000000e-02 8.2457052521e-13
1.1330729922e-01 1.0000000000e-02 9.5786841771e-13
1.3265791001e-01 1.0000000000e-02 7.8113909506e-13
1.5531321644e-01 1.0000000000e-02 3.6316681181e-13
1.8183759414e-01 1.0000000000e-02 7.1563457825e-14
2.1289180278e-01 1.0000000000e-02 3.5450252985e-15
2.4924944649e-01 1.0000000000e-02 1.4621639814e-17
2.9181624545e-01 1.0000000000e-02 4.9322068515e-22
3.4165259868e-01 1.0000000000e-02 1.6987497236e-30
4.0000000000e-01 1.0000000000e-02 nan
