2.0000000000e-02 1.0000000000e-07 7.4513405304e-27
2.2176504808e-02 1.0000000000e-07 1.1733768370e-26
2.4589868274e-02 1.0000000000e-07 1.8331217212e-26
2.7265866600e-02 1.0000000000e-07 2.8222394328e-26
3.0233081086e-02 1.0000000000e-07 4.3126550259e-26
3.3523203403e-02 1.0000000000e-07 6.5526152394e-26
3.7171374071e-02 1.0000000000e-07 9.9142614295e-26
4.1216557790e-02 1.0000000000e-07 1.4863380692e-25
4.5701959599e-02 1.0000000000e-07 2.2016303722e-25
5.0675486338e-02 1.0000000000e-07 3.2063351644e-25
5.6190258320e-02 1.0000000000e-07 4.5166967863e-25
6.2305176688e-02 1.0000000000e-07 6.1022597037e-25
6.9085552518e-02 1.0000000000e-07 7.8027379370e-25
7.6603804377e-02 1.0000000000e-07 9.2694006595e-25
8.4940231802e-02 1.0000000000e-07 9.9602373925e-25
9.4183872945e-02 1.0000000000e-07 9.3223173530e-25
1.0443345556e-01 1.0000000000e-07 7.2258595746e-25
1.1579845146e-01 1.0000000000e-07 4.3518292193e-25
1.2840024578e-01 1.0000000000e-07 1.8831602580e-25
1.4237343339e-01 1.0000000000e-07 5.2631659851e-26
1.5786725650e-01 1.0000000000e-07 7.9793300940e-27
1.7504719864e-01 1.0000000000e-07 4.8667238280e-28
1.9409675211e-01 1.0000000000e-07 7.3192404066e-30
2.1521937781e-01 1.0000000000e-07 1.2926056897e-32
2.3864067833e-01 1.0000000000e-07 9.4313145879e-37
2.6461080752e-01 1.0000000000e-07 5.1768908800e-43
2.9340714225e-01 1.0000000000e-07 1.5951136858e-52
3.2533724503e-01 1.0000000000e-07 6.0561223260e-67
3.6074214893e-01 1.0000000000e-07 1.0185728149e-88
4.0000000000e-01 1.0000000000e-07 nan
2.0000000000e-02 1.8329807108e-07 2.5035150171e-26
2.2176504808e-02 1.8329807108e-07 3.9423329537e-26
2.4589868274e-02 1.8329807108e-07 6.1589558798e-26
2.7265866600e-02 1.8329807108e-07 9.4822116546e-26
3.0233081086e-02 1.8329807108e-07 1.4489737219e-25
3.3523203403e-02 1.8329807108e-07 2.2015596504e-25
3.7171374071e-02 1.8329807108e-07 3.3310116846e-25
4.1216557790e-02 1.8329807108e-07 4.9938258245e-25
4.5701959599e-02 1.8329807108e-07 7.3970779842e-25
5.0675486338e-02 1.8329807108e-07 1.0772703517e-24
5.6190258320e-02 1.8329807108e-07 1.5175280456e-24
6.2305176688e-02 1.8329807108e-07 2.0502483740e-24
6.9085552518e-02 1.8329807108e-07 2.6215781604e-24
7.6603804377e-02 1.8329807108e-07 3.1143501839e-24
8.4940231802e-02 1.8329807108e-07 3.3464587727e-24
9.4183872945e-02 1.8329807108e-07 3.1321292313e-24
1.0443345556e-01 1.8329807108e-07 2.4277575133e-24
1.1579845146e-01 1.8329807108e-07 1.4621355390e-24
1.2840024578e-01 1.8329807108e-07 6.3270762708e-25
1.4237343339e-01 1.8329807108e-07 1.7683281321e-25
1.5786725650e-01 1.8329807108e-07 2.6809099162e-26
1.7504719864e-01 1.8329807108e-07 1.6351307712e-27
1.9409675211e-01 1.8329807108e-07 2.4591317760e-29
2.1521937781e-01 1.8329807108e-07 4.3429202330e-32
2.3864067833e-01 1.8329807108e-07 3.1687503216e-36
2.6461080752e-01 1.8329807108e-07 1.7393412645e-42
2.9340714225e-01 1.8329807108e-07 5.3592921304e-52
3.2533724503e-01 1.8329807108e-07 2.0347470535e-66
3.6074214893e-01 1.8329807108e-07 3.4222195695e-88
4.0000000000e-01 1.8329807108e-07 nan
2.0000000000e-02 3.3598182863e-07 8.4113555346e-26
2.2176504808e-02 3.3598182863e-07 1.3245522348e-25
2.4589868274e-02 3.3598182863e-07 2.0692972589e-25
2.7265866600e-02 3.3598182863e-07 3.1858508111e-25
3.0233081086e-02 3.3598182863e-07 4.8682884070e-25
3.3523203403e-02 3.3598182863e-07 7.3968403718e-25
3.7171374071e-02 3.3598182863e-07 1.1191593970e-24
4.1216557790e-02 3.3598182863e-07 1.6778347324e-24
4.5701959599e-02 3.3598182863e-07 2.4852837876e-24
5.0675486338e-02 3.3598182863e-07 3.6194326270e-24
5.6190258320e-02 3.3598182863e-07 5.0986184776e-24
6.2305176688e-02 3.3598182863e-07 6.8884619784e-24
6.9085552518e-02 3.3598182863e-07 8.8080262422e-24
7.6603804377e-02 3.3598182863e-07 1.0463650698e-23
8.4940231802e-02 3.3598182863e-07 1.1243493379e-23
9.4183872945e-02 3.3598182863e-07 1.0523385066e-23
1.0443345556e-01 3.3598182863e-07 8.1568240878e-24
1.1579845146e-01 3.3598182863e-07 4.9125097209e-24
1.2840024578e-01 3.3598182863e-07 2.1257826553e-24
1.4237343339e-01 3.3598182863e-07 5.9412611942e-25
1.5786725650e-01 3.3598182863e-07 9.0073701603e-26
1.7504719864e-01 3.3598182863e-07 5.4937422654e-27
1.9409675211e-01 3.3598182863e-07 8.2622359093e-29
2.1521937781e-01 3.3598182863e-07 1.4591422815e-31
2.3864067833e-01 3.3598182863e-07 1.0646425275e-35
2.6461080752e-01 3.3598182863e-07 5.8438705865e-42
2.9340714225e-01 3.3598182863e-07 1.8006247701e-51
3.2533724503e-01 3.3598182863e-07 6.8363803583e-66
3.6074214893e-01 3.3598182863e-07 1.1498035889e-87
4.0000000000e-01 3.3598182863e-07 nan
2.0000000000e-02 6.1584821107e-07 2.8260626138e-25
2.2176504808e-02 6.1584821107e-07 4.4502548198e-25
2.4589868274e-02 6.1584821107e-07 6.9524627703e-25
2.7265866600e-02 6.1584821107e-07 1.0703879813e-24
3.0233081086e-02 6.1584821107e-07 1.6356564413e-24
3.3523203403e-02 6.1584821107e-07 2.4852039542e-24
3.7171374071e-02 6.1584821107e-07 3.7601722072e-24
4.1216557790e-02 6.1584821107e-07 5.6372198151e-24
4.5701959599e-02 6.1584821107e-07 8.3501019163e-24
5.0675486338e-02 6.1584821107e-07 1.2160635926e-23
5.6190258320e-02 6.1584821107e-07 1.7130431596e-23
6.2305176688e-02 6.1584821107e-07 2.3143980519e-23
6.9085552518e-02 6.1584821107e-07 2.9593367635e-23
7.6603804377e-02 6.1584821107e-07 3.5155964955e-23
8.4940231802e-02 6.1584821107e-07 3.7776094656e-23
9.4183872945e-02 6.1584821107e-07 3.5356661580e-23
1.0443345556e-01 6.1584821107e-07 2.7405446728e-23
1.1579845146e-01 6.1584821107e-07 1.6505139992e-23
1.2840024578e-01 6.1584821107e-07 7.1422434380e-24
1.4237343339e-01 6.1584821107e-07 1.9961558004e-24
1.5786725650e-01 6.1584821107e-07 3.0263126976e-25
1.7504719864e-01 6.1584821107e-07 1.8457975723e-26
1.9409675211e-01 6.1584821107e-07 2.7759611294e-28
2.1521937781e-01 6.1584821107e-07 4.9024529196e-31
2.3864067833e-01 6.1584821107e-07 3.5770054323e-35
2.6461080752e-01 6.1584821107e-07 1.9634343259e-41
2.9340714225e-01 6.1584821107e-07 6.0497720294e-51
3.2533724503e-01 6.1584821107e-07 2.2968995740e-65
3.6074214893e-01 6.1584821107e-07 3.8631311237e-87
4.0000000000e-01 6.1584821107e-07 nan
2.0000000000e-02 1.1288378917e-06 9.4950568479e-25
2.2176504808e-02 1.1288378917e-06 1.4952047522e-24
2.4589868274e-02 1.1288378917e-06 2.3359011550e-24
2.7265866600e-02 1.1288378917e-06 3.5963091129e-24
3.0233081086e-02 1.1288378917e-06 5.4955084215e-24
3.3523203403e-02 1.1288378917e-06 8.3498336905e-24
3.7171374071e-02 1.1288378917e-06 1.2633495341e-23
4.1216557790e-02 1.1288378917e-06 1.8940034219e-23
4.5701959599e-02 1.1288378917e-06 2.8054825111e-23
5.0675486338e-02 1.1288378917e-06 4.0857526957e-23
5.6190258320e-02 1.1288378917e-06 5.7555137328e-23
6.2305176688e-02 1.1288378917e-06 7.7759568967e-23
6.9085552518e-02 1.1288378917e-06 9.9428337731e-23
7.6603804377e-02 1.1288378917e-06 1.1811765393e-22
8.4940231802e-02 1.1288378917e-06 1.2692081361e-22
9.4183872945e-02 1.1288378917e-06 1.1879195812e-22
1.0443345556e-01 1.1288378917e-06 9.2077321061e-23
1.1579845146e-01 1.1288378917e-06 5.5454271162e-23
1.2840024578e-01 1.1288378917e-06 2.3996640108e-23
1.4237343339e-01 1.1288378917e-06 6.7067207605e-24
1.5786725650e-01 1.1288378917e-06 1.0167860741e-24
1.7504719864e-01 1.1288378917e-06 6.2015444364e-26
1.9409675211e-01 1.1288378917e-06 9.3267249645e-28
2.1521937781e-01 1.1288378917e-06 1.6471350967e-30
2.3864067833e-01 1.1288378917e-06 1.2018088262e-34
2.6461080752e-01 1.1288378917e-06 6.5967825522e-41
2.9340714225e-01 1.1288378917e-06 2.0326134692e-50
3.2533724503e-01 1.1288378917e-06 7.7171651904e-65
3.6074214893e-01 1.1288378917e-06 1.2979418592e-86
4.0000000000e-01 1.1288378917e-06 nan
2.0000000000e-02 2.0691380811e-06 3.1901665627e-24
2.2176504808e-02 2.0691380811e-06 5.0236162682e-24
2.4589868274e-02 2.0691380811e-06 7.8482034156e-24
2.7265866600e-02 2.0691380811e-06 1.2082945121e-23
3.0233081086e-02 2.0691380811e-06 1.8463909687e-23
3.3523203403e-02 2.0691380811e-06 2.8053923921e-23
3.7171374071e-02 2.0691380811e-06 4.2446248667e-23
4.1216557790e-02 2.0691380811e-06 6.3635073311e-23
4.5701959599e-02 2.0691380811e-06 9.4259114426e-23
5.0675486338e-02 2.0691380811e-06 1.3727386620e-22
5.6190258320e-02 2.0691380811e-06 1.9337480286e-22
6.2305176688e-02 2.0691380811e-06 2.6125802175e-22
6.9085552518e-02 2.0691380811e-06 3.3406114728e-22
7.6603804377e-02 2.0691380811e-06 3.9685385361e-22
8.4940231802e-02 2.0691380811e-06 4.2643087047e-22
9.4183872945e-02 2.0691380811e-06 3.9911939315e-22
1.0443345556e-01 2.0691380811e-06 3.0936306705e-22
1.1579845146e-01 2.0691380811e-06 1.8631627430e-22
1.2840024578e-01 2.0691380811e-06 8.0624350245e-23
1.4237343339e-01 2.0691380811e-06 2.2533363052e-23
1.5786725650e-01 2.0691380811e-06 3.4162164452e-24
1.7504719864e-01 2.0691380811e-06 2.0836062401e-25
1.9409675211e-01 2.0691380811e-06 3.1336101087e-27
2.1521937781e-01 2.0691380811e-06 5.5340746179e-30
2.3864067833e-01 2.0691380811e-06 4.0378592708e-34
2.6461080752e-01 2.0691380811e-06 2.2163990650e-40
2.9340714225e-01 2.0691380811e-06 6.8292119029e-50
3.2533724503e-01 2.0691380811e-06 2.5928272725e-64
3.6074214893e-01 2.0691380811e-06 4.3608487929e-86
4.0000000000e-01 2.0691380811e-06 nan
2.0000000000e-02 3.7926901907e-06 1.0718379954e-23
2.2176504808e-02 3.7926901907e-06 1.6878437801e-23
2.4589868274e-02 3.7926901907e-06 2.6368537350e-23
2.7265866600e-02 3.7926901907e-06 4.0596499968e-23
3.0233081086e-02 3.7926901907e-06 6.2035381403e-23
3.3523203403e-02 3.7926901907e-06 9.4256086591e-23
3.7171374071e-02 3.7926901907e-06 1.4261168246e-22
4.1216557790e-02 3.7926901907e-06 2.1380228296e-22
4.5701959599e-02 3.7926901907e-06 3.1669349630e-22
5.0675486338e-02 3.7926901907e-06 4.6121524590e-22
5.6190258320e-02 3.7926901907e-06 6.4970419877e-22
6.2305176688e-02 3.7926901907e-06 8.7777947891e-22
6.9085552518e-02 3.7926901907e-06 1.1223847514e-21
7.6603804377e-02 3.7926901907e-06 1.3333568343e-21
8.4940231802e-02 3.7926901907e-06 1.4327302365e-21
9.4183872945e-02 3.7926901907e-06 1.3409686355e-21
1.0443345556e-01 3.7926901907e-06 1.0394036898e-21
1.1579845146e-01 3.7926901907e-06 6.2598882545e-22
1.2840024578e-01 3.7926901907e-06 2.7088316628e-22
1.4237343339e-01 3.7926901907e-06 7.5708005235e-23
1.5786725650e-01 3.7926901907e-06 1.1477866483e-23
1.7504719864e-01 3.7926901907e-06 7.0005383469e-25
1.9409675211e-01 3.7926901907e-06 1.0528360546e-26
2.1521937781e-01 3.7926901907e-06 1.8593485100e-29
2.3864067833e-01 3.7926901907e-06 1.3566473416e-33
2.6461080752e-01 3.7926901907e-06 7.4466981084e-40
2.9340714225e-01 3.7926901907e-06 2.2944911033e-49
3.2533724503e-01 3.7926901907e-06 8.7114284835e-64
3.6074214893e-01 3.7926901907e-06 1.4651659518e-85
4.0000000000e-01 3.7926901907e-06 nan
2.0000000000e-02 6.9519279618e-06 3.6011808967e-23
2.2176504808e-02 6.9519279618e-06 5.6708483969e-23
2.4589868274e-02 6.9519279618e-06 8.8593493972e-23
2.7265866600e-02 6.9519279618e-06 1.3639686295e-22
3.0233081086e-02 6.9519279618e-06 2.0842760883e-22
3.3523203403e-02 6.9519279618e-06 3.1668332332e-22
3.7171374071e-02 6.9519279618e-06 4.7914933856e-22
4.1216557790e-02 6.9519279618e-06 7.1833681994e-22
4.5701959599e-02 6.9519279618e-06 1.0640326000e-21
5.0675486338e-02 6.9519279618e-06 1.5495994171e-21
5.6190258320e-02 6.9519279618e-06 2.1828880477e-21
6.2305176688e-02 6.9519279618e-06 2.9491795446e-21
6.9085552518e-02 6.9519279618e-06 3.7710088120e-21
7.6603804377e-02 6.9519279618e-06 4.4798366742e-21
8.4940231802e-02 6.9519279618e-06 4.8137132479e-21
9.4183872945e-02 6.9519279618e-06 4.5054109431e-21
1.0443345556e-01 6.9519279618e-06 3.4922075239e-21
1.1579845146e-01 6.9519279618e-06 2.1032087028e-21
1.2840024578e-01 6.9519279618e-06 9.1011821554e-22
1.4237343339e-01 6.9519279618e-06 2.5436514042e-22
1.5786725650e-01 6.9519279618e-06 3.8563545698e-23
1.7504719864e-01 6.9519279618e-06 2.3520536753e-24
1.9409675211e-01 6.9519279618e-06 3.5373378288e-26
2.1521937781e-01 6.9519279618e-06 6.2470731249e-29
2.3864067833e-01 6.9519279618e-06 4.5580885468e-33
2.6461080752e-01 6.9519279618e-06 2.5019552480e-39
2.9340714225e-01 6.9519279618e-06 7.7090731672e-49
3.2533724503e-01 6.9519279618e-06 2.9268816719e-63
3.6074214893e-01 6.9519279618e-06 4.9226913568e-85
4.0000000000e-01 6.9519279618e-06 nan
2.0000000000e-02 1.2742749857e-05 1.2099313429e-22
2.2176504808e-02 1.2742749857e-05 1.9053020143e-22
2.4589868274e-02 1.2742749857e-05 2.9765804110e-22
2.7265866600e-02 1.2742749857e-05 4.5826867435e-22
3.0233081086e-02 1.2742749857e-05 7.0027889153e-22
3.3523203403e-02 1.2742749857e-05 1.0639984207e-21
3.7171374071e-02 1.2742749857e-05 1.6098547096e-21
4.1216557790e-02 1.2742749857e-05 2.4134811834e-21
4.5701959599e-02 1.2742749857e-05 3.5749561868e-21
5.0675486338e-02 1.2742749857e-05 5.2063724581e-21
5.6190258320e-02 1.2742749857e-05 7.3341071799e-21
6.2305176688e-02 1.2742749857e-05 9.9087073639e-21
6.9085552518e-02 1.2742749857e-05 1.2669904365e-20
7.6603804377e-02 1.2742749857e-05 1.5051437178e-20
8.4940231802e-02 1.2742749857e-05 1.6173201796e-20
9.4183872945e-02 1.2742749857e-05 1.5137362075e-20
1.0443345556e-01 1.2742749857e-05 1.1733182700e-20
1.1579845146e-01 1.2742749857e-05 7.0663990605e-21
1.2840024578e-01 1.2742749857e-05 3.0578318237e-21
1.4237343339e-01 1.2742749857e-05 8.5462065032e-22
1.5786725650e-01 1.2742749857e-05 1.2956650605e-22
1.7504719864e-01 1.2742749857e-05 7.9024729506e-24
1.9409675211e-01 1.2742749857e-05 1.1884812325e-25
2.1521937781e-01 1.2742749857e-05 2.0989030527e-28
2.3864067833e-01 1.2742749857e-05 1.5314349255e-32
2.6461080752e-01 1.2742749857e-05 8.4061149965e-39
2.9340714225e-01 1.2742749857e-05 2.5901085005e-48
3.2533724503e-01 1.2742749857e-05 9.8337905644e-63
3.6074214893e-01 1.2742749857e-05 1.6539348434e-84
4.0000000000e-01 1.2742749857e-05 nan
2.0000000000e-02 2.3357214691e-05 4.0651494512e-22
2.2176504808e-02 2.3357214691e-05 6.4014685486e-22
2.4589868274e-02 2.3357214691e-05 1.0000769296e-21
2.7265866600e-02 2.3357214691e-05 1.5396994721e-21
3.0233081086e-02 2.3357214691e-05 2.3528098254e-21
3.3523203403e-02 2.3357214691e-05 3.5748413505e-21
3.7171374071e-02 2.3357214691e-05 5.4088192918e-21
4.1216557790e-02 2.3357214691e-05 8.1088582141e-21
4.5701959599e-02 2.3357214691e-05 1.2011203170e-20
5.0675486338e-02 2.3357214691e-05 1.7492465392e-20
5.6190258320e-02 2.3357214691e-05 2.4641267419e-20
6.2305176688e-02 2.3357214691e-05 3.3291456199e-20
6.9085552518e-02 2.3357214691e-05 4.2568576378e-20
7.6603804377e-02 2.3357214691e-05 5.0570093877e-20
8.4940231802e-02 2.3357214691e-05 5.4339019156e-20
9.4183872945e-02 2.3357214691e-05 5.0858785920e-20
1.0443345556e-01 2.3357214691e-05 3.9421361804e-20
1.1579845146e-01 2.3357214691e-05 2.3741816791e-20
1.2840024578e-01 2.3357214691e-05 1.0273759283e-20
1.4237343339e-01 2.3357214691e-05 2.8713700904e-21
1.5786725650e-01 2.3357214691e-05 4.3531991660e-22
1.7504719864e-01 2.3357214691e-05 2.6550873148e-23
1.9409675211e-01 2.3357214691e-05 3.9930809817e-25
2.1521937781e-01 2.3357214691e-05 7.0519328652e-28
2.3864067833e-01 2.3357214691e-05 5.1453430730e-32
2.6461080752e-01 2.3357214691e-05 2.8243018915e-38
2.9340714225e-01 2.3357214691e-05 8.7022939119e-48
3.2533724503e-01 2.3357214691e-05 3.3039749375e-62
3.6074214893e-01 2.3357214691e-05 5.5569205256e-84
4.0000000000e-01 2.3357214691e-05 nan
2.0000000000e-02 4.2813323987e-05 1.3658163463e-21
2.2176504808e-02 4.2813323987e-05 2.1507771090e-21
2.4589868274e-02 4.2813323987e-05 3.3600767560e-21
2.7265866600e-02 4.2813323987e-05 5.1731104425e-21
3.0233081086e-02 4.2813323987e-05 7.9050134765e-21
3.3523203403e-02 4.2813323987e-05 1.2010817342e-20
3.7171374071e-02 4.2813323987e-05 1.8172649967e-20
4.1216557790e-02 4.2813323987e-05 2.7244290115e-20
4.5701959599e-02 4.2813323987e-05 4.0355460062e-20
5.0675486338e-02 4.2813323987e-05 5.8771505114e-20
5.6190258320e-02 4.2813323987e-05 8.2790180905e-20
6.2305176688e-02 4.2813323987e-05 1.1185324337e-19
6.9085552518e-02 4.2813323987e-05 1.4302268141e-19
7.6603804377e-02 4.2813323987e-05 1.6990632626e-19
8.4940231802e-02 4.2813323987e-05 1.8256923036e-19
9.4183872945e-02 4.2813323987e-05 1.7087627911e-19
1.0443345556e-01 4.2813323987e-05 1.3244861241e-19
1.1579845146e-01 4.2813323987e-05 7.9768190313e-20
1.2840024578e-01 4.2813323987e-05 3.4517964363e-20
1.4237343339e-01 4.2813323987e-05 9.6472817552e-21
1.5786725650e-01 4.2813323987e-05 1.4625958195e-21
1.7504719864e-01 4.2813323987e-05 8.9206109359e-23
1.9409675211e-01 4.2813323987e-05 1.3416026543e-24
2.1521937781e-01 4.2813323987e-05 2.3693213078e-27
2.3864067833e-01 4.2813323987e-05 1.7287417813e-31
2.6461080752e-01 4.2813323987e-05 9.4891411779e-38
2.9340714225e-01 4.2813323987e-05 2.9238126314e-47
3.2533724503e-01 4.2813323987e-05 1.1100755427e-61
3.6074214893e-01 4.2813323987e-05 1.8670243136e-83
4.0000000000e-01 4.2813323987e-05 nan
2.0000000000e-02 7.8475997035e-05 4.5888947372e-21
2.2176504808e-02 7.8475997035e-05 7.2262202625e-21
2.4589868274e-02 7.8475997035e-05 1.1289247332e-20
2.7265866600e-02 7.8475997035e-05 1.7380711068e-20
3.0233081086e-02 7.8475997035e-05 2.6559408843e-20
3.3523203403e-02 7.8475997035e-05 4.0354163760e-20
3.7171374071e-02 7.8475997035e-05 6.1056801709e-20
4.1216557790e-02 7.8475997035e-05 9.1535864194e-20
4.5701959599e-02 7.8475997035e-05 1.3558701279e-19
5.0675486338e-02 7.8475997035e-05 1.9746157781e-19
5.6190258320e-02 7.8475997035e-05 2.7815996409e-19
6.2305176688e-02 7.8475997035e-05 3.7580657303e-19
6.9085552518e-02 7.8475997035e-05 4.8053022126e-19
7.6603804377e-02 7.8475997035e-05 5.7085438319e-19
8.4940231802e-02 7.8475997035e-05 6.1339944032e-19
9.4183872945e-02 7.8475997035e-05 5.7411324909e-19
1.0443345556e-01 7.8475997035e-05 4.4500327166e-19
1.1579845146e-01 7.8475997035e-05 2.6800662570e-19
1.2840024578e-01 7.8475997035e-05 1.1597408850e-19
1.4237343339e-01 7.8475997035e-05 3.2413113864e-20
1.5786725650e-01 7.8475997035e-05 4.9140562177e-21
1.7504719864e-01 7.8475997035e-05 2.9971632019e-22
1.9409675211e-01 7.8475997035e-05 4.5075411782e-24
2.1521937781e-01 7.8475997035e-05 7.9604891510e-27
2.3864067833e-01 7.8475997035e-05 5.8082583245e-31
2.6461080752e-01 7.8475997035e-05 3.1881790469e-37
2.9340714225e-01 7.8475997035e-05 9.8234792530e-47
3.2533724503e-01 7.8475997035e-05 3.7296521240e-61
3.6074214893e-01 7.8475997035e-05 6.2728623606e-83
4.0000000000e-01 7.8475997035e-05 nan
2.0000000000e-02 1.4384498883e-04 1.5417852463e-20
2.2176504808e-02 1.4384498883e-04 2.4278787000e-20
2.4589868274e-02 1.4384498883e-04 3.7929819663e-20
2.7265866600e-02 1.4384498883e-04 5.8396030949e-20
3.0233081086e-02 1.4384498883e-04 8.9234787639e-20
3.3523203403e-02 1.4384498883e-04 1.3558265757e-19
3.7171374071e-02 1.4384498883e-04 2.0513975932e-19
4.1216557790e-02 1.4384498883e-04 3.0754387115e-19
4.5701959599e-02 1.4384498883e-04 4.5554772635e-19
5.0675486338e-02 1.4384498883e-04 6.6343502238e-19
5.6190258320e-02 1.4384498883e-04 9.3456693794e-19
6.2305176688e-02 1.4384498883e-04 1.2626418028e-18
6.9085552518e-02 1.4384498883e-04 1.6144942346e-18
7.6603804377e-02 1.4384498883e-04 1.9179670098e-18
8.4940231802e-02 1.4384498883e-04 2.0609106748e-18
9.4183872945e-02 1.4384498883e-04 1.9289162134e-18
1.0443345556e-01 1.4384498883e-04 1.4951301488e-18
1.1579845146e-01 1.4384498883e-04 9.0045357568e-19
1.2840024578e-01 1.4384498883e-04 3.8965187042e-19
1.4237343339e-01 1.4384498883e-04 1.0890217505e-19
1.5786725650e-01 1.4384498883e-04 1.6510336367e-20
1.7504719864e-01 1.4384498883e-04 1.0069924039e-21
1.9409675211e-01 1.4384498883e-04 1.5144519811e-23
2.1521937781e-01 1.4384498883e-04 2.6745798089e-26
2.3864067833e-01 1.4384498883e-04 1.9514693382e-30
2.6461080752e-01 1.4384498883e-04 1.0711702734e-36
2.9340714225e-01 1.4384498883e-04 3.3005106453e-46
3.2533724503e-01 1.4384498883e-04 1.2530953594e-60
3.6074214893e-01 1.4384498883e-04 2.1075676885e-82
4.0000000000e-01 1.4384498883e-04 nan
2.0000000000e-02 2.6366508987e-04 5.1801182773e-20
2.2176504808e-02 2.6366508987e-04 8.1572312778e-20
2.4589868274e-02 2.6366508987e-04 1.2743730215e-19
2.7265866600e-02 2.6366508987e-04 1.9620005346e-19
3.0233081086e-02 2.6366508987e-04 2.9981267280e-19
3.3523203403e-02 2.6366508987e-04 4.5553309496e-19
3.7171374071e-02 2.6366508987e-04 6.8923231957e-19
4.1216557790e-02 2.6366508987e-04 1.0332915310e-18
4.5701959599e-02 2.6366508987e-04 1.5305575969e-18
5.0675486338e-02 2.6366508987e-04 2.2290211473e-18
5.6190258320e-02 2.6366508987e-04 3.1399751338e-18
6.2305176688e-02 2.6366508987e-04 4.2422470923e-18
6.9085552518e-02 2.6366508987e-04 5.4244073663e-18
7.6603804377e-02 2.6366508987e-04 6.4440207939e-18
8.4940231802e-02 2.6366508987e-04 6.9242855801e-18
9.4183872945e-02 2.6366508987e-04 6.4808081999e-18
1.0443345556e-01 2.6366508987e-04 5.0233658306e-18
1.1579845146e-01 2.6366508987e-04 3.0253605454e-18
1.2840024578e-01 2.6366508987e-04 1.3091595600e-18
1.4237343339e-01 2.6366508987e-04 3.6589154596e-19
1.5786725650e-01 2.6366508987e-04 5.5471734858e-20
1.7504719864e-01 2.6366508987e-04 3.3833118386e-21
1.9409675211e-01 2.6366508987e-04 5.0882840636e-23
2.1521937781e-01 2.6366508987e-04 8.9861033599e-26
2.3864067833e-01 2.6366508987e-04 6.5565833300e-30
2.6461080752e-01 2.6366508987e-04 3.5989380049e-36
2.9340714225e-01 2.6366508987e-04 1.1089117401e-45
3.2533724503e-01 2.6366508987e-04 4.2101729136e-60
3.6074214893e-01 2.6366508987e-04 7.0810435775e-82
4.0000000000e-01 2.6366508987e-04 nan
2.0000000000e-02 4.8329302386e-04 1.7404256261e-19
2.2176504808e-02 4.8329302386e-04 2.7406815089e-19
2.4589868274e-02 4.8329302386e-04 4.2816618326e-19
2.7265866600e-02 4.8329302386e-04 6.5919653679e-19
3.0233081086e-02 4.8329302386e-04 1.0073161176e-18
3.3523203403e-02 4.8329302386e-04 1.5305084534e-18
3.7171374071e-02 4.8329302386e-04 2.3156954067e-18
4.1216557790e-02 4.8329302386e-04 3.4716718809e-18
4.5701959599e-02 4.8329302386e-04 5.1423955794e-18
5.0675486338e-02 4.8329302386e-04 7.4891063192e-18
5.6190258320e-02 4.8329302386e-04 1.0549746392e-17
6.2305176688e-02 4.8329302386e-04 1.4253180195e-17
6.9085552518e-02 4.8329302386e-04 1.8225024347e-17
7.6603804377e-02 4.8329302386e-04 2.1650740728e-17
8.4940231802e-02 4.8329302386e-04 2.3264343663e-17
9.4183872945e-02 4.8329302386e-04 2.1774340535e-17
1.0443345556e-01 4.8329302386e-04 1.6877598820e-17
1.1579845146e-01 4.8329302386e-04 1.0164663442e-17
1.2840024578e-01 4.8329302386e-04 4.3985391383e-18
1.4237343339e-01 4.8329302386e-04 1.2293294095e-18
1.5786725650e-01 4.8329302386e-04 1.8637500355e-19
1.7504719864e-01 4.8329302386e-04 1.1367316887e-20
1.9409675211e-01 4.8329302386e-04 1.7095716657e-22
2.1521937781e-01 4.8329302386e-04 3.0191688048e-25
2.3864067833e-01 4.8329302386e-04 2.2028939430e-29
2.6461080752e-01 4.8329302386e-04 1.2091783733e-35
2.9340714225e-01 4.8329302386e-04 3.7257435014e-45
3.2533724503e-01 4.8329302386e-04 1.4145418320e-59
3.6074214893e-01 4.8329302386e-04 2.3791009741e-81
4.0000000000e-01 4.8329302386e-04 nan
2.0000000000e-02 8.8586679041e-04 5.8475140115e-19
2.2176504808e-02 8.8586679041e-04 9.2081921625e-19
2.4589868274e-02 8.8586679041e-04 1.4385606300e-18
2.7265866600e-02 8.8586679041e-04 2.2147806846e-18
3.0233081086e-02 8.8586679041e-04 3.3843993050e-18
3.3523203403e-02 8.8586679041e-04 5.1422306386e-18
3.7171374071e-02 8.8586679041e-04 7.7803164035e-18
4.1216557790e-02 8.8586679041e-04 1.1664187798e-17
4.5701959599e-02 8.8586679041e-04 1.7277516701e-17
5.0675486338e-02 8.8586679041e-04 2.5162039837e-17
5.6190258320e-02 8.8586679041e-04 3.5445236705e-17
6.2305176688e-02 8.8586679041e-04 4.7888104932e-17
6.9085552518e-02 8.8586679041e-04 6.1232784572e-17
7.6603804377e-02 8.8586679041e-04 7.2742575243e-17
8.4940231802e-02 8.8586679041e-04 7.8163993804e-17
9.4183872945e-02 8.8586679041e-04 7.3157857245e-17
1.0443345556e-01 8.8586679041e-04 5.6705692729e-17
1.1579845146e-01 8.8586679041e-04 3.4151441967e-17
1.2840024578e-01 8.8586679041e-04 1.4778302490e-17
1.4237343339e-01 8.8586679041e-04 4.1303268452e-18
1.5786725650e-01 8.8586679041e-04 6.2618675909e-19
1.7504719864e-01 8.8586679041e-04 3.8192163209e-20
1.9409675211e-01 8.8586679041e-04 5.7438578367e-22
2.1521937781e-01 8.8586679041e-04 1.0143873976e-24
2.3864067833e-01 8.8586679041e-04 7.4013356136e-29
2.6461080752e-01 8.8586679041e-04 4.0626263983e-35
2.9340714225e-01 8.8586679041e-04 1.2517838745e-44
3.2533724503e-01 8.8586679041e-04 4.7526061969e-59
3.6074214893e-01 8.8586679041e-04 7.9933357190e-81
4.0000000000e-01 8.8586679041e-04 nan
2.0000000000e-02 1.6237767392e-03 1.9646586390e-18
2.2176504808e-02 1.6237767392e-03 3.0937855934e-18
2.4589868274e-02 1.6237767392e-03 4.8333029645e-18
2.7265866600e-02 1.6237767392e-03 7.4412618417e-18
3.0233081086e-02 1.6237767392e-03 1.1370968852e-17
3.3523203403e-02 1.6237767392e-03 1.7276964477e-17
3.7171374071e-02 1.6237767392e-03 2.6140456446e-17
4.1216557790e-02 1.6237767392e-03 3.9189564204e-17
4.5701959599e-02 1.6237767392e-03 5.8049339105e-17
5.0675486338e-02 1.6237767392e-03 8.4539920829e-17
5.6190258320e-02 1.6237767392e-03 1.1908962060e-16
6.2305176688e-02 1.6237767392e-03 1.6089543761e-16
6.9085552518e-02 1.6237767392e-03 2.0573119305e-16
7.6603804377e-02 1.6237767392e-03 2.4440206739e-16
8.4940231802e-02 1.6237767392e-03 2.6261711538e-16
9.4183872945e-02 1.6237767392e-03 2.4579744232e-16
1.0443345556e-01 1.6237767392e-03 1.9052113476e-16
1.1579845146e-01 1.6237767392e-03 1.1474286341e-16
1.2840024578e-01 1.6237767392e-03 4.9652526760e-17
1.4237343339e-01 1.6237767392e-03 1.3877186218e-17
1.5786725650e-01 1.6237767392e-03 2.1038806557e-18
1.7504719864e-01 1.6237767392e-03 1.2831922578e-19
1.9409675211e-01 1.6237767392e-03 1.9298405429e-21
2.1521937781e-01 1.6237767392e-03 3.4081747303e-24
2.3864067833e-01 1.6237767392e-03 2.4867281148e-28
2.6461080752e-01 1.6237767392e-03 1.3649763091e-34
2.9340714225e-01 1.6237767392e-03 4.2057862186e-44
3.2533724503e-01 1.6237767392e-03 1.5967923492e-58
3.6074214893e-01 1.6237767392e-03 2.6856028645e-80
4.0000000000e-01 1.6237767392e-03 nan
2.0000000000e-02 2.9763514416e-03 6.6008981495e-18
2.2176504808e-02 2.9763514416e-03 1.0394561387e-17
2.4589868274e-02 2.9763514416e-03 1.6239027064e-17
2.7265866600e-02 2.9763514416e-03 2.5001301125e-17
3.0233081086e-02 2.9763514416e-03 3.8204413673e-17
3.3523203403e-02 2.9763514416e-03 5.8047505713e-17
3.7171374071e-02 2.9763514416e-03 8.7827263952e-17
4.1216557790e-02 2.9763514416e-03 1.3166995830e-16
4.5701959599e-02 2.9763514416e-03 1.9503548561e-16
5.0675486338e-02 2.9763514416e-03 2.8403921514e-16
5.6190258320e-02 2.9763514416e-03 4.0012023180e-16
6.2305176688e-02 2.9763514416e-03 5.4058064086e-16
6.9085552518e-02 2.9763514416e-03 6.9122127271e-16
7.6603804377e-02 2.9763514416e-03 8.2114916432e-16
8.4940231802e-02 2.9763514416e-03 8.8234916932e-16
9.4183872945e-02 2.9763514416e-03 8.2583853168e-16
1.0443345556e-01 2.9763514416e-03 6.4011990756e-16
1.1579845146e-01 2.9763514416e-03 3.8551770137e-16
1.2840024578e-01 2.9763514416e-03 1.6682477473e-16
1.4237343339e-01 2.9763514416e-03 4.6625259238e-17
1.5786725650e-01 2.9763514416e-03 7.0687349488e-18
1.7504719864e-01 2.9763514416e-03 4.3113489646e-19
1.9409675211e-01 2.9763514416e-03 6.4840115682e-21
2.1521937781e-01 2.9763514416e-03 1.1451044226e-23
2.3864067833e-01 2.9763514416e-03 8.3551108346e-28
2.6461080752e-01 2.9763514416e-03 4.5861588618e-34
2.9340714225e-01 2.9763514416e-03 1.4130901697e-43
3.2533724503e-01 2.9763514416e-03 5.3649663139e-58
3.6074214893e-01 2.9763514416e-03 9.0229943808e-80
4.0000000000e-01 2.9763514416e-03 nan
2.0000000000e-02 5.4555947812e-03 2.2177842328e-17
2.2176504808e-02 5.4555947812e-03 3.4923882315e-17
2.4589868274e-02 5.4555947812e-03 5.4560263403e-17
2.7265866600e-02 5.4555947812e-03 8.3999981280e-17
3.0233081086e-02 5.4555947812e-03 1.2836016528e-16
3.3523203403e-02 5.4555947812e-03 1.9502957387e-16
3.7171374071e-02 5.4555947812e-03 2.9508455475e-16
4.1216557790e-02 5.4555947812e-03 4.4238875757e-16
4.5701959599e-02 5.4555947812e-03 6.5528666482e-16
5.0675486338e-02 5.4555947812e-03 9.5432515231e-16
5.6190258320e-02 5.4555947812e-03 1.3443397016e-15
6.2305176688e-02 5.4555947812e-03 1.8162663520e-15
6.9085552518e-02 5.4555947812e-03 2.3223987355e-15
7.6603804377e-02 5.4555947812e-03 2.7589416562e-15
8.4940231802e-02 5.4555947812e-03 2.9645710600e-15
9.4183872945e-02 5.4555947812e-03 2.7747101860e-15
1.0443345556e-01 5.4555947812e-03 2.1507262504e-15
1.1579845146e-01 5.4555947812e-03 1.2952979900e-15
1.2840024578e-01 5.4555947812e-03 5.6051568674e-16
1.4237343339e-01 5.4555947812e-03 1.5665731152e-16
1.5786725650e-01 5.4555947812e-03 2.3750548251e-17
1.7504719864e-01 5.4555947812e-03 1.4485982953e-18
1.9409675211e-01 5.4555947812e-03 2.1786207143e-20
2.1521937781e-01 5.4555947812e-03 3.8475645296e-23
2.3864067833e-01 5.4555947812e-03 2.8073417826e-27
2.6461080752e-01 5.4555947812e-03 1.5409636773e-33
2.9340714225e-01 5.4555947812e-03 4.7479792999e-43
3.2533724503e-01 5.4555947812e-03 1.8025697518e-57
3.6074214893e-01 5.4555947812e-03 3.0314004102e-79
4.0000000000e-01 5.4555947812e-03 nan
2.0000000000e-02 1.0000000000e-02 7.4513791351e-17
2.2176504808e-02 1.0000000000e-02 1.1733840515e-16
2.4589868274e-02 1.0000000000e-02 1.8331351123e-16
2.7265866600e-02 1.0000000000e-02 2.8222639551e-16
3.0233081086e-02 1.0000000000e-02 4.3126996429e-16
3.3523203403e-02 1.0000000000e-02 6.5526960332e-16
3.7171374071e-02 1.0000000000e-02 9.9144072494e-16
4.1216557790e-02 1.0000000000e-02 1.4863641687e-15
4.5701959599e-02 1.0000000000e-02 2.2016765596e-15
5.0675486338e-02 1.0000000000e-02 3.2064155764e-15
5.6190258320e-02 1.0000000000e-02 4.5168322751e-15
6.2305176688e-02 1.0000000000e-02 6.1024787594e-15
6.9085552518e-02 1.0000000000e-02 7.8030732550e-15
7.6603804377e-02 1.0000000000e-02 9.2698776453e-15
8.4940231802e-02 1.0000000000e-02 9.9608511160e-15
9.4183872945e-02 1.0000000000e-02 9.3230050034e-15
1.0443345556e-01 1.0000000000e-02 7.2264973016e-15
1.1579845146e-01 1.0000000000e-02 4.3522883496e-15
1.2840024578e-01 1.0000000000e-02 1.8833974474e-15
1.4237343339e-01 1.0000000000e-02 5.2639555868e-16
1.5786725650e-01 1.0000000000e-02 7.9807497365e-17
1.7504719864e-01 1.0000000000e-02 4.8677425599e-18
1.9409675211e-01 1.0000000000e-02 7.3210187474e-20
2.1521937781e-01 1.0000000000e-02 1.2929620740e-22
2.3864067833e-01 1.0000000000e-02 9.4341489440e-27
2.6461080752e-01 1.0000000000e-02 5.1784598752e-33
2.9340714225e-01 1.0000000000e-02 1.5955203490e-42
3.2533724503e-01 1.0000000000e-02 6.0567411700e-57
3.6074214893e-01 1.0000000000e-02 1.0183126652e-78
4.0000000000e-01 1.0000000000e-02 nan
