2.0000000000e-02 1.0000000000e-07 3.5729531973e-29
2.2176504808e-02 1.0000000000e-07 6.9215139168e-29
2.4589868274e-02 1.0000000000e-07 1.3330213692e-28
2.7265866600e-02 1.0000000000e-07 2.5252090254e-28
3.0233081086e-02 1.0000000000e-07 4.7471604519e-28
3.3523203403e-02 1.0000000000e-07 8.8646986308e-28
3.7171374071e-02 1.0000000000e-07 1.6581681537e-27
4.1216557790e-02 1.0000000000e-07 3.0398237244e-27
4.5701959599e-02 1.0000000000e-07 5.4980349280e-27
5.0675486338e-02 1.0000000000e-07 9.8297243772e-27
5.6190258320e-02 1.0000000000e-07 1.7526967314e-26
6.2305176688e-02 1.0000000000e-07 3.0454205807e-26
6.9085552518e-02 1.0000000000e-07 5.1152654817e-26
7.6603804377e-02 1.0000000000e-07 8.2215436794e-26
8.4940231802e-02 1.0000000000e-07 1.2486959538e-25
9.4183872945e-02 1.0000000000e-07 1.7633747285e-25
1.0443345556e-01 1.0000000000e-07 2.2630381125e-25
1.1579845146e-01 1.0000000000e-07 2.5548959235e-25
1.2840024578e-01 1.0000000000e-07 2.4281136854e-25
1.4237343339e-01 1.0000000000e-07 1.8345987951e-25
1.5786725650e-01 1.0000000000e-07 1.0269333992e-25
1.7504719864e-01 1.0000000000e-07 3.8962301790e-26
1.9409675211e-01 1.0000000000e-07 8.7542306274e-27
2.1521937781e-01 1.0000000000e-07 9.3267798751e-28
2.3864067833e-01 1.0000000000e-07 3.2277703444e-29
2.6461080752e-01 1.0000000000e-07 2.0218023207e-31
2.9340714225e-01 1.0000000000e-07 9.2010503459e-35
3.2533724503e-01 1.0000000000e-07 7.8545054303e-40
3.6074214893e-01 1.0000000000e-07 1.6868894951e-47
4.0000000000e-01 1.0000000000e-07 3.8287436721e-59
2.0000000000e-02 1.8329807108e-07 1.2004473488e-28
2.2176504808e-02 1.8329807108e-07 2.3255029027e-28
2.4589868274e-02 1.8329807108e-07 4.4787095722e-28
2.7265866600e-02 1.8329807108e-07 8.4842434601e-28
3.0233081086e-02 1.8329807108e-07 1.5949596494e-27
3.3523203403e-02 1.8329807108e-07 2.9783776562e-27
3.7171374071e-02 1.8329807108e-07 5.5711436844e-27
4.1216557790e-02 1.8329807108e-07 1.0213255336e-26
4.5701959599e-02 1.8329807108e-07 1.8472398290e-26
5.0675486338e-02 1.8329807108e-07 3.3026087712e-26
5.6190258320e-02 1.8329807108e-07 5.8887425286e-26
6.2305176688e-02 1.8329807108e-07 1.0232059756e-25
6.9085552518e-02 1.8329807108e-07 1.7186362505e-25
7.6603804377e-02 1.8329807108e-07 2.7622892796e-25
8.4940231802e-02 1.8329807108e-07 4.1953914996e-25
9.4183872945e-02 1.8329807108e-07 5.9246186585e-25
1.0443345556e-01 1.8329807108e-07 7.6033968330e-25
1.1579845146e-01 1.8329807108e-07 8.5839860434e-25
1.2840024578e-01 1.8329807108e-07 8.1580207613e-25
1.4237343339e-01 1.8329807108e-07 6.1639185798e-25
1.5786725650e-01 1.8329807108e-07 3.4503096135e-25
1.7504719864e-01 1.8329807108e-07 1.3090625403e-25
1.9409675211e-01 1.8329807108e-07 2.9412624144e-26
2.1521937781e-01 1.8329807108e-07 3.1336285576e-27
2.3864067833e-01 1.8329807108e-07 1.0844721827e-28
2.6461080752e-01 1.8329807108e-07 6.7928884085e-31
2.9340714225e-01 1.8329807108e-07 3.0913857205e-34
3.2533724503e-01 1.8329807108e-07 2.6389710974e-39
3.6074214893e-01 1.8329807108e-07 5.6676421727e-47
4.0000000000e-01 1.8329807108e-07 1.2863883003e-58
2.0000000000e-02 3.3598182863e-07 4.0332849543e-28
2.2176504808e-02 3.3598182863e-07 7.8132671771e-28
2.4589868274e-02 3.3598182863e-07 1.5047650320e-27
2.7265866600e-02 3.3598182863e-07 2.8505516323e-27
3.0233081086e-02 3.3598182863e-07 5.3587745960e-27
3.3523203403e-02 3.3598182863e-07 1.0006807713e-26
3.7171374071e-02 3.3598182863e-07 1.8718030426e-26
4.1216557790e-02 3.3598182863e-07 3.4314682041e-26
4.5701959599e-02 3.3598182863e-07 6.2063901565e-26
5.0675486338e-02 3.3598182863e-07 1.1096165342e-25
5.6190258320e-02 3.3598182863e-07 1.9785104831e-25
6.2305176688e-02 3.3598182863e-07 3.4377861476e-25
6.9085552518e-02 3.3598182863e-07 5.7743055018e-25
7.6603804377e-02 3.3598182863e-07 9.2807900335e-25
8.4940231802e-02 3.3598182863e-07 1.4095753078e-24
9.4183872945e-02 3.3598182863e-07 1.9905642108e-24
1.0443345556e-01 3.3598182863e-07 2.5546031717e-24
1.1579845146e-01 3.3598182863e-07 2.8840633278e-24
1.2840024578e-01 3.3598182863e-07 2.7409467334e-24
1.4237343339e-01 3.3598182863e-07 2.0709646360e-24
1.5786725650e-01 3.3598182863e-07 1.1592413333e-24
1.7504719864e-01 3.3598182863e-07 4.3982122608e-25
1.9409675211e-01 3.3598182863e-07 9.8821072447e-26
2.1521937781e-01 3.3598182863e-07 1.0528422530e-26
2.3864067833e-01 3.3598182863e-07 3.6436294704e-28
2.6461080752e-01 3.3598182863e-07 2.2822870692e-30
2.9340714225e-01 3.3598182863e-07 1.0386494274e-33
3.2533724503e-01 3.3598182863e-07 8.8664633501e-39
3.6074214893e-01 3.3598182863e-07 1.9042247812e-46
4.0000000000e-01 3.3598182863e-07 4.3220309346e-58
2.0000000000e-02 6.1584821107e-07 1.3551104543e-27
2.2176504808e-02 6.1584821107e-07 2.6251157937e-27
2.4589868274e-02 6.1584821107e-07 5.0557370710e-27
2.7265866600e-02 6.1584821107e-07 9.5773355001e-27
3.0233081086e-02 6.1584821107e-07 1.8004508880e-26
3.3523203403e-02 6.1584821107e-07 3.3621055541e-26
3.7171374071e-02 6.1584821107e-07 6.2889180909e-26
4.1216557790e-02 6.1584821107e-07 1.1529109621e-25
4.5701959599e-02 6.1584821107e-07 2.0852343140e-25
5.0675486338e-02 6.1584821107e-07 3.7281099223e-25
5.6190258320e-02 6.1584821107e-07 6.6474357007e-25
6.2305176688e-02 6.1584821107e-07 1.1550336763e-24
6.9085552518e-02 6.1584821107e-07 1.9400617215e-24
7.6603804377e-02 6.1584821107e-07 3.1181768066e-24
8.4940231802e-02 6.1584821107e-07 4.7359168952e-24
9.4183872945e-02 6.1584821107e-07 6.6879340355e-24
1.0443345556e-01 6.1584821107e-07 8.5830024506e-24
1.1579845146e-01 6.1584821107e-07 9.6899287075e-24
1.2840024578e-01 6.1584821107e-07 9.2090829565e-24
1.4237343339e-01 6.1584821107e-07 6.9580648542e-24
1.5786725650e-01 6.1584821107e-07 3.8948402298e-24
1.7504719864e-01 6.1584821107e-07 1.4777193981e-24
1.9409675211e-01 6.1584821107e-07 3.3202084628e-25
2.1521937781e-01 6.1584821107e-07 3.5373586543e-26
2.3864067833e-01 6.1584821107e-07 1.2241932923e-27
2.6461080752e-01 6.1584821107e-07 7.6680698295e-30
2.9340714225e-01 6.1584821107e-07 3.4896733391e-33
3.2533724503e-01 6.1584821107e-07 2.9789705698e-38
3.6074214893e-01 6.1584821107e-07 6.3978492410e-46
4.0000000000e-01 6.1584821107e-07 1.4521238568e-57
2.0000000000e-02 1.1288378917e-06 4.5529248844e-27
2.2176504808e-02 1.1288378917e-06 8.8199120474e-27
2.4589868274e-02 1.1288378917e-06 1.6986357862e-26
2.7265866600e-02 1.1288378917e-06 3.2178106947e-26
3.0233081086e-02 1.1288378917e-06 6.0491878169e-26
3.3523203403e-02 1.1288378917e-06 1.1296063721e-25
3.7171374071e-02 1.1288378917e-06 2.1129622003e-25
4.1216557790e-02 1.1288378917e-06 3.8735713329e-25
4.5701959599e-02 1.1288378917e-06 7.0060083793e-25
5.0675486338e-02 1.1288378917e-06 1.2525771890e-24
5.6190258320e-02 1.1288378917e-06 2.2334176024e-24
6.2305176688e-02 1.1288378917e-06 3.8807032669e-24
6.9085552518e-02 1.1288378917e-06 6.5182548485e-24
7.6603804377e-02 1.1288378917e-06 1.0476507455e-23
8.4940231802e-02 1.1288378917e-06 1.5911820187e-23
9.4183872945e-02 1.1288378917e-06 2.2470243070e-23
1.0443345556e-01 1.1288378917e-06 2.8837328585e-23
1.1579845146e-01 1.1288378917e-06 3.2556399664e-23
1.2840024578e-01 1.1288378917e-06 3.0940845317e-23
1.4237343339e-01 1.1288378917e-06 2.3377833534e-23
1.5786725650e-01 1.1288378917e-06 1.3085955426e-23
1.7504719864e-01 1.1288378917e-06 4.9648686557e-24
1.9409675211e-01 1.1288378917e-06 1.1155297108e-24
2.1521937781e-01 1.1288378917e-06 1.1884882292e-25
2.3864067833e-01 1.1288378917e-06 4.1130670094e-27
2.6461080752e-01 1.1288378917e-06 2.5763321234e-29
2.9340714225e-01 1.1288378917e-06 1.1724668298e-32
3.2533724503e-01 1.1288378917e-06 1.0008799795e-37
3.6074214893e-01 1.1288378917e-06 2.1495610872e-45
4.0000000000e-01 1.1288378917e-06 4.8788722879e-57
2.0000000000e-02 2.0691380811e-06 1.5297000283e-26
2.2176504808e-02 2.0691380811e-06 2.9633301780e-26
2.4589868274e-02 2.0691380811e-06 5.7071075761e-26
2.7265866600e-02 2.0691380811e-06 1.0811259214e-25
3.0233081086e-02 2.0691380811e-06 2.0324171844e-25
3.3523203403e-02 2.0691380811e-06 3.7952721453e-25
3.7171374071e-02 2.0691380811e-06 7.0991690388e-25
4.1216557790e-02 2.0691380811e-06 1.3014495798e-24
4.5701959599e-02 2.0691380811e-06 2.3538915066e-24
5.0675486338e-02 2.0691380811e-06 4.2084317446e-24
5.6190258320e-02 2.0691380811e-06 7.5038773015e-24
6.2305176688e-02 2.0691380811e-06 1.3038457800e-23
6.9085552518e-02 2.0691380811e-06 2.1900151835e-23
7.6603804377e-02 2.0691380811e-06 3.5199161322e-23
8.4940231802e-02 2.0691380811e-06 5.3460824432e-23
9.4183872945e-02 2.0691380811e-06 7.5495933564e-23
1.0443345556e-01 2.0691380811e-06 9.6888183906e-23
1.1579845146e-01 2.0691380811e-06 1.0938358693e-22
1.2840024578e-01 2.0691380811e-06 1.0395561789e-22
1.4237343339e-01 2.0691380811e-06 7.8545272602e-23
1.5786725650e-01 2.0691380811e-06 4.3966432334e-23
1.7504719864e-01 2.0691380811e-06 1.6681056498e-23
1.9409675211e-01 2.0691380811e-06 3.7479771211e-24
2.1521937781e-01 2.0691380811e-06 3.9931044855e-25
2.3864067833e-01 2.0691380811e-06 1.3819157751e-26
2.6461080752e-01 2.0691380811e-06 8.6560077795e-29
2.9340714225e-01 2.0691380811e-06 3.9392754947e-32
3.2533724503e-01 2.0691380811e-06 3.3627748573e-37
3.6074214893e-01 2.0691380811e-06 7.2221346481e-45
4.0000000000e-01 2.0691380811e-06 1.6392124328e-56
2.0000000000e-02 3.7926901907e-06 5.1395141275e-26
2.2176504808e-02 3.7926901907e-06 9.9562509204e-26
2.4589868274e-02 3.7926901907e-06 1.9174844396e-25
2.7265866600e-02 3.7926901907e-06 3.6323866404e-25
3.0233081086e-02 3.7926901907e-06 6.8285524216e-25
3.3523203403e-02 3.7926901907e-06 1.2751424755e-24
3.7171374071e-02 3.7926901907e-06 2.3851917954e-24
4.1216557790e-02 3.7926901907e-06 4.3726340968e-24
4.5701959599e-02 3.7926901907e-06 7.9086477280e-24
5.0675486338e-02 3.7926901907e-06 1.4139565932e-23
5.6190258320e-02 3.7926901907e-06 2.5211664176e-23
6.2305176688e-02 3.7926901907e-06 4.3806848941e-23
6.9085552518e-02 3.7926901907e-06 7.3580530607e-23
7.6603804377e-02 3.7926901907e-06 1.1826278587e-22
8.4940231802e-02 3.7926901907e-06 1.7961865552e-22
9.4183872945e-02 3.7926901907e-06 2.5365261813e-22
1.0443345556e-01 3.7926901907e-06 3.2552669201e-22
1.1579845146e-01 3.7926901907e-06 3.6750897558e-22
1.2840024578e-01 3.7926901907e-06 3.4927198595e-22
1.4237343339e-01 3.7926901907e-06 2.6389784319e-22
1.5786725650e-01 3.7926901907e-06 1.4771922334e-22
1.7504719864e-01 3.7926901907e-06 5.6045318658e-23
1.9409675211e-01 3.7926901907e-06 1.2592522068e-23
2.1521937781e-01 3.7926901907e-06 1.3416105469e-24
2.3864067833e-01 3.7926901907e-06 4.6429858912e-26
2.6461080752e-01 3.7926901907e-06 2.9082613223e-28
2.9340714225e-01 3.7926901907e-06 1.3235249841e-31
3.2533724503e-01 3.7926901907e-06 1.1298312457e-36
3.6074214893e-01 3.7926901907e-06 2.4265060053e-44
4.0000000000e-01 3.7926901907e-06 5.5074559051e-56
2.0000000000e-02 6.9519279618e-06 1.7267833548e-25
2.2176504808e-02 6.9519279618e-06 3.3451193905e-25
2.4589868274e-02 6.9519279618e-06 6.4423992839e-25
2.7265866600e-02 6.9519279618e-06 1.2204159057e-24
3.0233081086e-02 6.9519279618e-06 2.2942695295e-24
3.3523203403e-02 6.9519279618e-06 4.2842470068e-24
3.7171374071e-02 6.9519279618e-06 8.0138110104e-24
4.1216557790e-02 6.9519279618e-06 1.4691255998e-23
4.5701959599e-02 6.9519279618e-06 2.6571619256e-23
5.0675486338e-02 6.9519279618e-06 4.7506372179e-23
5.6190258320e-02 6.9519279618e-06 8.4706610325e-23
6.2305176688e-02 6.9519279618e-06 1.4718305213e-22
6.9085552518e-02 6.9519279618e-06 2.4721721225e-22
7.6603804377e-02 6.9519279618e-06 3.9734147056e-22
8.4940231802e-02 6.9519279618e-06 6.0348604339e-22
9.4183872945e-02 6.9519279618e-06 8.5222670475e-22
1.0443345556e-01 6.9519279618e-06 1.0937105325e-21
1.1579845146e-01 6.9519279618e-06 1.2347633765e-21
1.2840024578e-01 6.9519279618e-06 1.1734904053e-21
1.4237343339e-01 6.9519279618e-06 8.8664879925e-22
1.5786725650e-01 6.9519279618e-06 4.9630974781e-22
1.7504719864e-01 6.9519279618e-06 1.8830208648e-22
1.9409675211e-01 6.9519279618e-06 4.2308585913e-23
2.1521937781e-01 6.9519279618e-06 4.5075676485e-24
2.3864067833e-01 6.9519279618e-06 1.5599588899e-25
2.6461080752e-01 6.9519279618e-06 9.7712295711e-28
2.9340714225e-01 6.9519279618e-06 4.4468034433e-31
3.2533724503e-01 6.9519279618e-06 3.7960276787e-36
3.6074214893e-01 6.9519279618e-06 8.1526192439e-44
4.0000000000e-01 6.9519279618e-06 1.8504051043e-55
2.0000000000e-02 1.2742749857e-05 5.8016782919e-25
2.2176504808e-02 1.2742749857e-05 1.1238993298e-24
2.4589868274e-02 1.2742749857e-05 2.1645290921e-24
2.7265866600e-02 1.2742749857e-05 4.1003756770e-24
3.0233081086e-02 1.2742749857e-05 7.7083287189e-24
3.3523203403e-02 1.2742749857e-05 1.4394291437e-23
3.7171374071e-02 1.2742749857e-05 2.6924948776e-23
4.1216557790e-02 1.2742749857e-05 4.9359950549e-23
4.5701959599e-02 1.2742749857e-05 8.9275812273e-23
5.0675486338e-02 1.2742749857e-05 1.5961277796e-22
5.6190258320e-02 1.2742749857e-05 2.8459881834e-22
6.2305176688e-02 1.2742749857e-05 4.9450830999e-22
6.9085552518e-02 1.2742749857e-05 8.3060491039e-22
7.6603804377e-02 1.2742749857e-05 1.3349951387e-21
8.4940231802e-02 1.2742749857e-05 2.0276034441e-21
9.4183872945e-02 1.2742749857e-05 2.8633268667e-21
1.0443345556e-01 1.2742749857e-05 3.6746686470e-21
1.1579845146e-01 1.2742749857e-05 4.1485805716e-21
1.2840024578e-01 1.2742749857e-05 3.9427145224e-21
1.4237343339e-01 1.2742749857e-05 2.9789788492e-21
1.5786725650e-01 1.2742749857e-05 1.6675105663e-21
1.7504719864e-01 1.2742749857e-05 6.3266079349e-22
1.9409675211e-01 1.2742749857e-05 1.4214916061e-22
2.1521937781e-01 1.2742749857e-05 1.5144608210e-23
2.3864067833e-01 1.2742749857e-05 5.2411784033e-25
2.6461080752e-01 1.2742749857e-05 3.2829555782e-27
2.9340714225e-01 1.2742749857e-05 1.4940451516e-30
3.2533724503e-01 1.2742749857e-05 1.2753963197e-35
3.6074214893e-01 1.2742749857e-05 2.7391319167e-43
4.0000000000e-01 1.2742749857e-05 6.2170248856e-55
2.0000000000e-02 2.3357214691e-05 1.9492584816e-24
2.2176504808e-02 2.3357214691e-05 3.7760975202e-24
2.4589868274e-02 2.3357214691e-05 7.2724244250e-24
2.7265866600e-02 2.3357214691e-05 1.3776517180e-23
3.0233081086e-02 2.3357214691e-05 2.5898583786e-23
3.3523203403e-02 2.3357214691e-05 4.8362203587e-23
3.7171374071e-02 2.3357214691e-05 9.0462935253e-23
4.1216557790e-02 2.3357214691e-05 1.6584046446e-22
4.5701959599e-02 2.3357214691e-05 2.9995050660e-22
5.0675486338e-02 2.3357214691e-05 5.3626993012e-22
5.6190258320e-02 2.3357214691e-05 9.5620031410e-22
6.2305176688e-02 2.3357214691e-05 1.6614580626e-21
6.9085552518e-02 2.3357214691e-05 2.7906815666e-21
7.6603804377e-02 2.3357214691e-05 4.4853410790e-21
8.4940231802e-02 2.3357214691e-05 6.8123791287e-21
9.4183872945e-02 2.3357214691e-05 9.6202579661e-21
1.0443345556e-01 2.3357214691e-05 1.2346218916e-20
1.1579845146e-01 2.3357214691e-05 1.3938476866e-20
1.2840024578e-01 2.3357214691e-05 1.3246804349e-20
1.4237343339e-01 2.3357214691e-05 1.0008827611e-20
1.5786725650e-01 2.3357214691e-05 5.6025324927e-21
1.7504719864e-01 2.3357214691e-05 2.1256253027e-21
1.9409675211e-01 2.3357214691e-05 4.7759534909e-22
2.1521937781e-01 2.3357214691e-05 5.0883131586e-23
2.3864067833e-01 2.3357214691e-05 1.7609407030e-24
2.6461080752e-01 2.3357214691e-05 1.1030134173e-26
2.9340714225e-01 2.3357214691e-05 5.0197202115e-30
3.2533724503e-01 2.3357214691e-05 4.2850998630e-35
3.6074214893e-01 2.3357214691e-05 9.2029854460e-43
4.0000000000e-01 2.3357214691e-05 2.0888073663e-54
2.0000000000e-02 4.2813323987e-05 6.5491542913e-24
2.2176504808e-02 4.2813323987e-05 1.2687001499e-23
2.4589868274e-02 4.2813323987e-05 2.4434024569e-23
2.7265866600e-02 4.2813323987e-05 4.6286594343e-23
3.0233081086e-02 4.2813323987e-05 8.7014535394e-23
3.3523203403e-02 4.2813323987e-05 1.6248821597e-22
3.7171374071e-02 4.2813323987e-05 3.0393902409e-22
4.1216557790e-02 4.2813323987e-05 5.5719382511e-22
4.5701959599e-02 4.2813323987e-05 1.0077791970e-21
5.0675486338e-02 4.2813323987e-05 1.8017695176e-21
5.6190258320e-02 4.2813323987e-05 3.2126593006e-21
6.2305176688e-02 4.2813323987e-05 5.5821971806e-21
6.9085552518e-02 4.2813323987e-05 9.3761829585e-21
7.6603804377e-02 4.2813323987e-05 1.5069930977e-20
8.4940231802e-02 4.2813323987e-05 2.2888355969e-20
9.4183872945e-02 4.2813323987e-05 3.2322318632e-20
1.0443345556e-01 4.2813323987e-05 4.1481052077e-20
1.1579845146e-01 4.2813323987e-05 4.6830749454e-20
1.2840024578e-01 4.2813323987e-05 4.4506855481e-20
1.4237343339e-01 4.2813323987e-05 3.3627842026e-20
1.5786725650e-01 4.2813323987e-05 1.8823491113e-20
1.7504719864e-01 4.2813323987e-05 7.1417147583e-21
1.9409675211e-01 4.2813323987e-05 1.6046335861e-21
2.1521937781e-01 4.2813323987e-05 1.7095807576e-22
2.3864067833e-01 4.2813323987e-05 5.9164407631e-24
2.6461080752e-01 4.2813323987e-05 3.7059246365e-26
2.9340714225e-01 4.2813323987e-05 1.6865347653e-29
3.2533724503e-01 4.2813323987e-05 1.4397156716e-34
3.6074214893e-01 4.2813323987e-05 3.0920358156e-42
4.0000000000e-01 4.2813323987e-05 7.0180129214e-54
2.0000000000e-02 7.8475997035e-05 2.2003968347e-23
2.2176504808e-02 7.8475997035e-05 4.2626019635e-23
2.4589868274e-02 7.8475997035e-05 8.2093882553e-23
2.7265866600e-02 7.8475997035e-05 1.5551454608e-22
3.0233081086e-02 7.8475997035e-05 2.9235302719e-22
3.3523203403e-02 7.8475997035e-05 5.4593087933e-22
3.7171374071e-02 7.8475997035e-05 1.0211798911e-21
4.1216557790e-02 7.8475997035e-05 1.8720700026e-21
4.5701959599e-02 7.8475997035e-05 3.3859549747e-21
5.0675486338e-02 7.8475997035e-05 6.0536181727e-21
5.6190258320e-02 7.8475997035e-05 1.0793951465e-20
6.2305176688e-02 7.8475997035e-05 1.8755168164e-20
6.9085552518e-02 7.8475997035e-05 3.1502270957e-20
7.6603804377e-02 7.8475997035e-05 5.0632229666e-20
8.4940231802e-02 7.8475997035e-05 7.6900716919e-20
9.4183872945e-02 7.8475997035e-05 1.0859711718e-19
1.0443345556e-01 7.8475997035e-05 1.3936879727e-19
1.1579845146e-01 7.8475997035e-05 1.5734280833e-19
1.2840024578e-01 7.8475997035e-05 1.4953494684e-19
1.4237343339e-01 7.8475997035e-05 1.1298343849e-19
1.5786725650e-01 7.8475997035e-05 6.3243509585e-20
1.7504719864e-01 7.8475997035e-05 2.3994863802e-20
1.9409675211e-01 7.8475997035e-05 5.3912772518e-21
2.1521937781e-01 7.8475997035e-05 5.7438806678e-22
2.3864067833e-01 7.8475997035e-05 1.9878165730e-23
2.6461080752e-01 7.8475997035e-05 1.2451233214e-25
2.9340714225e-01 7.8475997035e-05 5.6664502262e-29
3.2533724503e-01 7.8475997035e-05 4.8371828576e-34
3.6074214893e-01 7.8475997035e-05 1.0388677759e-41
4.0000000000e-01 7.8475997035e-05 2.3579245163e-53
2.0000000000e-02 1.4384498883e-04 7.3929335224e-23
2.2176504808e-02 1.4384498883e-04 1.4321568024e-22
2.4589868274e-02 1.4384498883e-04 2.7582052779e-22
2.7265866600e-02 1.4384498883e-04 5.2250061570e-22
3.0233081086e-02 1.4384498883e-04 9.8225304676e-22
3.3523203403e-02 1.4384498883e-04 1.8342285513e-21
3.7171374071e-02 1.4384498883e-04 3.4309788714e-21
4.1216557790e-02 1.4384498883e-04 6.2898150274e-21
4.5701959599e-02 1.4384498883e-04 1.1376193440e-20
5.0675486338e-02 1.4384498883e-04 2.0339057033e-20
5.6190258320e-02 1.4384498883e-04 3.6265715510e-20
6.2305176688e-02 1.4384498883e-04 6.3013956950e-20
6.9085552518e-02 1.4384498883e-04 1.0584190600e-19
7.6603804377e-02 1.4384498883e-04 1.7011509106e-19
8.4940231802e-02 1.4384498883e-04 2.5837243483e-19
9.4183872945e-02 1.4384498883e-04 3.6486657993e-19
1.0443345556e-01 1.4384498883e-04 4.6825383327e-19
1.1579845146e-01 1.4384498883e-04 5.2864324407e-19
1.2840024578e-01 1.4384498883e-04 5.0241024805e-19
1.4237343339e-01 1.4384498883e-04 3.7960382179e-19
1.5786725650e-01 1.4384498883e-04 2.1248669924e-19
1.7504719864e-01 1.4384498883e-04 8.0618381743e-20
1.9409675211e-01 1.4384498883e-04 1.8113711744e-20
2.1521937781e-01 1.4384498883e-04 1.9298395038e-21
2.3864067833e-01 1.4384498883e-04 6.6787023183e-23
2.6461080752e-01 1.4384498883e-04 4.1833879377e-25
2.9340714225e-01 1.4384498883e-04 1.9038241747e-28
3.2533724503e-01 1.4384498883e-04 1.6252053354e-33
3.6074214893e-01 1.4384498883e-04 3.4904061420e-41
4.0000000000e-01 1.4384498883e-04 7.9221945396e-53
2.0000000000e-02 2.6366508987e-04 2.4838913237e-22
2.2176504808e-02 2.6366508987e-04 4.8117866132e-22
2.4589868274e-02 2.6366508987e-04 9.2670685293e-22
2.7265866600e-02 2.6366508987e-04 1.7555071231e-21
3.0233081086e-02 2.6366508987e-04 3.3001917479e-21
3.3523203403e-02 2.6366508987e-04 6.1626746272e-21
3.7171374071e-02 2.6366508987e-04 1.1527465550e-20
4.1216557790e-02 2.6366508987e-04 2.1132635542e-20
4.5701959599e-02 2.6366508987e-04 3.8221942736e-20
5.0675486338e-02 2.6366508987e-04 6.8335535723e-20
5.6190258320e-02 2.6366508987e-04 1.2184621409e-19
6.2305176688e-02 2.6366508987e-04 2.1171544474e-19
6.9085552518e-02 2.6366508987e-04 3.5560957098e-19
7.6603804377e-02 2.6366508987e-04 5.7155579317e-19
8.4940231802e-02 2.6366508987e-04 8.6808443011e-19
9.4183872945e-02 2.6366508987e-04 1.2258854051e-18
1.0443345556e-01 2.6366508987e-04 1.5732477877e-18
1.1579845146e-01 2.6366508987e-04 1.7761452320e-18
1.2840024578e-01 2.6366508987e-04 1.6880071298e-18
1.4237343339e-01 2.6366508987e-04 1.2753998520e-18
1.5786725650e-01 2.6366508987e-04 7.1391668924e-19
1.7504719864e-01 2.6366508987e-04 2.7086310828e-19
1.9409675211e-01 2.6366508987e-04 6.0858778223e-20
2.1521937781e-01 2.6366508987e-04 6.4839097567e-21
2.3864067833e-01 2.6366508987e-04 2.2439224447e-22
2.6461080752e-01 2.6366508987e-04 1.4055421415e-24
2.9340714225e-01 2.6366508987e-04 6.3965017616e-28
3.2533724503e-01 2.6366508987e-04 5.4603922735e-33
3.6074214893e-01 2.6366508987e-04 1.1727121257e-40
4.0000000000e-01 2.6366508987e-04 2.6617096063e-52
2.0000000000e-02 4.8329302386e-04 8.3454234891e-22
2.2176504808e-02 4.8329302386e-04 1.6166728650e-21
2.4589868274e-02 4.8329302386e-04 3.1135666298e-21
2.7265866600e-02 4.8329302386e-04 5.8981849321e-21
3.0233081086e-02 4.8329302386e-04 1.1088044579e-20
3.3523203403e-02 4.8329302386e-04 2.0705466896e-20
3.7171374071e-02 4.8329302386e-04 3.8730189527e-20
4.1216557790e-02 4.8329302386e-04 7.1001815281e-20
4.5701959599e-02 4.8329302386e-04 1.2841878203e-19
5.0675486338e-02 4.8329302386e-04 2.2959498227e-19
5.6190258320e-02 4.8329302386e-04 4.0938113763e-19
6.2305176688e-02 4.8329302386e-04 7.1132542142e-19
6.9085552518e-02 4.8329302386e-04 1.1947835365e-18
7.6603804377e-02 4.8329302386e-04 1.9203235994e-18
8.4940231802e-02 4.8329302386e-04 2.9166059297e-18
9.4183872945e-02 4.8329302386e-04 4.1187521766e-18
1.0443345556e-01 4.8329302386e-04 5.2858266418e-18
1.1579845146e-01 4.8329302386e-04 5.9675251578e-18
1.2840024578e-01 4.8329302386e-04 5.6713971219e-18
1.4237343339e-01 4.8329302386e-04 4.2851116321e-18
1.5786725650e-01 4.8329302386e-04 2.3986302518e-18
1.7504719864e-01 4.8329302386e-04 9.1005076880e-19
1.9409675211e-01 4.8329302386e-04 2.0447441646e-19
2.1521937781e-01 4.8329302386e-04 2.1784755206e-20
2.3864067833e-01 4.8329302386e-04 7.5391697091e-22
2.6461080752e-01 4.8329302386e-04 4.7223640707e-24
2.9340714225e-01 4.8329302386e-04 2.1491066492e-27
3.2533724503e-01 4.8329302386e-04 1.8345899494e-32
3.6074214893e-01 4.8329302386e-04 3.9400893433e-40
4.0000000000e-01 4.8329302386e-04 8.9428176908e-52
2.0000000000e-02 8.8586679041e-04 2.8039106431e-21
2.2176504808e-02 8.8586679041e-04 5.4317270513e-21
2.4589868274e-02 8.8586679041e-04 1.0461018090e-20
2.7265866600e-02 8.8586679041e-04 1.9816829571e-20
3.0233081086e-02 8.8586679041e-04 3.7253814890e-20
3.3523203403e-02 8.8586679041e-04 6.9566606197e-20
3.7171374071e-02 8.8586679041e-04 1.3012639876e-19
4.1216557790e-02 8.8586679041e-04 2.3855319677e-19
4.5701959599e-02 8.8586679041e-04 4.3146377088e-19
5.0675486338e-02 8.8586679041e-04 7.7139741705e-19
5.6190258320e-02 8.8586679041e-04 1.3754462258e-18
6.2305176688e-02 8.8586679041e-04 2.3899241438e-18
6.9085552518e-02 8.8586679041e-04 4.0142555417e-18
7.6603804377e-02 8.8586679041e-04 6.4519382755e-18
8.4940231802e-02 8.8586679041e-04 9.7992657940e-18
9.4183872945e-02 8.8586679041e-04 1.3838258603e-17
1.0443345556e-01 8.8586679041e-04 1.7759416510e-17
1.1579845146e-01 8.8586679041e-04 2.0049799339e-17
1.2840024578e-01 8.8586679041e-04 1.9054862629e-17
1.4237343339e-01 8.8586679041e-04 1.4397195145e-17
1.5786725650e-01 8.8586679041e-04 8.0589607030e-18
1.7504719864e-01 8.8586679041e-04 3.0576045883e-18
1.9409675211e-01 8.8586679041e-04 6.8699666344e-19
2.1521937781e-01 8.8586679041e-04 7.3192780956e-20
2.3864067833e-01 8.8586679041e-04 2.5330218199e-21
2.6461080752e-01 8.8586679041e-04 1.5866261246e-23
2.9340714225e-01 8.8586679041e-04 7.2205885224e-27
3.2533724503e-01 8.8586679041e-04 6.1638591528e-32
3.6074214893e-01 8.8586679041e-04 1.3237867942e-39
4.0000000000e-01 8.8586679041e-04 3.0045757948e-51
2.0000000000e-02 1.6237767392e-03 9.4206302357e-21
2.2176504808e-02 1.6237767392e-03 1.8249615834e-20
2.4589868274e-02 1.6237767392e-03 3.5147119780e-20
2.7265866600e-02 1.6237767392e-03 6.6580946153e-20
3.0233081086e-02 1.6237767392e-03 1.2516604799e-19
3.3523203403e-02 1.6237767392e-03 2.3373115443e-19
3.7171374071e-02 1.6237767392e-03 4.3720105126e-19
4.1216557790e-02 1.6237767392e-03 8.0149538628e-19
4.5701959599e-02 1.6237767392e-03 1.4496398527e-18
5.0675486338e-02 1.6237767392e-03 2.5917551158e-18
5.6190258320e-02 1.6237767392e-03 4.6212493080e-18
6.2305176688e-02 1.6237767392e-03 8.0297106760e-18
6.9085552518e-02 1.6237767392e-03 1.3487168810e-17
7.6603804377e-02 1.6237767392e-03 2.1677339418e-17
8.4940231802e-02 1.6237767392e-03 3.2923750798e-17
9.4183872945e-02 1.6237767392e-03 4.6494031177e-17
1.0443345556e-01 1.6237767392e-03 5.9668406708e-17
1.1579845146e-01 1.6237767392e-03 6.7363673316e-17
1.2840024578e-01 1.6237767392e-03 6.4020863152e-17
1.4237343339e-01 1.6237767392e-03 4.8371945128e-17
1.5786725650e-01 1.6237767392e-03 2.7076631358e-17
1.7504719864e-01 1.6237767392e-03 1.0272988740e-17
1.9409675211e-01 1.6237767392e-03 2.3081814683e-18
2.1521937781e-01 1.6237767392e-03 2.4591401552e-19
2.3864067833e-01 1.6237767392e-03 8.5104681359e-21
2.6461080752e-01 1.6237767392e-03 5.3307484723e-23
2.9340714225e-01 1.6237767392e-03 2.4259647525e-26
3.2533724503e-01 1.6237767392e-03 2.0709111355e-31
3.6074214893e-01 1.6237767392e-03 4.4475518159e-39
4.0000000000e-01 1.6237767392e-03 1.0094281840e-50
2.0000000000e-02 2.9763514416e-03 3.1651605552e-20
2.2176504808e-02 2.9763514416e-03 6.1315392560e-20
2.4589868274e-02 2.9763514416e-03 1.1808793470e-19
2.7265866600e-02 2.9763514416e-03 2.2369987795e-19
3.0233081086e-02 2.9763514416e-03 4.2053517113e-19
3.3523203403e-02 2.9763514416e-03 7.8529419334e-19
3.7171374071e-02 2.9763514416e-03 1.4689160551e-18
4.1216557790e-02 2.9763514416e-03 2.6928787822e-18
4.5701959599e-02 2.9763514416e-03 4.8705263217e-18
5.0675486338e-02 2.9763514416e-03 8.7078258709e-18
5.6190258320e-02 2.9763514416e-03 1.5526557105e-17
6.2305176688e-02 2.9763514416e-03 2.6978366900e-17
6.9085552518e-02 2.9763514416e-03 4.5314432281e-17
7.6603804377e-02 2.9763514416e-03 7.2831912543e-17
8.4940231802e-02 2.9763514416e-03 1.1061780183e-16
9.4183872945e-02 2.9763514416e-03 1.5621146086e-16
1.0443345556e-01 2.9763514416e-03 2.0047494035e-16
1.1579845146e-01 2.9763514416e-03 2.2632959825e-16
1.2840024578e-01 2.9763514416e-03 2.1509832277e-16
1.4237343339e-01 2.9763514416e-03 1.6252078331e-16
1.5786725650e-01 2.9763514416e-03 9.0972423667e-17
1.7504719864e-01 2.9763514416e-03 3.4515295632e-17
1.9409675211e-01 2.9763514416e-03 7.7550422637e-18
2.1521937781e-01 2.9763514416e-03 8.2622157079e-19
2.3864067833e-01 2.9763514416e-03 2.8593345454e-20
2.6461080752e-01 2.9763514416e-03 1.7910041476e-22
2.9340714225e-01 2.9763514416e-03 8.1505548478e-26
3.2533724503e-01 2.9763514416e-03 6.9575065701e-31
3.6074214893e-01 2.9763514416e-03 1.4941484276e-38
4.0000000000e-01 2.9763514416e-03 3.3908780304e-50
2.0000000000e-02 5.4555947812e-03 1.0634364106e-19
2.2176504808e-02 5.4555947812e-03 2.0600857222e-19
2.4589868274e-02 5.4555947812e-03 3.9675399061e-19
2.7265866600e-02 5.4555947812e-03 7.5159091285e-19
3.0233081086e-02 5.4555947812e-03 1.4129216932e-18
3.3523203403e-02 5.4555947812e-03 2.6384456397e-18
3.7171374071e-02 5.4555947812e-03 4.9352906656e-18
4.1216557790e-02 5.4555947812e-03 9.0475825507e-18
4.5701959599e-02 5.4555947812e-03 1.6364081548e-17
5.0675486338e-02 5.4555947812e-03 2.9256708522e-17
5.6190258320e-02 5.4555947812e-03 5.2166401162e-17
6.2305176688e-02 5.4555947812e-03 9.0642389411e-17
6.9085552518e-02 5.4555947812e-03 1.5224821173e-16
7.6603804377e-02 5.4555947812e-03 2.4470189191e-16
8.4940231802e-02 5.4555947812e-03 3.7165550844e-16
9.4183872945e-02 5.4555947812e-03 5.2484172431e-16
1.0443345556e-01 5.4555947812e-03 6.7355865237e-16
1.1579845146e-01 5.4555947812e-03 7.6042515819e-16
1.2840024578e-01 5.4555947812e-03 7.2268965323e-16
1.4237343339e-01 5.4555947812e-03 5.4603846565e-16
1.5786725650e-01 5.4555947812e-03 3.0564926044e-16
1.7504719864e-01 5.4555947812e-03 1.1596422073e-16
1.9409675211e-01 5.4555947812e-03 2.6055216266e-17
2.1521937781e-01 5.4555947812e-03 2.7758997587e-18
2.3864067833e-01 5.4555947812e-03 9.6065272804e-20
2.6461080752e-01 5.4555947812e-03 6.0171045189e-22
2.9340714225e-01 5.4555947812e-03 2.7381607709e-25
3.2533724503e-01 5.4555947812e-03 2.3371685295e-30
3.6074214893e-01 5.4555947812e-03 5.0183950355e-38
4.0000000000e-01 5.4555947812e-03 1.1385769129e-49
2.0000000000e-02 1.0000000000e-02 3.5729528662e-19
2.2176504808e-02 1.0000000000e-02 6.9215131237e-19
2.4589868274e-02 1.0000000000e-02 1.3330211798e-18
2.7265866600e-02 1.0000000000e-02 2.5252085800e-18
3.0233081086e-02 1.0000000000e-02 4.7471594100e-18
3.3523203403e-02 1.0000000000e-02 8.8646962017e-18
3.7171374071e-02 1.0000000000e-02 1.6581675791e-17
4.1216557790e-02 1.0000000000e-02 3.0398223995e-17
4.5701959599e-02 1.0000000000e-02 5.4980319524e-17
5.0675486338e-02 1.0000000000e-02 9.8297178311e-17
5.6190258320e-02 1.0000000000e-02 1.7526952333e-16
6.2305176688e-02 1.0000000000e-02 3.0454172003e-16
6.9085552518e-02 1.0000000000e-02 5.1152580110e-16
7.6603804377e-02 1.0000000000e-02 8.2215276596e-16
8.4940231802e-02 1.0000000000e-02 1.2486926600e-15
9.4183872945e-02 1.0000000000e-02 1.7633683255e-15
1.0443345556e-01 1.0000000000e-02 2.2630265703e-15
1.1579845146e-01 1.0000000000e-02 2.5548772037e-15
1.2840024578e-01 1.0000000000e-02 2.4280875691e-15
1.4237343339e-01 1.0000000000e-02 1.8345693189e-15
1.5786725650e-01 1.0000000000e-02 1.0269084534e-15
1.7504719864e-01 1.0000000000e-02 3.8960854216e-16
1.9409675211e-01 1.0000000000e-02 8.7537218918e-17
2.1521937781e-01 1.0000000000e-02 9.3259026403e-18
2.3864067833e-01 1.0000000000e-02 3.2272605478e-19
2.6461080752e-01 1.0000000000e-02 2.0212495449e-21
2.9340714225e-01 1.0000000000e-02 9.1965902201e-25
3.2533724503e-01 1.0000000000e-02 7.8476405206e-30
3.6074214893e-01 1.0000000000e-02 1.6842032985e-37
4.0000000000e-01 1.0000000000e-02 3.8175597821e-49
