2.0000000000e-02 1.0000000000e-07 4.2567244171e-23
2.2176504808e-02 1.0000000000e-07 6.4574792669e-23
2.4589868274e-02 1.0000000000e-07 9.8489321235e-23
2.7265866600e-02 1.0000000000e-07 1.4947104909e-22
3.0233081086e-02 1.0000000000e-07 2.2609654760e-22
3.3523203403e-02 1.0000000000e-07 3.3970675983e-22
3.7171374071e-02 1.0000000000e-07 5.0680162903e-22
4.1216557790e-02 1.0000000000e-07 7.5339222289e-22
4.5701959599e-02 1.0000000000e-07 1.1162827253e-21
5.0675486338e-02 1.0000000000e-07 1.6397159619e-21
5.6190258320e-02 1.0000000000e-07 2.4379422294e-21
6.2305176688e-02 1.0000000000e-07 3.5649066615e-21
6.9085552518e-02 1.0000000000e-07 5.0903387570e-21
7.6603804377e-02 1.0000000000e-07 7.0333057535e-21
8.4940231802e-02 1.0000000000e-07 9.2928243237e-21
9.4183872945e-02 1.0000000000e-07 1.1553898698e-20
1.0443345556e-01 1.0000000000e-07 1.3210353567e-20
1.1579845146e-01 1.0000000000e-07 1.3447013844e-20
1.2840024578e-01 1.0000000000e-07 1.1662630592e-20
1.4237343339e-01 1.0000000000e-07 8.1339714299e-21
1.5786725650e-01 1.0000000000e-07 4.2442675024e-21
1.7504719864e-01 1.0000000000e-07 1.5138135255e-21
1.9409675211e-01 1.0000000000e-07 3.2460095522e-22
2.1521937781e-01 1.0000000000e-07 3.3317362409e-23
2.3864067833e-01 1.0000000000e-07 1.1550471216e-24
2.6461080752e-01 1.0000000000e-07 7.3978936146e-27
2.9340714225e-01 1.0000000000e-07 3.5667221903e-30
3.2533724503e-01 1.0000000000e-07 3.3083966637e-35
3.6074214893e-01 1.0000000000e-07 6.8392313906e-43
4.0000000000e-01 1.0000000000e-07 nan
2.0000000000e-02 1.8329807108e-07 1.4301820536e-22
2.2176504808e-02 1.8329807108e-07 2.1695956924e-22
2.4589868274e-02 1.8329807108e-07 3.3090622249e-22
2.7265866600e-02 1.8329807108e-07 5.0219556401e-22
3.0233081086e-02 1.8329807108e-07 7.5964331511e-22
3.3523203403e-02 1.8329807108e-07 1.1413529836e-21
3.7171374071e-02 1.8329807108e-07 1.7027613807e-21
4.1216557790e-02 1.8329807108e-07 2.5312609672e-21
4.5701959599e-02 1.8329807108e-07 3.7505071132e-21
5.0675486338e-02 1.8329807108e-07 5.5091476729e-21
5.6190258320e-02 1.8329807108e-07 8.1910428832e-21
6.2305176688e-02 1.8329807108e-07 1.1977438590e-20
6.9085552518e-02 1.8329807108e-07 1.7102613239e-20
7.6603804377e-02 1.8329807108e-07 2.3630629284e-20
8.4940231802e-02 1.8329807108e-07 3.1222201094e-20
9.4183872945e-02 1.8329807108e-07 3.8819000122e-20
1.0443345556e-01 1.8329807108e-07 4.4384387481e-20
1.1579845146e-01 1.8329807108e-07 4.5179523008e-20
1.2840024578e-01 1.8329807108e-07 3.9184319531e-20
1.4237343339e-01 1.8329807108e-07 2.7328665950e-20
1.5786725650e-01 1.8329807108e-07 1.4259967567e-20
1.7504719864e-01 1.8329807108e-07 5.0861383649e-21
1.9409675211e-01 1.8329807108e-07 1.0906002251e-21
2.1521937781e-01 1.8329807108e-07 1.1194028347e-22
2.3864067833e-01 1.8329807108e-07 3.8807484408e-24
2.6461080752e-01 1.8329807108e-07 2.4855578246e-26
2.9340714225e-01 1.8329807108e-07 1.1983538437e-29
3.2533724503e-01 1.8329807108e-07 1.1115611609e-34
3.6074214893e-01 1.8329807108e-07 2.2978574690e-42
4.0000000000e-01 1.8329807108e-07 nan
2.0000000000e-02 3.3598182863e-07 4.8051518165e-22
2.2176504808e-02 3.3598182863e-07 7.2894472812e-22
2.4589868274e-02 3.3598182863e-07 1.1117847774e-21
2.7265866600e-02 3.3598182863e-07 1.6872858393e-21
3.0233081086e-02 3.3598182863e-07 2.5522635012e-21
3.3523203403e-02 3.3598182863e-07 3.8347386256e-21
3.7171374071e-02 3.3598182863e-07 5.7209688241e-21
4.1216557790e-02 3.3598182863e-07 8.5045768850e-21
4.5701959599e-02 3.3598182863e-07 1.2601022382e-20
5.0675486338e-02 3.3598182863e-07 1.8509735093e-20
5.6190258320e-02 3.3598182863e-07 2.7520415663e-20
6.2305176688e-02 3.3598182863e-07 4.0242017198e-20
6.9085552518e-02 3.3598182863e-07 5.7461672704e-20
7.6603804377e-02 3.3598182863e-07 7.9394620384e-20
8.4940231802e-02 3.3598182863e-07 1.0490092217e-19
9.4183872945e-02 3.3598182863e-07 1.3042478646e-19
1.0443345556e-01 3.3598182863e-07 1.4912347669e-19
1.1579845146e-01 3.3598182863e-07 1.5179498757e-19
1.2840024578e-01 3.3598182863e-07 1.3165219329e-19
1.4237343339e-01 3.3598182863e-07 9.1819351599e-20
1.5786725650e-01 3.3598182863e-07 4.7910899792e-20
1.7504719864e-01 3.3598182863e-07 1.7088500685e-20
1.9409675211e-01 3.3598182863e-07 3.6642185793e-21
2.1521937781e-01 3.3598182863e-07 3.7609901139e-22
2.3864067833e-01 3.3598182863e-07 1.3038609576e-23
2.6461080752e-01 3.3598182863e-07 8.3510226308e-26
2.9340714225e-01 3.3598182863e-07 4.0262511575e-29
3.2533724503e-01 3.3598182863e-07 3.7346435146e-34
3.6074214893e-01 3.3598182863e-07 7.7203835437e-42
4.0000000000e-01 3.3598182863e-07 nan
2.0000000000e-02 6.1584821107e-07 1.6144436942e-21
2.2176504808e-02 6.1584821107e-07 2.4491218272e-21
2.4589868274e-02 6.1584821107e-07 3.7353948254e-21
2.7265866600e-02 6.1584821107e-07 5.6689738169e-21
3.0233081086e-02 6.1584821107e-07 8.5751415826e-21
3.3523203403e-02 6.1584821107e-07 1.2884024957e-20
3.7171374071e-02 6.1584821107e-07 1.9221415671e-20
4.1216557790e-02 6.1584821107e-07 2.8573832935e-20
4.5701959599e-02 6.1584821107e-07 4.2337145424e-20
5.0675486338e-02 6.1584821107e-07 6.2189346441e-20
5.6190258320e-02 6.1584821107e-07 9.2463595789e-20
6.2305176688e-02 6.1584821107e-07 1.3520586526e-19
6.9085552518e-02 6.1584821107e-07 1.9306077871e-19
7.6603804377e-02 6.1584821107e-07 2.6675149740e-19
8.4940231802e-02 6.1584821107e-07 3.5244803657e-19
9.4183872945e-02 6.1584821107e-07 4.3820358255e-19
1.0443345556e-01 6.1584821107e-07 5.0102778388e-19
1.1579845146e-01 6.1584821107e-07 5.1000357499e-19
1.2840024578e-01 6.1584821107e-07 4.4232744646e-19
1.4237343339e-01 6.1584821107e-07 3.0849633654e-19
1.5786725650e-01 6.1584821107e-07 1.6097191723e-19
1.7504719864e-01 6.1584821107e-07 5.7414257086e-20
1.9409675211e-01 6.1584821107e-07 1.2311108588e-20
2.1521937781e-01 6.1584821107e-07 1.2636243359e-21
2.3864067833e-01 6.1584821107e-07 4.3807358881e-23
2.6461080752e-01 6.1584821107e-07 2.8057918544e-25
2.9340714225e-01 6.1584821107e-07 1.3527472264e-28
3.2533724503e-01 6.1584821107e-07 1.2547723573e-33
3.6074214893e-01 6.1584821107e-07 2.5939085807e-41
4.0000000000e-01 6.1584821107e-07 nan
2.0000000000e-02 1.1288378917e-06 5.4242374458e-21
2.2176504808e-02 1.1288378917e-06 8.2286043005e-21
2.4589868274e-02 1.1288378917e-06 1.2550247841e-20
2.7265866600e-02 1.1288378917e-06 1.9046721895e-20
3.0233081086e-02 1.1288378917e-06 2.8810917497e-20
3.3523203403e-02 1.1288378917e-06 4.3287982652e-20
3.7171374071e-02 1.1288378917e-06 6.4580463858e-20
4.1216557790e-02 1.1288378917e-06 9.6002886405e-20
4.5701959599e-02 1.1288378917e-06 1.4224511538e-19
5.0675486338e-02 1.1288378917e-06 2.0894490338e-19
5.6190258320e-02 1.1288378917e-06 3.1066087995e-19
6.2305176688e-02 1.1288378917e-06 4.5426713851e-19
6.9085552518e-02 1.1288378917e-06 6.4864913468e-19
7.6603804377e-02 1.1288378917e-06 8.9623655885e-19
8.4940231802e-02 1.1288378917e-06 1.1841613582e-18
9.4183872945e-02 1.1288378917e-06 1.4722844098e-18
1.0443345556e-01 1.1288378917e-06 1.6833623102e-18
1.1579845146e-01 1.1288378917e-06 1.7135193373e-18
1.2840024578e-01 1.1288378917e-06 1.4861398431e-18
1.4237343339e-01 1.1288378917e-06 1.0364916327e-18
1.5786725650e-01 1.1288378917e-06 5.4083639110e-19
1.7504719864e-01 1.1288378917e-06 1.9290147085e-19
1.9409675211e-01 1.1288378917e-06 4.1363087758e-20
2.1521937781e-01 1.1288378917e-06 4.2455481508e-21
2.3864067833e-01 1.1288378917e-06 1.4718476544e-22
2.6461080752e-01 1.1288378917e-06 9.4269507799e-25
2.9340714225e-01 1.1288378917e-06 4.5449848680e-28
3.2533724503e-01 1.1288378917e-06 4.2158071112e-33
3.6074214893e-01 1.1288378917e-06 8.7150614823e-41
4.0000000000e-01 1.1288378917e-06 nan
2.0000000000e-02 2.0691380811e-06 1.8224452159e-20
2.2176504808e-02 2.0691380811e-06 2.7646615199e-20
2.4589868274e-02 2.0691380811e-06 4.2166552193e-20
2.7265866600e-02 2.0691380811e-06 6.3993524515e-20
3.0233081086e-02 2.0691380811e-06 9.6799447450e-20
3.3523203403e-02 2.0691380811e-06 1.4543975569e-19
3.7171374071e-02 2.0691380811e-06 2.1697862341e-19
4.1216557790e-02 2.0691380811e-06 3.2255225328e-19
4.5701959599e-02 2.0691380811e-06 4.7791773980e-19
5.0675486338e-02 2.0691380811e-06 7.0201690722e-19
5.6190258320e-02 2.0691380811e-06 1.0437641053e-18
6.2305176688e-02 2.0691380811e-06 1.5262550388e-18
6.9085552518e-02 2.0691380811e-06 2.1793432241e-18
7.6603804377e-02 2.0691380811e-06 3.0111919793e-18
8.4940231802e-02 2.0691380811e-06 3.9785669853e-18
9.4183872945e-02 2.0691380811e-06 4.9466080825e-18
1.0443345556e-01 2.0691380811e-06 5.6557914723e-18
1.1579845146e-01 2.0691380811e-06 5.7571136035e-18
1.2840024578e-01 2.0691380811e-06 4.9931598210e-18
1.4237343339e-01 2.0691380811e-06 3.4824235413e-18
1.5786725650e-01 2.0691380811e-06 1.8171119967e-18
1.7504719864e-01 2.0691380811e-06 6.4811388922e-19
1.9409675211e-01 2.0691380811e-06 1.3897245863e-19
2.1521937781e-01 2.0691380811e-06 1.4264270312e-20
2.3864067833e-01 2.0691380811e-06 4.9451406639e-22
2.6461080752e-01 2.0691380811e-06 3.1672841614e-24
2.9340714225e-01 2.0691380811e-06 1.5270323270e-27
3.2533724503e-01 2.0691380811e-06 1.4164345823e-32
3.6074214893e-01 2.0691380811e-06 2.9281022933e-40
4.0000000000e-01 2.0691380811e-06 nan
2.0000000000e-02 3.7926901907e-06 6.1230847623e-20
2.2176504808e-02 3.7926901907e-06 9.2887603300e-20
2.4589868274e-02 3.7926901907e-06 1.4167195313e-19
2.7265866600e-02 3.7926901907e-06 2.1500661387e-19
3.0233081086e-02 3.7926901907e-06 3.2522855364e-19
3.3523203403e-02 3.7926901907e-06 4.8865115073e-19
3.7171374071e-02 3.7926901907e-06 7.2900874666e-19
4.1216557790e-02 3.7926901907e-06 1.0837169589e-18
4.5701959599e-02 3.7926901907e-06 1.6057167615e-18
5.0675486338e-02 3.7926901907e-06 2.3586492421e-18
5.6190258320e-02 3.7926901907e-06 3.5068577275e-18
6.2305176688e-02 3.7926901907e-06 5.1279395890e-18
6.9085552518e-02 3.7926901907e-06 7.3221972164e-18
7.6603804377e-02 3.7926901907e-06 1.0117057875e-17
8.4940231802e-02 3.7926901907e-06 1.3367262110e-17
9.4183872945e-02 3.7926901907e-06 1.6619704291e-17
1.0443345556e-01 3.7926901907e-06 1.9002431612e-17
1.1579845146e-01 3.7926901907e-06 1.9342855561e-17
1.2840024578e-01 3.7926901907e-06 1.6776109673e-17
1.4237343339e-01 3.7926901907e-06 1.1700310295e-17
1.5786725650e-01 3.7926901907e-06 6.1051661147e-18
1.7504719864e-01 3.7926901907e-06 2.1775448966e-18
1.9409675211e-01 3.7926901907e-06 4.6692220778e-19
2.1521937781e-01 3.7926901907e-06 4.7925356235e-20
2.3864067833e-01 3.7926901907e-06 1.6614774031e-21
2.6461080752e-01 3.7926901907e-06 1.0641499243e-23
2.9340714225e-01 3.7926901907e-06 5.1305511358e-27
3.2533724503e-01 3.7926901907e-06 4.7589628107e-32
3.6074214893e-01 3.7926901907e-06 9.8378916277e-40
4.0000000000e-01 3.7926901907e-06 nan
2.0000000000e-02 6.9519279618e-06 2.0572452153e-19
2.2176504808e-02 6.9519279618e-06 3.1208546814e-19
2.4589868274e-02 6.9519279618e-06 4.7599201877e-19
2.7265866600e-02 6.9519279618e-06 7.2238315295e-19
3.0233081086e-02 6.9519279618e-06 1.0927088418e-18
3.3523203403e-02 6.9519279618e-06 1.6417790718e-18
3.7171374071e-02 6.9519279618e-06 2.4493369179e-18
4.1216557790e-02 6.9519279618e-06 3.6410920555e-18
4.5701959599e-02 6.9519279618e-06 5.3949165380e-18
5.0675486338e-02 6.9519279618e-06 7.9246328547e-18
5.6190258320e-02 6.9519279618e-06 1.1782404720e-17
6.2305176688e-02 6.9519279618e-06 1.7228945202e-17
6.9085552518e-02 6.9519279618e-06 2.4601252103e-17
7.6603804377e-02 6.9519279618e-06 3.3991476053e-17
8.4940231802e-02 6.9519279618e-06 4.4911571676e-17
9.4183872945e-02 6.9519279618e-06 5.5839186389e-17
1.0443345556e-01 6.9519279618e-06 6.3844717214e-17
1.1579845146e-01 6.9519279618e-06 6.4988479823e-17
1.2840024578e-01 6.9519279618e-06 5.6364680051e-17
1.4237343339e-01 6.9519279618e-06 3.9310916483e-17
1.5786725650e-01 6.9519279618e-06 2.0512248753e-17
1.7504719864e-01 6.9519279618e-06 7.3161551627e-18
1.9409675211e-01 6.9519279618e-06 1.5687737719e-18
2.1521937781e-01 6.9519279618e-06 1.6102048825e-19
2.3864067833e-01 6.9519279618e-06 5.5822621608e-21
2.6461080752e-01 6.9519279618e-06 3.5753503748e-23
2.9340714225e-01 6.9519279618e-06 1.7237719522e-26
3.2533724503e-01 6.9519279618e-06 1.5989250271e-31
3.6074214893e-01 6.9519279618e-06 3.3053528172e-39
4.0000000000e-01 6.9519279618e-06 nan
2.0000000000e-02 1.2742749857e-05 6.9119700937e-19
2.2176504808e-02 1.2742749857e-05 1.0485504627e-18
2.4589868274e-02 1.2742749857e-05 1.5992466888e-18
2.7265866600e-02 1.2742749857e-05 2.4270761270e-18
3.0233081086e-02 1.2742749857e-05 3.6713031481e-18
3.3523203403e-02 1.2742749857e-05 5.5160793476e-18
3.7171374071e-02 1.2742749857e-05 8.2293269659e-18
4.1216557790e-02 1.2742749857e-05 1.2233407670e-17
4.5701959599e-02 1.2742749857e-05 1.8125939237e-17
5.0675486338e-02 1.2742749857e-05 2.6625326377e-17
5.6190258320e-02 1.2742749857e-05 3.9586738835e-17
6.2305176688e-02 1.2742749857e-05 5.7886125143e-17
6.9085552518e-02 1.2742749857e-05 8.2655736682e-17
7.6603804377e-02 1.2742749857e-05 1.1420518282e-16
8.4940231802e-02 1.2742749857e-05 1.5089471978e-16
9.4183872945e-02 1.2742749857e-05 1.8760951952e-16
1.0443345556e-01 1.2742749857e-05 2.1450664838e-16
1.1579845146e-01 1.2742749857e-05 2.1834948291e-16
1.2840024578e-01 1.2742749857e-05 1.8937508274e-16
1.4237343339e-01 1.2742749857e-05 1.3207753605e-16
1.5786725650e-01 1.2742749857e-05 6.8917428452e-17
1.7504719864e-01 1.2742749857e-05 2.4580951900e-17
1.9409675211e-01 1.2742749857e-05 5.2707948058e-18
2.1521937781e-01 1.2742749857e-05 5.4099958085e-19
2.3864067833e-01 1.2742749857e-05 1.8755386484e-20
2.6461080752e-01 1.2742749857e-05 1.2012527566e-22
2.9340714225e-01 1.2742749857e-05 5.7915605236e-26
3.2533724503e-01 1.2742749857e-05 5.3720975394e-31
3.6074214893e-01 1.2742749857e-05 1.1105384819e-38
4.0000000000e-01 1.2742749857e-05 nan
2.0000000000e-02 2.3357214691e-05 2.3222963515e-18
2.2176504808e-02 2.3357214691e-05 3.5229390188e-18
2.4589868274e-02 2.3357214691e-05 5.3731782693e-18
2.7265866600e-02 2.3357214691e-05 8.1545347536e-18
3.0233081086e-02 2.3357214691e-05 1.2334911452e-17
3.3523203403e-02 2.3357214691e-05 1.8533024261e-17
3.7171374071e-02 2.3357214691e-05 2.7649043224e-17
4.1216557790e-02 2.3357214691e-05 4.1102026794e-17
4.5701959599e-02 2.3357214691e-05 6.0899862105e-17
5.0675486338e-02 2.3357214691e-05 8.9456258441e-17
5.6190258320e-02 2.3357214691e-05 1.3300424903e-16
6.2305176688e-02 2.3357214691e-05 1.9448686178e-16
6.9085552518e-02 2.3357214691e-05 2.7770825557e-16
7.6603804377e-02 2.3357214691e-05 3.8370866163e-16
8.4940231802e-02 2.3357214691e-05 5.0697883883e-16
9.4183872945e-02 2.3357214691e-05 6.3033389436e-16
1.0443345556e-01 2.3357214691e-05 7.2070335975e-16
1.1579845146e-01 2.3357214691e-05 7.3361458547e-16
1.2840024578e-01 2.3357214691e-05 6.3626586593e-16
1.4237343339e-01 2.3357214691e-05 4.4375652081e-16
1.5786725650e-01 2.3357214691e-05 2.3155003635e-16
1.7504719864e-01 2.3357214691e-05 8.2587531681e-17
1.9409675211e-01 2.3357214691e-05 1.7708912769e-17
2.1521937781e-01 2.3357214691e-05 1.8176602841e-18
2.3864067833e-01 2.3357214691e-05 6.3014690444e-20
2.6461080752e-01 2.3357214691e-05 4.0359909743e-22
2.9340714225e-01 2.3357214691e-05 1.9458590921e-25
3.2533724503e-01 2.3357214691e-05 1.8049271492e-30
3.6074214893e-01 2.3357214691e-05 3.7312074774e-38
4.0000000000e-01 2.3357214691e-05 nan
2.0000000000e-02 4.2813323987e-05 7.8024937479e-18
2.2176504808e-02 4.2813323987e-05 1.1836434937e-17
2.4589868274e-02 4.2813323987e-05 1.8052902605e-17
2.7265866600e-02 4.2813323987e-05 2.7397754981e-17
3.0233081086e-02 4.2813323987e-05 4.1443061055e-17
3.3523203403e-02 4.2813323987e-05 6.2267593811e-17
3.7171374071e-02 4.2813323987e-05 9.2895761023e-17
4.1216557790e-02 4.2813323987e-05 1.3809534123e-16
4.5701959599e-02 4.2813323987e-05 2.0461247033e-16
5.0675486338e-02 4.2813323987e-05 3.0055677293e-16
5.6190258320e-02 4.2813323987e-05 4.4687010806e-16
6.2305176688e-02 4.2813323987e-05 6.5344051465e-16
6.9085552518e-02 4.2813323987e-05 9.3304927533e-16
7.6603804377e-02 4.2813323987e-05 1.2891913780e-15
8.4940231802e-02 4.2813323987e-05 1.7033567735e-15
9.4183872945e-02 4.2813323987e-05 2.1178073448e-15
1.0443345556e-01 4.2813323987e-05 2.4214323271e-15
1.1579845146e-01 4.2813323987e-05 2.4648116993e-15
1.2840024578e-01 4.2813323987e-05 2.1377376912e-15
1.4237343339e-01 4.2813323987e-05 1.4909412732e-15
1.5786725650e-01 4.2813323987e-05 7.7796604617e-16
1.7504719864e-01 4.2813323987e-05 2.7747909908e-16
1.9409675211e-01 4.2813323987e-05 5.9498728920e-17
2.1521937781e-01 4.2813323987e-05 6.1070082552e-18
2.3864067833e-01 4.2813323987e-05 2.1171790891e-19
2.6461080752e-01 4.2813323987e-05 1.3560196237e-21
2.9340714225e-01 4.2813323987e-05 6.5377329231e-25
3.2533724503e-01 4.2813323987e-05 6.0642271779e-30
3.6074214893e-01 4.2813323987e-05 1.2536178869e-37
4.0000000000e-01 4.2813323987e-05 nan
2.0000000000e-02 7.8475997035e-05 2.6214961173e-17
2.2176504808e-02 7.8475997035e-05 3.9768270545e-17
2.4589868274e-02 7.8475997035e-05 6.0654472292e-17
2.7265866600e-02 7.8475997035e-05 9.2051478191e-17
3.0233081086e-02 7.8475997035e-05 1.3924115437e-16
3.3523203403e-02 7.8475997035e-05 2.0920780033e-16
3.7171374071e-02 7.8475997035e-05 3.1211287661e-16
4.1216557790e-02 7.8475997035e-05 4.6397525271e-16
4.5701959599e-02 7.8475997035e-05 6.8746071945e-16
5.0675486338e-02 7.8475997035e-05 1.0098161418e-15
5.6190258320e-02 7.8475997035e-05 1.5014023607e-15
6.2305176688e-02 7.8475997035e-05 2.1954413902e-15
6.9085552518e-02 7.8475997035e-05 3.1348760174e-15
7.6603804377e-02 7.8475997035e-05 4.3314487664e-15
8.4940231802e-02 7.8475997035e-05 5.7229692357e-15
9.4183872945e-02 7.8475997035e-05 7.1154478439e-15
1.0443345556e-01 7.8475997035e-05 8.1355726115e-15
1.1579845146e-01 7.8475997035e-05 8.2813194192e-15
1.2840024578e-01 7.8475997035e-05 7.1824101853e-15
1.4237343339e-01 7.8475997035e-05 5.0092917519e-15
1.5786725650e-01 7.8475997035e-05 2.6138245466e-15
1.7504719864e-01 7.8475997035e-05 9.3227935023e-16
1.9409675211e-01 7.8475997035e-05 1.9990491709e-16
2.1521937781e-01 7.8475997035e-05 2.0518437947e-17
2.3864067833e-01 7.8475997035e-05 7.1133369789e-19
2.6461080752e-01 7.8475997035e-05 4.5559794816e-21
2.9340714225e-01 7.8475997035e-05 2.1965594209e-24
3.2533724503e-01 7.8475997035e-05 2.0374700648e-29
3.6074214893e-01 7.8475997035e-05 4.2119280251e-37
4.0000000000e-01 7.8475997035e-05 nan
2.0000000000e-02 1.4384498883e-04 8.8077505925e-17
2.2176504808e-02 1.4384498883e-04 1.3361416259e-16
2.4589868274e-02 1.4384498883e-04 2.0378800516e-16
2.7265866600e-02 1.4384498883e-04 3.0927623971e-16
3.0233081086e-02 1.4384498883e-04 4.6782497668e-16
3.3523203403e-02 1.4384498883e-04 7.0290019321e-16
3.7171374071e-02 1.4384498883e-04 1.0486425502e-15
4.1216557790e-02 1.4384498883e-04 1.5588725385e-15
4.5701959599e-02 1.4384498883e-04 2.3097430964e-15
5.0675486338e-02 1.4384498883e-04 3.3927987392e-15
5.6190258320e-02 1.4384498883e-04 5.0444391070e-15
6.2305176688e-02 1.4384498883e-04 7.3762841300e-15
6.9085552518e-02 1.4384498883e-04 1.0532613769e-14
7.6603804377e-02 1.4384498883e-04 1.4552880773e-14
8.4940231802e-02 1.4384498883e-04 1.9228136692e-14
9.4183872945e-02 1.4384498883e-04 2.3906611783e-14
1.0443345556e-01 1.4384498883e-04 2.7334045629e-14
1.1579845146e-01 1.4384498883e-04 2.7823728415e-14
1.2840024578e-01 1.4384498883e-04 2.4131593069e-14
1.4237343339e-01 1.4384498883e-04 1.6830310013e-14
1.5786725650e-01 1.4384498883e-04 8.7819754926e-15
1.7504719864e-01 1.4384498883e-04 3.1322891984e-15
1.9409675211e-01 1.4384498883e-04 6.7164419202e-16
2.1521937781e-01 1.4384498883e-04 6.8938222302e-17
2.3864067833e-01 1.4384498883e-04 2.3899519209e-18
2.6461080752e-01 1.4384498883e-04 1.5307262646e-20
2.9340714225e-01 1.4384498883e-04 7.3800400391e-24
3.2533724503e-01 1.4384498883e-04 6.8455283723e-29
3.6074214893e-01 1.4384498883e-04 1.4151309692e-36
4.0000000000e-01 1.4384498883e-04 nan
2.0000000000e-02 2.6366508987e-04 2.9592441503e-16
2.2176504808e-02 2.6366508987e-04 4.4891930681e-16
2.4589868274e-02 2.6366508987e-04 6.8469066629e-16
2.7265866600e-02 2.6366508987e-04 1.0391119658e-15
3.0233081086e-02 2.6366508987e-04 1.5718069116e-15
3.3523203403e-02 2.6366508987e-04 2.3616169228e-15
3.7171374071e-02 2.6366508987e-04 3.5232484166e-15
4.1216557790e-02 2.6366508987e-04 5.2375284618e-15
4.5701959599e-02 2.6366508987e-04 7.7603170936e-15
5.0675486338e-02 2.6366508987e-04 1.1399187249e-14
5.6190258320e-02 2.6366508987e-04 1.6948398761e-14
6.2305176688e-02 2.6366508987e-04 2.4782974313e-14
6.9085552518e-02 2.6366508987e-04 3.5387668358e-14
7.6603804377e-02 2.6366508987e-04 4.8895034957e-14
8.4940231802e-02 2.6366508987e-04 6.4603045291e-14
9.4183872945e-02 2.6366508987e-04 8.0321871449e-14
1.0443345556e-01 2.6366508987e-04 9.1837426341e-14
1.1579845146e-01 2.6366508987e-04 9.3482671469e-14
1.2840024578e-01 2.6366508987e-04 8.1077767548e-14
1.4237343339e-01 2.6366508987e-04 5.6546783162e-14
1.5786725650e-01 2.6366508987e-04 2.9505841667e-14
1.7504719864e-01 2.6366508987e-04 1.0523922409e-14
1.9409675211e-01 2.6366508987e-04 2.2566023938e-15
2.1521937781e-01 2.6366508987e-04 2.3161989182e-16
2.3864067833e-01 2.6366508987e-04 8.0298036596e-18
2.6461080752e-01 2.6366508987e-04 5.1429614993e-20
2.9340714225e-01 2.6366508987e-04 2.4795588168e-23
3.2533724503e-01 2.6366508987e-04 2.2999722272e-28
3.6074214893e-01 2.6366508987e-04 4.7545794003e-36
4.0000000000e-01 2.6366508987e-04 nan
2.0000000000e-02 4.8329302386e-04 9.9425226112e-16
2.2176504808e-02 4.8329302386e-04 1.5082872964e-15
2.4589868274e-02 4.8329302386e-04 2.3004362216e-15
2.7265866600e-02 4.8329302386e-04 3.4912273851e-15
3.0233081086e-02 4.8329302386e-04 5.2809856057e-15
3.3523203403e-02 4.8329302386e-04 7.9346037257e-15
3.7171374071e-02 4.8329302386e-04 1.1837474463e-14
4.1216557790e-02 4.8329302386e-04 1.7597143911e-14
4.5701959599e-02 4.8329302386e-04 2.6073255296e-14
5.0675486338e-02 4.8329302386e-04 3.8299197799e-14
5.6190258320e-02 4.8329302386e-04 5.6943540135e-14
6.2305176688e-02 4.8329302386e-04 8.3266290378e-14
6.9085552518e-02 4.8329302386e-04 1.1889613540e-13
7.6603804377e-02 4.8329302386e-04 1.6427843276e-13
8.4940231802e-02 4.8329302386e-04 2.1705449317e-13
9.4183872945e-02 4.8329302386e-04 2.6986689269e-13
1.0443345556e-01 4.8329302386e-04 3.0855706436e-13
1.1579845146e-01 4.8329302386e-04 3.1408478848e-13
1.2840024578e-01 4.8329302386e-04 2.7240656463e-13
1.4237343339e-01 4.8329302386e-04 1.8998691403e-13
1.5786725650e-01 4.8329302386e-04 9.9134264317e-14
1.7504719864e-01 4.8329302386e-04 3.5358465626e-14
1.9409675211e-01 4.8329302386e-04 7.5817734859e-15
2.1521937781e-01 4.8329302386e-04 7.7820065659e-16
2.3864067833e-01 4.8329302386e-04 2.6978675442e-17
2.6461080752e-01 4.8329302386e-04 1.7279409364e-19
2.9340714225e-01 4.8329302386e-04 8.3308610618e-23
3.2533724503e-01 4.8329302386e-04 7.7274784378e-28
3.6074214893e-01 4.8329302386e-04 1.5974483218e-35
4.0000000000e-01 4.8329302386e-04 nan
2.0000000000e-02 8.8586679041e-04 3.3405069298e-15
2.2176504808e-02 8.8586679041e-04 5.0675712424e-15
2.4589868274e-02 8.8586679041e-04 7.7290476894e-15
2.7265866600e-02 8.8586679041e-04 1.1729889620e-14
3.0233081086e-02 8.8586679041e-04 1.7743152027e-14
3.3523203403e-02 8.8586679041e-04 2.6658826727e-14
3.7171374071e-02 8.8586679041e-04 3.9771763226e-14
4.1216557790e-02 8.8586679041e-04 5.9123206010e-14
4.5701959599e-02 8.8586679041e-04 8.7601400128e-14
5.0675486338e-02 8.8586679041e-04 1.2867834548e-13
5.6190258320e-02 8.8586679041e-04 1.9131994806e-13
6.2305176688e-02 8.8586679041e-04 2.7975960609e-13
6.9085552518e-02 8.8586679041e-04 3.9946941152e-13
7.6603804377e-02 8.8586679041e-04 5.5194568475e-13
8.4940231802e-02 8.8586679041e-04 7.2926365806e-13
9.4183872945e-02 8.8586679041e-04 9.0670372328e-13
1.0443345556e-01 8.8586679041e-04 1.0366956669e-12
1.1579845146e-01 8.8586679041e-04 1.0552678093e-12
1.2840024578e-01 8.8586679041e-04 9.1523654151e-13
1.4237343339e-01 8.8586679041e-04 6.3832148452e-13
1.5786725650e-01 8.8586679041e-04 3.3307309072e-13
1.7504719864e-01 8.8586679041e-04 1.1879800440e-13
1.9409675211e-01 8.8586679041e-04 2.5473375538e-14
2.1521937781e-01 8.8586679041e-04 2.6146117646e-15
2.3864067833e-01 8.8586679041e-04 9.0643382422e-17
2.6461080752e-01 8.8586679041e-04 5.8055599620e-19
2.9340714225e-01 8.8586679041e-04 2.7990111686e-22
3.2533724503e-01 8.8586679041e-04 2.5962806989e-27
3.6074214893e-01 8.8586679041e-04 5.3670913879e-35
4.0000000000e-01 8.8586679041e-04 nan
2.0000000000e-02 1.6237767392e-03 1.1223496287e-14
2.2176504808e-02 1.6237767392e-03 1.7026118562e-14
2.4589868274e-02 1.6237767392e-03 2.5968195827e-14
2.7265866600e-02 1.6237767392e-03 3.9410297763e-14
3.0233081086e-02 1.6237767392e-03 5.9613766855e-14
3.3523203403e-02 1.6237767392e-03 8.9568813924e-14
3.7171374071e-02 1.6237767392e-03 1.3362589808e-13
4.1216557790e-02 1.6237767392e-03 1.9864322996e-13
4.5701959599e-02 1.6237767392e-03 2.9432478832e-13
5.0675486338e-02 1.6237767392e-03 4.3233586232e-13
5.6190258320e-02 1.6237767392e-03 6.4280026715e-13
6.2305176688e-02 1.6237767392e-03 9.3994145208e-13
6.9085552518e-02 1.6237767392e-03 1.3421446520e-12
7.6603804377e-02 1.6237767392e-03 1.8544372307e-12
8.4940231802e-02 1.6237767392e-03 2.4501934054e-12
9.4183872945e-02 1.6237767392e-03 3.0463597763e-12
1.0443345556e-01 1.6237767392e-03 3.4831090556e-12
1.1579845146e-01 1.6237767392e-03 3.5455080096e-12
1.2840024578e-01 1.6237767392e-03 3.0750282918e-12
1.4237343339e-01 1.6237767392e-03 2.1446439323e-12
1.5786725650e-01 1.6237767392e-03 1.1190647975e-12
1.7504719864e-01 1.6237767392e-03 3.9913953838e-13
1.9409675211e-01 1.6237767392e-03 8.5585849033e-14
2.1521937781e-01 1.6237767392e-03 8.7846087710e-15
2.3864067833e-01 1.6237767392e-03 3.0454456379e-16
2.6461080752e-01 1.6237767392e-03 1.9505540802e-18
2.9340714225e-01 1.6237767392e-03 9.4040925432e-22
3.2533724503e-01 1.6237767392e-03 8.7229000030e-27
3.6074214893e-01 1.6237767392e-03 1.8031947262e-34
4.0000000000e-01 1.6237767392e-03 nan
2.0000000000e-02 2.9763514416e-03 3.7708908273e-14
2.2176504808e-02 2.9763514416e-03 5.7204664884e-14
2.4589868274e-02 2.9763514416e-03 8.7248419935e-14
2.7265866600e-02 2.9763514416e-03 1.3241144044e-13
3.0233081086e-02 2.9763514416e-03 2.0029142646e-13
3.3523203403e-02 2.9763514416e-03 3.0093494336e-13
3.7171374071e-02 2.9763514416e-03 4.4895874388e-13
4.1216557790e-02 2.9763514416e-03 6.6740517078e-13
4.5701959599e-02 2.9763514416e-03 9.8887783153e-13
5.0675486338e-02 2.9763514416e-03 1.4525699826e-12
5.6190258320e-02 2.9763514416e-03 2.1596921724e-12
6.2305176688e-02 2.9763514416e-03 3.1580326119e-12
6.9085552518e-02 2.9763514416e-03 4.5093623520e-12
7.6603804377e-02 2.9763514416e-03 6.2305724130e-12
8.4940231802e-02 2.9763514416e-03 8.2322049650e-12
9.4183872945e-02 2.9763514416e-03 1.0235215583e-11
1.0443345556e-01 2.9763514416e-03 1.1702613460e-11
1.1579845146e-01 2.9763514416e-03 1.1912261820e-11
1.2840024578e-01 2.9763514416e-03 1.0331534291e-11
1.4237343339e-01 2.9763514416e-03 7.2056109216e-12
1.5786725650e-01 2.9763514416e-03 3.7598513971e-12
1.7504719864e-01 2.9763514416e-03 1.3410344102e-12
1.9409675211e-01 2.9763514416e-03 2.8755217914e-13
2.1521937781e-01 2.9763514416e-03 2.9514557708e-14
2.3864067833e-01 2.9763514416e-03 1.0232061540e-15
2.6461080752e-01 2.9763514416e-03 6.5534105035e-18
2.9340714225e-01 2.9763514416e-03 3.1595180074e-21
3.2533724503e-01 2.9763514416e-03 2.9305876086e-26
3.6074214893e-01 2.9763514416e-03 6.0578371204e-34
4.0000000000e-01 2.9763514416e-03 nan
2.0000000000e-02 5.4555947812e-03 1.2669508197e-13
2.2176504808e-02 5.4555947812e-03 1.9219728359e-13
2.4589868274e-02 5.4555947812e-03 2.9313884501e-13
2.7265866600e-02 5.4555947812e-03 4.4487839414e-13
3.0233081086e-02 5.4555947812e-03 6.7294282506e-13
3.3523203403e-02 5.4555947812e-03 1.0110867761e-12
3.7171374071e-02 5.4555947812e-03 1.5084198879e-12
4.1216557790e-02 5.4555947812e-03 2.2423602587e-12
4.5701959599e-02 5.4555947812e-03 3.3224501104e-12
5.0675486338e-02 5.4555947812e-03 4.8803717153e-12
5.6190258320e-02 5.4555947812e-03 7.2561741611e-12
6.2305176688e-02 5.4555947812e-03 1.0610417221e-11
6.9085552518e-02 5.4555947812e-03 1.5150640431e-11
7.6603804377e-02 5.4555947812e-03 2.0933594451e-11
8.4940231802e-02 5.4555947812e-03 2.7658716802e-11
9.4183872945e-02 5.4555947812e-03 3.4388467867e-11
1.0443345556e-01 5.4555947812e-03 3.9318654266e-11
1.1579845146e-01 5.4555947812e-03 4.0023025782e-11
1.2840024578e-01 5.4555947812e-03 3.4712055325e-11
1.4237343339e-01 5.4555947812e-03 2.4209509704e-11
1.5786725650e-01 5.4555947812e-03 1.2632383917e-11
1.7504719864e-01 5.4555947812e-03 4.5056103773e-12
1.9409675211e-01 5.4555947812e-03 9.6611492533e-13
2.1521937781e-01 5.4555947812e-03 9.9162066529e-14
2.3864067833e-01 5.4555947812e-03 3.4376937271e-15
2.6461080752e-01 5.4555947812e-03 2.2017176179e-17
2.9340714225e-01 5.4555947812e-03 1.0614433356e-20
3.2533724503e-01 5.4555947812e-03 9.8445681206e-26
3.6074214893e-01 5.4555947812e-03 2.0346804579e-33
4.0000000000e-01 5.4555947812e-03 nan
2.0000000000e-02 1.0000000000e-02 4.2567248025e-13
2.2176504808e-02 1.0000000000e-02 6.4574799818e-13
2.4589868274e-02 1.0000000000e-02 9.8489334522e-13
2.7265866600e-02 1.0000000000e-02 1.4947107358e-12
3.0233081086e-02 1.0000000000e-02 2.2609659236e-12
3.3523203403e-02 1.0000000000e-02 3.3970684079e-12
3.7171374071e-02 1.0000000000e-02 5.0680177436e-12
4.1216557790e-02 1.0000000000e-02 7.5339248246e-12
4.5701959599e-02 1.0000000000e-02 1.1162831900e-11
5.0675486338e-02 1.0000000000e-02 1.6397168067e-11
5.6190258320e-02 1.0000000000e-02 2.4379436879e-11
6.2305176688e-02 1.0000000000e-02 3.5649090766e-11
6.9085552518e-02 1.0000000000e-02 5.0903425196e-11
7.6603804377e-02 1.0000000000e-02 7.0333110953e-11
8.4940231802e-02 1.0000000000e-02 9.2928307909e-11
9.4183872945e-02 1.0000000000e-02 1.1553904141e-10
1.0443345556e-01 1.0000000000e-02 1.3210352870e-10
1.1579845146e-01 1.0000000000e-02 1.3446998879e-10
1.2840024578e-01 1.0000000000e-02 1.1662594411e-10
1.4237343339e-01 1.0000000000e-02 8.1339173723e-11
1.5786725650e-01 1.0000000000e-02 4.2442135642e-11
1.7504719864e-01 1.0000000000e-02 1.5137788800e-11
1.9409675211e-01 1.0000000000e-02 3.2458786574e-12
2.1521937781e-01 1.0000000000e-02 3.3314977111e-13
2.3864067833e-01 1.0000000000e-02 1.1548976268e-14
2.6461080752e-01 1.0000000000e-02 7.3961382538e-17
2.9340714225e-01 1.0000000000e-02 3.5651585647e-20
3.2533724503e-01 1.0000000000e-02 3.3057073448e-25
3.6074214893e-01 1.0000000000e-02 6.8289061633e-33
4.0000000000e-01 1.0000000000e-02 nan
