2.0000000000e-02 1.0000000000e-07 6.4365613102e-27
2.2176504808e-02 1.0000000000e-07 1.0120719174e-26
2.4589868274e-02 1.0000000000e-07 1.5614140576e-26
2.7265866600e-02 1.0000000000e-07 2.4118879233e-26
3.0233081086e-02 1.0000000000e-07 3.6871114614e-26
3.3523203403e-02 1.0000000000e-07 5.6462137654e-26
3.7171374071e-02 1.0000000000e-07 8.5231120136e-26
4.1216557790e-02 1.0000000000e-07 1.2764713185e-25
4.5701959599e-02 1.0000000000e-07 1.8850365225e-25
5.0675486338e-02 1.0000000000e-07 2.7323538356e-25
5.6190258320e-02 1.0000000000e-07 3.8225570603e-25
6.2305176688e-02 1.0000000000e-07 5.1198573920e-25
6.9085552518e-02 1.0000000000e-07 6.4780712300e-25
7.6603804377e-02 1.0000000000e-07 7.5999413232e-25
8.4940231802e-02 1.0000000000e-07 8.0454015904e-25
9.4183872945e-02 1.0000000000e-07 7.3957762828e-25
1.0443345556e-01 1.0000000000e-07 5.6059709324e-25
1.1579845146e-01 1.0000000000e-07 3.2803964369e-25
1.2840024578e-01 1.0000000000e-07 1.3664796957e-25
1.4237343339e-01 1.0000000000e-07 3.6360132409e-26
1.5786725650e-01 1.0000000000e-07 5.2070919130e-27
1.7504719864e-01 1.0000000000e-07 3.0006634122e-28
1.9409675211e-01 1.0000000000e-07 4.3415934954e-30
2.1521937781e-01 1.0000000000e-07 7.3654349368e-33
2.3864067833e-01 1.0000000000e-07 5.1977400965e-37
2.6461080752e-01 1.0000000000e-07 2.8112635908e-43
2.9340714225e-01 1.0000000000e-07 9.6361897755e-53
3.2533724503e-01 1.0000000000e-07 4.8767259872e-67
3.6074214893e-01 1.0000000000e-07 7.7924560464e-89
4.0000000000e-01 1.0000000000e-07 nan
2.0000000000e-02 1.8329807108e-07 2.1625676391e-26
2.2176504808e-02 1.8329807108e-07 3.4003777352e-26
2.4589868274e-02 1.8329807108e-07 5.2460675032e-26
2.7265866600e-02 1.8329807108e-07 8.1035051493e-26
3.0233081086e-02 1.8329807108e-07 1.2388024512e-25
3.3523203403e-02 1.8329807108e-07 1.8970252257e-25
3.7171374071e-02 1.8329807108e-07 2.8636107600e-25
4.1216557790e-02 1.8329807108e-07 4.2887116779e-25
4.5701959599e-02 1.8329807108e-07 6.3333801785e-25
5.0675486338e-02 1.8329807108e-07 9.1802123813e-25
5.6190258320e-02 1.8329807108e-07 1.2843097112e-24
6.2305176688e-02 1.8329807108e-07 1.7201790489e-24
6.9085552518e-02 1.8329807108e-07 2.1765142178e-24
7.6603804377e-02 1.8329807108e-07 2.5534421832e-24
8.4940231802e-02 1.8329807108e-07 2.7031087384e-24
9.4183872945e-02 1.8329807108e-07 2.4848464396e-24
1.0443345556e-01 1.8329807108e-07 1.8835043651e-24
1.1579845146e-01 1.8329807108e-07 1.1021535935e-24
1.2840024578e-01 1.8329807108e-07 4.5911234694e-25
1.4237343339e-01 1.8329807108e-07 1.2216343776e-25
1.5786725650e-01 1.8329807108e-07 1.7494882628e-26
1.7504719864e-01 1.8329807108e-07 1.0081683803e-27
1.9409675211e-01 1.8329807108e-07 1.4586965218e-29
2.1521937781e-01 1.8329807108e-07 2.4746522987e-32
2.3864067833e-01 1.8329807108e-07 1.7463462224e-36
2.6461080752e-01 1.8329807108e-07 9.4453348199e-43
2.9340714225e-01 1.8329807108e-07 3.2375846618e-52
3.2533724503e-01 1.8329807108e-07 1.6384913149e-66
3.6074214893e-01 1.8329807108e-07 2.6181236320e-88
4.0000000000e-01 1.8329807108e-07 nan
2.0000000000e-02 3.3598182863e-07 7.2658342992e-26
2.2176504808e-02 3.3598182863e-07 1.1424651295e-25
2.4589868274e-02 3.3598182863e-07 1.7625833528e-25
2.7265866600e-02 3.3598182863e-07 2.7226304783e-25
3.0233081086e-02 3.3598182863e-07 4.1621511285e-25
3.3523203403e-02 3.3598182863e-07 6.3736600430e-25
3.7171374071e-02 3.3598182863e-07 9.6212117961e-25
4.1216557790e-02 3.3598182863e-07 1.4409291920e-24
4.5701959599e-02 3.3598182863e-07 2.1279006538e-24
5.0675486338e-02 3.3598182863e-07 3.0843845431e-24
5.6190258320e-02 3.3598182863e-07 4.3150472528e-24
6.2305176688e-02 3.3598182863e-07 5.7794890241e-24
6.9085552518e-02 3.3598182863e-07 7.3126922695e-24
7.6603804377e-02 3.3598182863e-07 8.5791017402e-24
8.4940231802e-02 3.3598182863e-07 9.0819541690e-24
9.4183872945e-02 3.3598182863e-07 8.3486325065e-24
1.0443345556e-01 3.3598182863e-07 6.3282324082e-24
1.1579845146e-01 3.3598182863e-07 3.7030357977e-24
1.2840024578e-01 3.3598182863e-07 1.5425340587e-24
1.4237343339e-01 3.3598182863e-07 4.1044695210e-25
1.5786725650e-01 3.3598182863e-07 5.8779626569e-26
1.7504719864e-01 3.3598182863e-07 3.3872625599e-27
1.9409675211e-01 3.3598182863e-07 4.9009552480e-29
2.1521937781e-01 3.3598182863e-07 8.3143820454e-32
2.3864067833e-01 3.3598182863e-07 5.8674059720e-36
2.6461080752e-01 3.3598182863e-07 3.1734608648e-42
2.9340714225e-01 3.3598182863e-07 1.0877696150e-51
3.2533724503e-01 3.3598182863e-07 5.5050330817e-66
3.6074214893e-01 3.3598182863e-07 8.7964196545e-88
4.0000000000e-01 3.3598182863e-07 nan
2.0000000000e-02 6.1584821107e-07 2.4411882943e-25
2.2176504808e-02 6.1584821107e-07 3.8384752335e-25
2.4589868274e-02 6.1584821107e-07 5.9219597799e-25
2.7265866600e-02 6.1584821107e-07 9.1475436680e-25
3.0233081086e-02 6.1584821107e-07 1.3984071472e-24
3.3523203403e-02 6.1584821107e-07 2.1414339563e-24
3.7171374071e-02 6.1584821107e-07 3.2325523329e-24
4.1216557790e-02 6.1584821107e-07 4.8412602485e-24
4.5701959599e-02 6.1584821107e-07 7.1493595279e-24
5.0675486338e-02 6.1584821107e-07 1.0362971590e-23
5.6190258320e-02 6.1584821107e-07 1.4497774666e-23
6.2305176688e-02 6.1584821107e-07 1.9418032909e-23
6.9085552518e-02 6.1584821107e-07 2.4569317209e-23
7.6603804377e-02 6.1584821107e-07 2.8824222907e-23
8.4940231802e-02 6.1584821107e-07 3.0513715692e-23
9.4183872945e-02 6.1584821107e-07 2.8049888161e-23
1.0443345556e-01 6.1584821107e-07 2.1261710965e-23
1.1579845146e-01 6.1584821107e-07 1.2441527388e-23
1.2840024578e-01 6.1584821107e-07 5.1826341376e-24
1.4237343339e-01 6.1584821107e-07 1.3790271752e-24
1.5786725650e-01 6.1584821107e-07 1.9748886421e-25
1.7504719864e-01 6.1584821107e-07 1.1380586689e-26
1.9409675211e-01 6.1584821107e-07 1.6466319062e-28
2.1521937781e-01 6.1584821107e-07 2.7934812835e-31
2.3864067833e-01 6.1584821107e-07 1.9713417878e-35
2.6461080752e-01 6.1584821107e-07 1.0662251844e-41
2.9340714225e-01 6.1584821107e-07 3.6547082438e-51
3.2533724503e-01 6.1584821107e-07 1.8495910815e-65
3.6074214893e-01 6.1584821107e-07 2.9554371609e-87
4.0000000000e-01 6.1584821107e-07 nan
2.0000000000e-02 1.1288378917e-06 8.2019490716e-25
2.2176504808e-02 1.1288378917e-06 1.2896579281e-24
2.4589868274e-02 1.1288378917e-06 1.9896708759e-24
2.7265866600e-02 1.1288378917e-06 3.0734084490e-24
3.0233081086e-02 1.1288378917e-06 4.6983939048e-24
3.3523203403e-02 1.1288378917e-06 7.1948289652e-24
3.7171374071e-02 1.1288378917e-06 1.0860788439e-23
4.1216557790e-02 1.1288378917e-06 1.6265754712e-23
4.5701959599e-02 1.1288378917e-06 2.4020548877e-23
5.0675486338e-02 1.1288378917e-06 3.4817701447e-23
5.6190258320e-02 1.1288378917e-06 4.8709888434e-23
6.2305176688e-02 1.1288378917e-06 6.5241062050e-23
6.9085552518e-02 1.1288378917e-06 8.2548441240e-23
7.6603804377e-02 1.1288378917e-06 9.6844151210e-23
8.4940231802e-02 1.1288378917e-06 1.0252053997e-22
9.4183872945e-02 1.1288378917e-06 9.4242527171e-23
1.0443345556e-01 1.1288378917e-06 7.1435485297e-23
1.1579845146e-01 1.1288378917e-06 4.1801271227e-23
1.2840024578e-01 1.1288378917e-06 1.7412708947e-23
1.4237343339e-01 1.1288378917e-06 4.6332807206e-24
1.5786725650e-01 1.1288378917e-06 6.6352669730e-25
1.7504719864e-01 1.1288378917e-06 3.8236703267e-26
1.9409675211e-01 1.1288378917e-06 5.5323839894e-28
2.1521937781e-01 1.1288378917e-06 9.3855894988e-31
2.3864067833e-01 1.1288378917e-06 6.6233501872e-35
2.6461080752e-01 1.1288378917e-06 3.5823228720e-41
2.9340714225e-01 1.1288378917e-06 1.2279155589e-50
3.2533724503e-01 1.1288378917e-06 6.2142899376e-65
3.6074214893e-01 1.1288378917e-06 9.9297318171e-87
4.0000000000e-01 1.1288378917e-06 nan
2.0000000000e-02 2.0691380811e-06 2.7557058474e-24
2.2176504808e-02 2.0691380811e-06 4.3330162899e-24
2.4589868274e-02 2.0691380811e-06 6.6849325926e-24
2.7265866600e-02 2.0691380811e-06 1.0326093908e-23
3.0233081086e-02 2.0691380811e-06 1.5785749758e-23
3.3523203403e-02 2.0691380811e-06 2.4173317924e-23
3.7171374071e-02 2.0691380811e-06 3.6490275602e-23
4.1216557790e-02 2.0691380811e-06 5.4649980120e-23
4.5701959599e-02 2.0691380811e-06 8.0704679364e-23
5.0675486338e-02 2.0691380811e-06 1.1698115001e-22
5.6190258320e-02 2.0691380811e-06 1.6365637388e-22
6.2305176688e-02 2.0691380811e-06 2.1919811329e-22
6.9085552518e-02 2.0691380811e-06 2.7734776238e-22
7.6603804377e-02 2.0691380811e-06 3.2537875015e-22
8.4940231802e-02 2.0691380811e-06 3.4445038490e-22
9.4183872945e-02 2.0691380811e-06 3.1663776614e-22
1.0443345556e-01 2.0691380811e-06 2.4001024979e-22
1.1579845146e-01 2.0691380811e-06 1.4044467546e-22
1.2840024578e-01 2.0691380811e-06 5.8503537933e-23
1.4237343339e-01 2.0691380811e-06 1.5566981291e-23
1.5786725650e-01 2.0691380811e-06 2.2293291310e-24
1.7504719864e-01 2.0691380811e-06 1.2846837484e-25
1.9409675211e-01 2.0691380811e-06 1.8587804894e-27
2.1521937781e-01 2.0691380811e-06 3.1533875226e-30
2.3864067833e-01 2.0691380811e-06 2.2253253075e-34
2.6461080752e-01 2.0691380811e-06 1.2035953893e-40
2.9340714225e-01 2.0691380811e-06 4.1255731487e-50
3.2533724503e-01 2.0691380811e-06 2.0878884969e-64
3.6074214893e-01 2.0691380811e-06 3.3362094537e-86
4.0000000000e-01 2.0691380811e-06 nan
2.0000000000e-02 3.7926901907e-06 9.2586708977e-24
2.2176504808e-02 3.7926901907e-06 1.4558147365e-23
2.4589868274e-02 3.7926901907e-06 2.2460158767e-23
2.7265866600e-02 3.7926901907e-06 3.4693799139e-23
3.0233081086e-02 3.7926901907e-06 5.3037250698e-23
3.3523203403e-02 3.7926901907e-06 8.1217955601e-23
3.7171374071e-02 3.7926901907e-06 1.2260069524e-22
4.1216557790e-02 3.7926901907e-06 1.8361400255e-22
4.5701959599e-02 3.7926901907e-06 2.7115305752e-22
5.0675486338e-02 3.7926901907e-06 3.9303540695e-22
5.6190258320e-02 3.7926901907e-06 5.4985567764e-22
6.2305176688e-02 3.7926901907e-06 7.3646582936e-22
6.9085552518e-02 3.7926901907e-06 9.3183808372e-22
7.6603804377e-02 3.7926901907e-06 1.0932134747e-21
8.4940231802e-02 3.7926901907e-06 1.1572907019e-21
9.4183872945e-02 3.7926901907e-06 1.0638453568e-21
1.0443345556e-01 3.7926901907e-06 8.0639082616e-22
1.1579845146e-01 3.7926901907e-06 4.7186858882e-22
1.2840024578e-01 3.7926901907e-06 1.9656125656e-22
1.4237343339e-01 3.7926901907e-06 5.2302228403e-23
1.5786725650e-01 3.7926901907e-06 7.4901407807e-24
1.7504719864e-01 3.7926901907e-06 4.3163039502e-25
1.9409675211e-01 3.7926901907e-06 6.2451646787e-27
2.1521937781e-01 3.7926901907e-06 1.0594809062e-29
2.3864067833e-01 3.7926901907e-06 7.4766886615e-34
2.6461080752e-01 3.7926901907e-06 4.0438617983e-40
2.9340714225e-01 3.7926901907e-06 1.3861176107e-49
3.2533724503e-01 3.7926901907e-06 7.0149259516e-64
3.6074214893e-01 3.7926901907e-06 1.1209057529e-85
4.0000000000e-01 3.7926901907e-06 nan
2.0000000000e-02 6.9519279618e-06 3.1107451789e-23
2.2176504808e-02 6.9519279618e-06 4.8912729733e-23
2.4589868274e-02 6.9519279618e-06 7.5462052139e-23
2.7265866600e-02 6.9519279618e-06 1.1656486077e-22
3.0233081086e-02 6.9519279618e-06 1.7819552475e-22
3.3523203403e-02 6.9519279618e-06 2.7287757241e-22
3.7171374071e-02 6.9519279618e-06 4.1191605778e-22
4.1216557790e-02 6.9519279618e-06 6.1690968340e-22
4.5701959599e-02 6.9519279618e-06 9.1102500103e-22
5.0675486338e-02 6.9519279618e-06 1.3205275475e-21
5.6190258320e-02 6.9519279618e-06 1.8474151606e-21
6.2305176688e-02 6.9519279618e-06 2.4743913607e-21
6.9085552518e-02 6.9519279618e-06 3.1308066336e-21
7.6603804377e-02 6.9519279618e-06 3.6729986233e-21
8.4940231802e-02 6.9519279618e-06 3.8882864629e-21
9.4183872945e-02 6.9519279618e-06 3.5743270836e-21
1.0443345556e-01 6.9519279618e-06 2.7093266437e-21
1.1579845146e-01 6.9519279618e-06 1.5853927135e-21
1.2840024578e-01 6.9519279618e-06 6.6041010420e-22
1.4237343339e-01 6.9519279618e-06 1.7572598341e-22
1.5786725650e-01 6.9519279618e-06 2.5165511963e-23
1.7504719864e-01 6.9519279618e-06 1.4501996942e-24
1.9409675211e-01 6.9519279618e-06 2.0982618490e-26
2.1521937781e-01 6.9519279618e-06 3.5596633231e-29
2.3864067833e-01 6.9519279618e-06 2.5120315288e-33
2.6461080752e-01 6.9519279618e-06 1.3586640818e-39
2.9340714225e-01 6.9519279618e-06 4.6571032957e-49
3.2533724503e-01 6.9519279618e-06 2.3568876490e-63
3.6074214893e-01 6.9519279618e-06 3.7660396455e-85
4.0000000000e-01 6.9519279618e-06 nan
2.0000000000e-02 1.2742749857e-05 1.0451538536e-22
2.2176504808e-02 1.2742749857e-05 1.6433788379e-22
2.4589868274e-02 1.2742749857e-05 2.5353878270e-22
2.7265866600e-02 1.2742749857e-05 3.9163675075e-22
3.0233081086e-02 1.2742749857e-05 5.9870458260e-22
3.3523203403e-02 1.2742749857e-05 9.1681905770e-22
3.7171374071e-02 1.2742749857e-05 1.3839631034e-21
4.1216557790e-02 1.2742749857e-05 2.0727044353e-21
4.5701959599e-02 1.2742749857e-05 3.0608784578e-21
5.0675486338e-02 1.2742749857e-05 4.4367326016e-21
5.6190258320e-02 1.2742749857e-05 6.2069792391e-21
6.2305176688e-02 1.2742749857e-05 8.3135053416e-21
6.9085552518e-02 1.2742749857e-05 1.0518941379e-20
7.6603804377e-02 1.2742749857e-05 1.2340607941e-20
8.4940231802e-02 1.2742749857e-05 1.3063935961e-20
9.4183872945e-02 1.2742749857e-05 1.2009089498e-20
1.0443345556e-01 1.2742749857e-05 9.1028452019e-21
1.1579845146e-01 1.2742749857e-05 5.3266314304e-21
1.2840024578e-01 1.2742749857e-05 2.2188579449e-21
1.4237343339e-01 1.2742749857e-05 5.9040737254e-22
1.5786725650e-01 1.2742749857e-05 8.4551547296e-23
1.7504719864e-01 1.2742749857e-05 4.8724074525e-24
1.9409675211e-01 1.2742749857e-05 7.0497785317e-26
2.1521937781e-01 1.2742749857e-05 1.1959821930e-28
2.3864067833e-01 1.2742749857e-05 8.4399694691e-33
2.6461080752e-01 1.2742749857e-05 4.5648644287e-39
2.9340714225e-01 1.2742749857e-05 1.5647020818e-48
3.2533724503e-01 1.2742749857e-05 7.9187142228e-63
3.6074214893e-01 1.2742749857e-05 1.2653208864e-84
4.0000000000e-01 1.2742749857e-05 nan
2.0000000000e-02 2.3357214691e-05 3.5115270294e-22
2.2176504808e-02 2.3357214691e-05 5.5214542710e-22
2.4589868274e-02 2.3357214691e-05 8.5184423842e-22
2.7265866600e-02 2.3357214691e-05 1.3158283168e-21
3.0233081086e-02 2.3357214691e-05 2.0115386048e-21
3.3523203403e-02 2.3357214691e-05 3.0803454354e-21
3.7171374071e-02 2.3357214691e-05 4.6498645425e-21
4.1216557790e-02 2.3357214691e-05 6.9639102643e-21
4.5701959599e-02 2.3357214691e-05 1.0283995415e-20
5.0675486338e-02 2.3357214691e-05 1.4906615328e-20
5.6190258320e-02 2.3357214691e-05 2.0854322352e-20
6.2305176688e-02 2.3357214691e-05 2.7931867274e-20
6.9085552518e-02 2.3357214691e-05 3.5341731603e-20
7.6603804377e-02 2.3357214691e-05 4.1462200232e-20
8.4940231802e-02 2.3357214691e-05 4.3892450943e-20
9.4183872945e-02 2.3357214691e-05 4.0348358508e-20
1.0443345556e-01 2.3357214691e-05 3.0583905777e-20
1.1579845146e-01 2.3357214691e-05 1.7896513691e-20
1.2840024578e-01 2.3357214691e-05 7.4549595014e-21
1.4237343339e-01 2.3357214691e-05 1.9836614878e-21
1.5786725650e-01 2.3357214691e-05 2.8407783493e-22
1.7504719864e-01 2.3357214691e-05 1.6370403670e-23
1.9409675211e-01 2.3357214691e-05 2.3685974847e-25
2.1521937781e-01 2.3357214691e-05 4.0182828462e-28
2.3864067833e-01 2.3357214691e-05 2.8356763791e-32
2.6461080752e-01 2.3357214691e-05 1.5337115000e-38
2.9340714225e-01 2.3357214691e-05 5.2571146723e-48
3.2533724503e-01 2.3357214691e-05 2.6605440860e-62
3.6074214893e-01 2.3357214691e-05 4.2512482481e-84
4.0000000000e-01 2.3357214691e-05 nan
2.0000000000e-02 4.2813323987e-05 1.1798092727e-21
2.2176504808e-02 4.2813323987e-05 1.8551083028e-21
2.4589868274e-02 4.2813323987e-05 2.8620418496e-21
2.7265866600e-02 4.2813323987e-05 4.4209440409e-21
3.0233081086e-02 4.2813323987e-05 6.7584041888e-21
3.3523203403e-02 4.2813323987e-05 1.0349400924e-20
3.7171374071e-02 4.2813323987e-05 1.5622699921e-20
4.1216557790e-02 4.2813323987e-05 2.3397473055e-20
4.5701959599e-02 4.2813323987e-05 3.4552355862e-20
5.0675486338e-02 4.2813323987e-05 5.0083518780e-20
5.6190258320e-02 4.2813323987e-05 7.0066733615e-20
6.2305176688e-02 4.2813323987e-05 9.3845998479e-20
6.9085552518e-02 4.2813323987e-05 1.1874179617e-19
7.6603804377e-02 4.2813323987e-05 1.3930545862e-19
8.4940231802e-02 4.2813323987e-05 1.4747065943e-19
9.4183872945e-02 4.2813323987e-05 1.3556315286e-19
1.0443345556e-01 4.2813323987e-05 1.0275636601e-19
1.1579845146e-01 4.2813323987e-05 6.0129034043e-20
1.2840024578e-01 4.2813323987e-05 2.5047309297e-20
1.4237343339e-01 4.2813323987e-05 6.6647421532e-21
1.5786725650e-01 4.2813323987e-05 9.5444990671e-22
1.7504719864e-01 4.2813323987e-05 5.5001581754e-23
1.9409675211e-01 4.2813323987e-05 7.9580571668e-25
2.1521937781e-01 4.2813323987e-05 1.3500700234e-27
2.3864067833e-01 4.2813323987e-05 9.5273573892e-32
2.6461080752e-01 4.2813323987e-05 5.1529919636e-38
2.9340714225e-01 4.2813323987e-05 1.7662950067e-47
3.2533724503e-01 4.2813323987e-05 8.9389446840e-62
3.6074214893e-01 4.2813323987e-05 1.4283421558e-83
4.0000000000e-01 4.2813323987e-05 nan
2.0000000000e-02 7.8475997035e-05 3.9639447696e-21
2.2176504808e-02 7.8475997035e-05 6.2328268005e-21
2.4589868274e-02 7.8475997035e-05 9.6159405454e-21
2.7265866600e-02 7.8475997035e-05 1.4853568637e-20
3.0233081086e-02 7.8475997035e-05 2.2707009990e-20
3.3523203403e-02 7.8475997035e-05 3.4772106494e-20
3.7171374071e-02 7.8475997035e-05 5.2489432911e-20
4.1216557790e-02 7.8475997035e-05 7.8611257884e-20
4.5701959599e-02 7.8475997035e-05 1.1608963717e-19
5.0675486338e-02 7.8475997035e-05 1.6827152242e-19
5.6190258320e-02 7.8475997035e-05 2.3541149316e-19
6.2305176688e-02 7.8475997035e-05 3.1530550227e-19
6.9085552518e-02 7.8475997035e-05 3.9895085887e-19
7.6603804377e-02 7.8475997035e-05 4.6804102829e-19
8.4940231802e-02 7.8475997035e-05 4.9547461955e-19
9.4183872945e-02 7.8475997035e-05 4.5546756139e-19
1.0443345556e-01 7.8475997035e-05 3.4524271888e-19
1.1579845146e-01 7.8475997035e-05 2.0202262904e-19
1.2840024578e-01 7.8475997035e-05 8.4154408256e-20
1.4237343339e-01 7.8475997035e-05 2.2392322705e-20
1.5786725650e-01 7.8475997035e-05 3.2067782746e-21
1.7504719864e-01 7.8475997035e-05 1.8479532182e-22
1.9409675211e-01 7.8475997035e-05 2.6737626273e-24
2.1521937781e-01 7.8475997035e-05 4.5359900065e-27
2.3864067833e-01 7.8475997035e-05 3.2010189992e-31
2.6461080752e-01 7.8475997035e-05 1.7313116855e-37
2.9340714225e-01 7.8475997035e-05 5.9344303284e-47
3.2533724503e-01 7.8475997035e-05 3.0033229947e-61
3.6074214893e-01 7.8475997035e-05 4.7989700423e-83
4.0000000000e-01 7.8475997035e-05 nan
2.0000000000e-02 1.4384498883e-04 1.3318134133e-20
2.2176504808e-02 1.4384498883e-04 2.0941165478e-20
2.4589868274e-02 1.4384498883e-04 3.2307812918e-20
2.7265866600e-02 1.4384498883e-04 4.9905291585e-20
3.0233081086e-02 1.4384498883e-04 7.6291427505e-20
3.3523203403e-02 1.4384498883e-04 1.1682795946e-19
3.7171374071e-02 1.4384498883e-04 1.7635495691e-19
4.1216557790e-02 1.4384498883e-04 2.6411954242e-19
4.5701959599e-02 1.4384498883e-04 3.9004008698e-19
5.0675486338e-02 1.4384498883e-04 5.6536174016e-19
5.6190258320e-02 1.4384498883e-04 7.9093984298e-19
6.2305176688e-02 1.4384498883e-04 1.0593691978e-18
6.9085552518e-02 1.4384498883e-04 1.3404023993e-18
7.6603804377e-02 1.4384498883e-04 1.5725328173e-18
8.4940231802e-02 1.4384498883e-04 1.6647047021e-18
9.4183872945e-02 1.4384498883e-04 1.5302882580e-18
1.0443345556e-01 1.4384498883e-04 1.1599528150e-18
1.1579845146e-01 1.4384498883e-04 6.7875933368e-19
1.2840024578e-01 1.4384498883e-04 2.8274352490e-19
1.4237343339e-01 1.4384498883e-04 7.5234136935e-20
1.5786725650e-01 1.4384498883e-04 1.0774192565e-20
1.7504719864e-01 1.4384498883e-04 6.2087872034e-22
1.9409675211e-01 1.4384498883e-04 8.9833568854e-24
2.1521937781e-01 1.4384498883e-04 1.5240102780e-26
2.3864067833e-01 1.4384498883e-04 1.0754842638e-30
2.6461080752e-01 1.4384498883e-04 5.8168929166e-37
2.9340714225e-01 1.4384498883e-04 1.9938608278e-46
3.2533724503e-01 1.4384498883e-04 1.0090619673e-60
3.6074214893e-01 1.4384498883e-04 1.6123666719e-82
4.0000000000e-01 1.4384498883e-04 nan
2.0000000000e-02 2.6366508987e-04 4.4746510712e-20
2.2176504808e-02 2.6366508987e-04 7.0358510921e-20
2.4589868274e-02 2.6366508987e-04 1.0854838102e-19
2.7265866600e-02 2.6366508987e-04 1.6767271196e-19
3.0233081086e-02 2.6366508987e-04 2.5632533451e-19
3.3523203403e-02 2.6366508987e-04 3.9252071691e-19
3.7171374071e-02 2.6366508987e-04 5.9252061335e-19
4.1216557790e-02 2.6366508987e-04 8.8739367600e-19
4.5701959599e-02 2.6366508987e-04 1.3104638301e-18
5.0675486338e-02 2.6366508987e-04 1.8995127362e-18
5.6190258320e-02 2.6366508987e-04 2.6574141867e-18
6.2305176688e-02 2.6366508987e-04 3.5592880652e-18
6.9085552518e-02 2.6366508987e-04 4.5035085867e-18
7.6603804377e-02 2.6366508987e-04 5.2834246482e-18
8.4940231802e-02 2.6366508987e-04 5.5931054675e-18
9.4183872945e-02 2.6366508987e-04 5.1414906575e-18
1.0443345556e-01 2.6366508987e-04 3.8972308468e-18
1.1579845146e-01 2.6366508987e-04 2.2805081387e-18
1.2840024578e-01 2.6366508987e-04 9.4996692367e-19
1.4237343339e-01 2.6366508987e-04 2.5277304753e-19
1.5786725650e-01 2.6366508987e-04 3.6199332342e-20
1.7504719864e-01 2.6366508987e-04 2.0860398912e-21
1.9409675211e-01 2.6366508987e-04 3.0182450313e-23
2.1521937781e-01 2.6366508987e-04 5.1203982894e-26
2.3864067833e-01 2.6366508987e-04 3.6134322259e-30
2.6461080752e-01 2.6366508987e-04 1.9543706083e-36
2.9340714225e-01 2.6366508987e-04 6.6990109077e-46
3.2533724503e-01 2.6366508987e-04 3.3902650258e-60
3.6074214893e-01 2.6366508987e-04 5.4172583683e-82
4.0000000000e-01 2.6366508987e-04 nan
2.0000000000e-02 4.8329302386e-04 1.5034014621e-19
2.2176504808e-02 4.8329302386e-04 2.3639181397e-19
2.4589868274e-02 4.8329302386e-04 3.6470283987e-19
2.7265866600e-02 4.8329302386e-04 5.6334985179e-19
3.0233081086e-02 4.8329302386e-04 8.6120656075e-19
3.3523203403e-02 4.8329302386e-04 1.3187983091e-18
3.7171374071e-02 4.8329302386e-04 1.9907616398e-18
4.1216557790e-02 4.8329302386e-04 2.9814815856e-18
4.5701959599e-02 4.8329302386e-04 4.4029204913e-18
5.0675486338e-02 4.8329302386e-04 6.3820178887e-18
5.6190258320e-02 4.8329302386e-04 8.9284292181e-18
6.2305176688e-02 4.8329302386e-04 1.1958561832e-17
6.9085552518e-02 4.8329302386e-04 1.5130971569e-17
7.6603804377e-02 4.8329302386e-04 1.7751348246e-17
8.4940231802e-02 4.8329302386e-04 1.8791819926e-17
9.4183872945e-02 4.8329302386e-04 1.7274476420e-17
1.0443345556e-01 4.8329302386e-04 1.3093989360e-17
1.1579845146e-01 4.8329302386e-04 7.6620942718e-18
1.2840024578e-01 4.8329302386e-04 3.1917169005e-18
1.4237343339e-01 4.8329302386e-04 8.4927171617e-19
1.5786725650e-01 4.8329302386e-04 1.2162321421e-19
1.7504719864e-01 4.8329302386e-04 7.0087173765e-21
1.9409675211e-01 4.8329302386e-04 1.0140758887e-22
2.1521937781e-01 4.8329302386e-04 1.7203615581e-25
2.3864067833e-01 4.8329302386e-04 1.2140481651e-29
2.6461080752e-01 4.8329302386e-04 6.5663333737e-36
2.9340714225e-01 4.8329302386e-04 2.2507468808e-45
3.2533724503e-01 4.8329302386e-04 1.1390676416e-59
3.6074214893e-01 4.8329302386e-04 1.8200996277e-81
4.0000000000e-01 4.8329302386e-04 nan
2.0000000000e-02 8.8586679041e-04 5.0511558684e-19
2.2176504808e-02 8.8586679041e-04 7.9423356622e-19
2.4589868274e-02 8.8586679041e-04 1.2253353198e-18
2.7265866600e-02 8.8586679041e-04 1.8927532243e-18
3.0233081086e-02 8.8586679041e-04 2.8934977161e-18
3.3523203403e-02 8.8586679041e-04 4.4309229759e-18
3.7171374071e-02 8.8586679041e-04 6.6885979032e-18
4.1216557790e-02 8.8586679041e-04 1.0017237321e-17
4.5701959599e-02 8.8586679041e-04 1.4793014490e-17
5.0675486338e-02 8.8586679041e-04 2.1442423370e-17
5.6190258320e-02 8.8586679041e-04 2.9997904714e-17
6.2305176688e-02 8.8586679041e-04 4.0178602669e-17
6.9085552518e-02 8.8586679041e-04 5.0837327006e-17
7.6603804377e-02 8.8586679041e-04 5.9641321354e-17
8.4940231802e-02 8.8586679041e-04 6.3137121657e-17
9.4183872945e-02 8.8586679041e-04 5.8039125350e-17
1.0443345556e-01 8.8586679041e-04 4.3993446284e-17
1.1579845146e-01 8.8586679041e-04 2.5743259407e-17
1.2840024578e-01 8.8586679041e-04 1.0723596246e-17
1.4237343339e-01 8.8586679041e-04 2.8534009992e-18
1.5786725650e-01 8.8586679041e-04 4.0863229942e-19
1.7504719864e-01 8.8586679041e-04 2.3548043945e-20
1.9409675211e-01 8.8586679041e-04 3.4071152734e-22
2.1521937781e-01 8.8586679041e-04 5.7801109984e-25
2.3864067833e-01 8.8586679041e-04 4.0789879778e-29
2.6461080752e-01 8.8586679041e-04 2.2061723806e-35
2.9340714225e-01 8.8586679041e-04 7.5621112064e-45
3.2533724503e-01 8.8586679041e-04 3.8270625345e-59
3.6074214893e-01 8.8586679041e-04 6.1151956019e-81
4.0000000000e-01 8.8586679041e-04 nan
2.0000000000e-02 1.6237767392e-03 1.6970967482e-18
2.2176504808e-02 1.6237767392e-03 2.6684807632e-18
2.4589868274e-02 1.6237767392e-03 4.1169045712e-18
2.7265866600e-02 1.6237767392e-03 6.3593079176e-18
3.0233081086e-02 1.6237767392e-03 9.7216284005e-18
3.3523203403e-02 1.6237767392e-03 1.4887099439e-17
3.7171374071e-02 1.6237767392e-03 2.2472479666e-17
4.1216557790e-02 1.6237767392e-03 3.3656108074e-17
4.5701959599e-02 1.6237767392e-03 4.9701859901e-17
5.0675486338e-02 1.6237767392e-03 7.2042679596e-17
5.6190258320e-02 1.6237767392e-03 1.0078756479e-16
6.2305176688e-02 1.6237767392e-03 1.3499289369e-16
6.9085552518e-02 1.6237767392e-03 1.7080431681e-16
7.6603804377e-02 1.6237767392e-03 2.0038419302e-16
8.4940231802e-02 1.6237767392e-03 2.1212949788e-16
9.4183872945e-02 1.6237767392e-03 1.9500118096e-16
1.0443345556e-01 1.6237767392e-03 1.4781022678e-16
1.1579845146e-01 1.6237767392e-03 8.6492842596e-17
1.2840024578e-01 1.6237767392e-03 3.6029418734e-17
1.4237343339e-01 1.6237767392e-03 9.5869354635e-18
1.5786725650e-01 1.6237767392e-03 1.3729347904e-18
1.7504719864e-01 1.6237767392e-03 7.9117455017e-20
1.9409675211e-01 1.6237767392e-03 1.1447339660e-21
2.1521937781e-01 1.6237767392e-03 1.9420221703e-24
2.3864067833e-01 1.6237767392e-03 1.3704734621e-28
2.6461080752e-01 1.6237767392e-03 7.4123799194e-35
2.9340714225e-01 1.6237767392e-03 2.5407440057e-44
3.2533724503e-01 1.6237767392e-03 1.2858260003e-58
3.6074214893e-01 1.6237767392e-03 2.0545851068e-80
4.0000000000e-01 1.6237767392e-03 nan
2.0000000000e-02 2.9763514416e-03 5.7019385261e-18
2.2176504808e-02 2.9763514416e-03 8.9656138947e-18
2.4589868274e-02 2.9763514416e-03 1.3832057549e-17
2.7265866600e-02 2.9763514416e-03 2.1366130581e-17
3.0233081086e-02 2.9763514416e-03 3.2662925899e-17
3.3523203403e-02 2.9763514416e-03 5.0017987296e-17
3.7171374071e-02 2.9763514416e-03 7.5503517215e-17
4.1216557790e-02 2.9763514416e-03 1.1307853089e-16
4.5701959599e-02 2.9763514416e-03 1.6698943572e-16
5.0675486338e-02 2.9763514416e-03 2.4205068997e-16
5.6190258320e-02 2.9763514416e-03 3.3862853517e-16
6.2305176688e-02 2.9763514416e-03 4.5355260562e-16
6.9085552518e-02 2.9763514416e-03 5.7387300118e-16
7.6603804377e-02 2.9763514416e-03 6.7325663110e-16
8.4940231802e-02 2.9763514416e-03 7.1271929776e-16
9.4183872945e-02 2.9763514416e-03 6.5517153961e-16
1.0443345556e-01 2.9763514416e-03 4.9661822874e-16
1.1579845146e-01 2.9763514416e-03 2.9060214070e-16
1.2840024578e-01 2.9763514416e-03 1.2105324783e-16
1.4237343339e-01 2.9763514416e-03 3.2210661445e-17
1.5786725650e-01 2.9763514416e-03 4.6128624209e-18
1.7504719864e-01 2.9763514416e-03 2.6582373050e-19
1.9409675211e-01 2.9763514416e-03 3.8461562034e-21
2.1521937781e-01 2.9763514416e-03 6.5249534381e-24
2.3864067833e-01 2.9763514416e-03 4.6046278417e-28
2.6461080752e-01 2.9763514416e-03 2.4904719326e-34
2.9340714225e-01 2.9763514416e-03 8.5365742389e-44
3.2533724503e-01 2.9763514416e-03 4.3201702825e-58
3.6074214893e-01 2.9763514416e-03 6.9029254297e-80
4.0000000000e-01 2.9763514416e-03 nan
2.0000000000e-02 5.4555947812e-03 1.9157498076e-17
2.2176504808e-02 5.4555947812e-03 3.0122872229e-17
2.4589868274e-02 5.4555947812e-03 4.6473270861e-17
2.7265866600e-02 5.4555947812e-03 7.1786446631e-17
3.0233081086e-02 5.4555947812e-03 1.0974173307e-16
3.3523203403e-02 5.4555947812e-03 1.6805178151e-16
3.7171374071e-02 5.4555947812e-03 2.5367887780e-16
4.1216557790e-02 5.4555947812e-03 3.7992471046e-16
4.5701959599e-02 5.4555947812e-03 5.6105662013e-16
5.0675486338e-02 5.4555947812e-03 8.1325059763e-16
5.6190258320e-02 5.4555947812e-03 1.1377374785e-15
6.2305176688e-02 5.4555947812e-03 1.5238657720e-15
6.9085552518e-02 5.4555947812e-03 1.9281263219e-15
7.6603804377e-02 5.4555947812e-03 2.2620442683e-15
8.4940231802e-02 5.4555947812e-03 2.3946381663e-15
9.4183872945e-02 5.4555947812e-03 2.2012912519e-15
1.0443345556e-01 5.4555947812e-03 1.6685777772e-15
1.1579845146e-01 5.4555947812e-03 9.7639190782e-16
1.2840024578e-01 5.4555947812e-03 4.0672761610e-16
1.4237343339e-01 5.4555947812e-03 1.0822535997e-16
1.5786725650e-01 5.4555947812e-03 1.5498955289e-17
1.7504719864e-01 5.4555947812e-03 8.9315846979e-19
1.9409675211e-01 5.4555947812e-03 1.2923041695e-20
2.1521937781e-01 5.4555947812e-03 2.1923920327e-23
2.3864067833e-01 5.4555947812e-03 1.5471684081e-27
2.6461080752e-01 5.4555947812e-03 8.3680633549e-34
2.9340714225e-01 5.4555947812e-03 2.8682873998e-43
3.2533724503e-01 5.4555947812e-03 1.4515309471e-57
3.6074214893e-01 5.4555947812e-03 2.3191364746e-79
4.0000000000e-01 5.4555947812e-03 nan
2.0000000000e-02 1.0000000000e-02 6.4365946572e-17
2.2176504808e-02 1.0000000000e-02 1.0120781401e-16
2.4589868274e-02 1.0000000000e-02 1.5614254642e-16
2.7265866600e-02 1.0000000000e-02 2.4119088808e-16
3.0233081086e-02 1.0000000000e-02 3.6871496085e-16
3.3523203403e-02 1.0000000000e-02 5.6462833817e-16
3.7171374071e-02 1.0000000000e-02 8.5232373725e-16
4.1216557790e-02 1.0000000000e-02 1.2764937322e-15
4.5701959599e-02 1.0000000000e-02 1.8850760659e-15
5.0675486338e-02 1.0000000000e-02 2.7324223547e-15
5.6190258320e-02 1.0000000000e-02 3.8226717139e-15
6.2305176688e-02 1.0000000000e-02 5.1200411557e-15
6.9085552518e-02 1.0000000000e-02 6.4783495723e-15
7.6603804377e-02 1.0000000000e-02 7.6003323179e-15
8.4940231802e-02 1.0000000000e-02 8.0458971962e-15
9.4183872945e-02 1.0000000000e-02 7.3963216441e-15
1.0443345556e-01 1.0000000000e-02 5.6064654824e-15
1.1579845146e-01 1.0000000000e-02 3.2807423282e-15
1.2840024578e-01 1.0000000000e-02 1.3666516723e-15
1.4237343339e-01 1.0000000000e-02 3.6365581805e-16
1.5786725650e-01 1.0000000000e-02 5.2080172904e-17
1.7504719864e-01 1.0000000000e-02 3.0012908410e-18
1.9409675211e-01 1.0000000000e-02 4.3426473964e-20
2.1521937781e-01 1.0000000000e-02 7.3674638672e-23
2.3864067833e-01 1.0000000000e-02 5.1993009914e-27
2.6461080752e-01 1.0000000000e-02 2.8121156321e-33
2.9340714225e-01 1.0000000000e-02 9.6386572709e-43
3.2533724503e-01 1.0000000000e-02 4.8772433725e-57
3.6074214893e-01 1.0000000000e-02 7.7905092587e-79
4.0000000000e-01 1.0000000000e-02 nan
