2.0000000000e-02 1.0000000000e-07 7.0489315677e-25
4.0000000000e-01 1.0000000000e-07 nan
2.0000000000e-02 1.8329807108e-07 2.3683129180e-24
4.0000000000e-01 1.8329807108e-07 nan
2.0000000000e-02 3.3598182863e-07 7.9571010495e-24
4.0000000000e-01 3.3598182863e-07 nan
2.0000000000e-02 6.1584821107e-07 2.6734413612e-23
4.0000000000e-01 6.1584821107e-07 nan
2.0000000000e-02 1.1288378917e-06 8.9822771726e-23
4.0000000000e-01 1.1288378917e-06 nan
2.0000000000e-02 2.0691380811e-06 3.0178819097e-22
4.0000000000e-01 2.0691380811e-06 nan
2.0000000000e-02 3.7926901907e-06 1.0139534826e-21
4.0000000000e-01 3.7926901907e-06 nan
2.0000000000e-02 6.9519279618e-06 3.4066994523e-21
4.0000000000e-01 6.9519279618e-06 nan
2.0000000000e-02 1.2742749857e-05 1.1445891116e-20
4.0000000000e-01 1.2742749857e-05 nan
2.0000000000e-02 2.3357214691e-05 3.8456114275e-20
4.0000000000e-01 2.3357214691e-05 nan
2.0000000000e-02 4.2813323987e-05 1.2920555597e-19
4.0000000000e-01 4.2813323987e-05 nan
2.0000000000e-02 7.8475997035e-05 4.3410718973e-19
4.0000000000e-01 7.8475997035e-05 nan
2.0000000000e-02 1.4384498883e-04 1.4585212754e-18
4.0000000000e-01 1.4384498883e-04 nan
2.0000000000e-02 2.6366508987e-04 4.9003664643e-18
4.0000000000e-01 2.6366508987e-04 nan
2.0000000000e-02 4.8329302386e-04 1.6464340996e-17
4.0000000000e-01 4.8329302386e-04 nan
2.0000000000e-02 8.8586679041e-04 5.5317195530e-17
4.0000000000e-01 8.8586679041e-04 nan
2.0000000000e-02 1.6237767392e-03 1.8585574292e-16
4.0000000000e-01 1.6237767392e-03 nan
2.0000000000e-02 2.9763514416e-03 6.2444172495e-16
4.0000000000e-01 2.9763514416e-03 nan
2.0000000000e-02 5.4555947812e-03 2.0980129984e-15
4.0000000000e-01 5.4555947812e-03 nan
2.0000000000e-02 1.0000000000e-02 7.0489680860e-15
4.0000000000e-01 1.0000000000e-02 nan
