2.0000000000e-02 1.0000000000e-07 4.4831878628e-34
2.2176504808e-02 1.0000000000e-07 8.2559778299e-34
2.4589868274e-02 1.0000000000e-07 1.5068336201e-33
2.7265866600e-02 1.0000000000e-07 2.7447335622e-33
3.0233081086e-02 1.0000000000e-07 4.9762951517e-33
3.3523203403e-02 1.0000000000e-07 8.8586401314e-33
3.7171374071e-02 1.0000000000e-07 1.5498955371e-32
4.1216557790e-02 1.0000000000e-07 2.6631846542e-32
4.5701959599e-02 1.0000000000e-07 4.4929890624e-32
5.0675486338e-02 1.0000000000e-07 7.4515541605e-32
5.6190258320e-02 1.0000000000e-07 1.2232775025e-31
6.2305176688e-02 1.0000000000e-07 1.9687364642e-31
6.9085552518e-02 1.0000000000e-07 3.0926298853e-31
7.6603804377e-02 1.0000000000e-07 4.7127390004e-31
8.4940231802e-02 1.0000000000e-07 6.9067173638e-31
9.4183872945e-02 1.0000000000e-07 9.5954557559e-31
1.0443345556e-01 1.0000000000e-07 1.2497538901e-30
1.1579845146e-01 1.0000000000e-07 1.4861350424e-30
1.2840024578e-01 1.0000000000e-07 1.5626085516e-30
1.4237343339e-01 1.0000000000e-07 1.3753925031e-30
1.5786725650e-01 1.0000000000e-07 9.4385375234e-31
1.7504719864e-01 1.0000000000e-07 4.5221241024e-31
1.9409675211e-01 1.0000000000e-07 1.2777809577e-31
2.1521937781e-01 1.0000000000e-07 1.6490964260e-32
2.3864067833e-01 1.0000000000e-07 6.6165554901e-34
2.6461080752e-01 1.0000000000e-07 4.5677416901e-36
2.9340714225e-01 1.0000000000e-07 2.2299983743e-39
3.2533724503e-01 1.0000000000e-07 2.0267649950e-44
3.6074214893e-01 1.0000000000e-07 4.4123632304e-52
4.0000000000e-01 1.0000000000e-07 9.9963917004e-64
2.0000000000e-02 1.8329807108e-07 1.5062696562e-33
2.2176504808e-02 1.8329807108e-07 2.7738585284e-33
2.4589868274e-02 1.8329807108e-07 5.0626871511e-33
2.7265866600e-02 1.8329807108e-07 9.2218060134e-33
3.0233081086e-02 1.8329807108e-07 1.6719447449e-32
3.3523203403e-02 1.8329807108e-07 2.9763421105e-32
3.7171374071e-02 1.8329807108e-07 5.2073673674e-32
4.1216557790e-02 1.8329807108e-07 8.9478165009e-32
4.5701959599e-02 1.8329807108e-07 1.5095626812e-31
5.0675486338e-02 1.8329807108e-07 2.5035867930e-31
5.6190258320e-02 1.8329807108e-07 4.1099901222e-31
6.2305176688e-02 1.8329807108e-07 6.6145967733e-31
6.9085552518e-02 1.8329807108e-07 1.0390674441e-30
7.6603804377e-02 1.8329807108e-07 1.5833946672e-30
8.4940231802e-02 1.8329807108e-07 2.3205315297e-30
9.4183872945e-02 1.8329807108e-07 3.2238987714e-30
1.0443345556e-01 1.8329807108e-07 4.1989459733e-30
1.1579845146e-01 1.8329807108e-07 4.9931436914e-30
1.2840024578e-01 1.8329807108e-07 5.2500807861e-30
1.4237343339e-01 1.8329807108e-07 4.6210688827e-30
1.5786725650e-01 1.8329807108e-07 3.1711770967e-30
1.7504719864e-01 1.8329807108e-07 1.5193515252e-30
1.9409675211e-01 1.8329807108e-07 4.2931118275e-31
2.1521937781e-01 1.8329807108e-07 5.5406643279e-32
2.3864067833e-01 1.8329807108e-07 2.2230424128e-33
2.6461080752e-01 1.8329807108e-07 1.5346782058e-35
2.9340714225e-01 1.8329807108e-07 7.4923893164e-39
3.2533724503e-01 1.8329807108e-07 6.8095620922e-44
3.6074214893e-01 1.8329807108e-07 1.4824738667e-51
4.0000000000e-01 1.8329807108e-07 3.3586059632e-63
2.0000000000e-02 3.3598182863e-07 5.0607923351e-33
2.2176504808e-02 3.3598182863e-07 9.3196606073e-33
2.4589868274e-02 3.3598182863e-07 1.7009708868e-32
2.7265866600e-02 3.3598182863e-07 3.0983592476e-32
3.0233081086e-02 3.3598182863e-07 5.6174305274e-32
3.3523203403e-02 3.3598182863e-07 9.9999686492e-32
3.7171374071e-02 3.3598182863e-07 1.7495808105e-31
4.1216557790e-02 3.3598182863e-07 3.0063037502e-31
4.5701959599e-02 3.3598182863e-07 5.0718563006e-31
5.0675486338e-02 3.3598182863e-07 8.4115966884e-31
5.6190258320e-02 3.3598182863e-07 1.3808819969e-30
6.2305176688e-02 3.3598182863e-07 2.2223843195e-30
6.9085552518e-02 3.3598182863e-07 3.4910777995e-30
7.6603804377e-02 3.3598182863e-07 5.3199183573e-30
8.4940231802e-02 3.3598182863e-07 7.7965642675e-30
9.4183872945e-02 3.3598182863e-07 1.0831714045e-29
1.0443345556e-01 3.3598182863e-07 1.4107695464e-29
1.1579845146e-01 3.3598182863e-07 1.6776055481e-29
1.2840024578e-01 3.3598182863e-07 1.7639317430e-29
1.4237343339e-01 3.3598182863e-07 1.5525951734e-29
1.5786725650e-01 3.3598182863e-07 1.0654578798e-29
1.7504719864e-01 3.3598182863e-07 5.1047450377e-30
1.9409675211e-01 3.3598182863e-07 1.4424075623e-30
2.1521937781e-01 3.3598182863e-07 1.8615625327e-31
2.3864067833e-01 3.3598182863e-07 7.4690185496e-33
2.6461080752e-01 3.3598182863e-07 5.1562398993e-35
2.9340714225e-01 3.3598182863e-07 2.5173066633e-38
3.2533724503e-01 3.3598182863e-07 2.2878891239e-43
3.6074214893e-01 3.3598182863e-07 4.9808428063e-51
4.0000000000e-01 3.3598182863e-07 1.1284305732e-62
2.0000000000e-02 6.1584821107e-07 1.7003342631e-32
2.2176504808e-02 6.1584821107e-07 3.1312366130e-32
2.4589868274e-02 6.1584821107e-07 5.7149530899e-32
2.7265866600e-02 6.1584821107e-07 1.0409924058e-31
3.0233081086e-02 6.1584821107e-07 1.8873545808e-31
3.3523203403e-02 6.1584821107e-07 3.3598077530e-31
3.7171374071e-02 6.1584821107e-07 5.8782736003e-31
4.1216557790e-02 6.1584821107e-07 1.0100634314e-30
4.5701959599e-02 6.1584821107e-07 1.7040515544e-30
5.0675486338e-02 6.1584821107e-07 2.8261436370e-30
5.6190258320e-02 6.1584821107e-07 4.6395125844e-30
6.2305176688e-02 6.1584821107e-07 7.4668074759e-30
6.9085552518e-02 6.1584821107e-07 1.1729387030e-29
7.6603804377e-02 6.1584821107e-07 1.7873958978e-29
8.4940231802e-02 6.1584821107e-07 2.6195039196e-29
9.4183872945e-02 6.1584821107e-07 3.6392590921e-29
1.0443345556e-01 6.1584821107e-07 4.7399293198e-29
1.1579845146e-01 6.1584821107e-07 5.6364497975e-29
1.2840024578e-01 6.1584821107e-07 5.9264901257e-29
1.4237343339e-01 6.1584821107e-07 5.2164376549e-29
1.5786725650e-01 6.1584821107e-07 3.5797448680e-29
1.7504719864e-01 6.1584821107e-07 1.7151015724e-29
1.9409675211e-01 6.1584821107e-07 4.8462273041e-30
2.1521937781e-01 6.1584821107e-07 6.2545118385e-31
2.3864067833e-01 6.1584821107e-07 2.5094545104e-32
2.6461080752e-01 6.1584821107e-07 1.7324029102e-34
2.9340714225e-01 6.1584821107e-07 8.4576929596e-38
3.2533724503e-01 6.1584821107e-07 7.6868917155e-43
3.6074214893e-01 6.1584821107e-07 1.6734726742e-50
4.0000000000e-01 6.1584821107e-07 3.7913216745e-62
2.0000000000e-02 1.1288378917e-06 5.7128141498e-32
2.2176504808e-02 1.1288378917e-06 1.0520386031e-31
2.4589868274e-02 1.1288378917e-06 1.9201203897e-31
2.7265866600e-02 1.1288378917e-06 3.4975453208e-31
3.0233081086e-02 1.1288378917e-06 6.3411684333e-31
3.3523203403e-02 1.1288378917e-06 1.1288343527e-30
3.7171374071e-02 1.1288378917e-06 1.9749931134e-30
4.1216557790e-02 1.1288378917e-06 3.3936295871e-30
4.5701959599e-02 1.1288378917e-06 5.7253035733e-30
5.0675486338e-02 1.1288378917e-06 9.4953290714e-30
5.6190258320e-02 1.1288378917e-06 1.5587919220e-29
6.2305176688e-02 1.1288378917e-06 2.5087116298e-29
6.9085552518e-02 1.1288378917e-06 3.9408609029e-29
7.6603804377e-02 1.1288378917e-06 6.0053254224e-29
8.4940231802e-02 1.1288378917e-06 8.8010571701e-29
9.4183872945e-02 1.1288378917e-06 1.2227249246e-28
1.0443345556e-01 1.1288378917e-06 1.5925301204e-28
1.1579845146e-01 1.1288378917e-06 1.8937447099e-28
1.2840024578e-01 1.1288378917e-06 1.9911929898e-28
1.4237343339e-01 1.1288378917e-06 1.7526282622e-28
1.5786725650e-01 1.1288378917e-06 1.2027292268e-28
1.7504719864e-01 1.1288378917e-06 5.7624296259e-29
1.9409675211e-01 1.1288378917e-06 1.6282443116e-29
2.1521937781e-01 1.1288378917e-06 2.1014023247e-30
2.3864067833e-01 1.1288378917e-06 8.4313111525e-32
2.6461080752e-01 1.1288378917e-06 5.8205589769e-34
2.9340714225e-01 1.1288378917e-06 2.8416311466e-37
3.2533724503e-01 1.1288378917e-06 2.5826559350e-42
3.6074214893e-01 1.1288378917e-06 5.6225640923e-50
4.0000000000e-01 1.1288378917e-06 1.2738151891e-61
2.0000000000e-02 2.0691380811e-06 1.9194017447e-31
2.2176504808e-02 2.0691380811e-06 3.5346585366e-31
2.4589868274e-02 2.0691380811e-06 6.4512555970e-31
2.7265866600e-02 2.0691380811e-06 1.1751116726e-30
3.0233081086e-02 2.0691380811e-06 2.1305173659e-30
3.3523203403e-02 2.0691380811e-06 3.7926783003e-30
3.7171374071e-02 2.0691380811e-06 6.6356179777e-30
4.1216557790e-02 2.0691380811e-06 1.1401978744e-29
4.5701959599e-02 2.0691380811e-06 1.9235979640e-29
5.0675486338e-02 2.0691380811e-06 3.1902580248e-29
5.6190258320e-02 2.0691380811e-06 5.2372576042e-29
6.2305176688e-02 2.0691380811e-06 8.4288152087e-29
6.9085552518e-02 2.0691380811e-06 1.3240576525e-28
7.6603804377e-02 2.0691380811e-06 2.0176802169e-28
8.4940231802e-02 2.0691380811e-06 2.9569952819e-28
9.4183872945e-02 2.0691380811e-06 4.1081335608e-28
1.0443345556e-01 2.0691380811e-06 5.3506118200e-28
1.1579845146e-01 2.0691380811e-06 6.3626381060e-28
1.2840024578e-01 2.0691380811e-06 6.6900466186e-28
1.4237343339e-01 2.0691380811e-06 5.8885124845e-28
1.5786725650e-01 2.0691380811e-06 4.0409516495e-28
1.7504719864e-01 2.0691380811e-06 1.9360716431e-28
1.9409675211e-01 2.0691380811e-06 5.4706050126e-29
2.1521937781e-01 2.0691380811e-06 7.0603299573e-30
2.3864067833e-01 2.0691380811e-06 2.8327673388e-31
2.6461080752e-01 2.0691380811e-06 1.9556020487e-33
2.9340714225e-01 2.0691380811e-06 9.5473642891e-37
3.2533724503e-01 2.0691380811e-06 8.6772546377e-42
3.6074214893e-01 2.0691380811e-06 1.8890793653e-49
4.0000000000e-01 2.0691380811e-06 4.2797875657e-61
2.0000000000e-02 3.7926901907e-06 6.4488410805e-31
2.2176504808e-02 3.7926901907e-06 1.1875810387e-30
2.4589868274e-02 3.7926901907e-06 2.1675046524e-30
2.7265866600e-02 3.7926901907e-06 3.9481616860e-30
3.0233081086e-02 3.7926901907e-06 7.1581512050e-30
3.3523203403e-02 3.7926901907e-06 1.2742709907e-29
3.7171374071e-02 3.7926901907e-06 2.2294470622e-29
4.1216557790e-02 3.7926901907e-06 3.8308576683e-29
4.5701959599e-02 3.7926901907e-06 6.4629396149e-29
5.0675486338e-02 3.7926901907e-06 1.0718687250e-28
5.6190258320e-02 3.7926901907e-06 1.7596233869e-28
6.2305176688e-02 3.7926901907e-06 2.8319287470e-28
6.9085552518e-02 3.7926901907e-06 4.4485931130e-28
7.6603804377e-02 3.7926901907e-06 6.7790388887e-28
8.4940231802e-02 3.7926901907e-06 9.9349668205e-28
9.4183872945e-02 3.7926901907e-06 1.3802582260e-27
1.0443345556e-01 3.7926901907e-06 1.7977083436e-27
1.1579845146e-01 3.7926901907e-06 2.1377307858e-27
1.2840024578e-01 3.7926901907e-06 2.2477340965e-27
1.4237343339e-01 3.7926901907e-06 1.9784331924e-27
1.5786725650e-01 3.7926901907e-06 1.3576863246e-27
1.7504719864e-01 3.7926901907e-06 6.5048489099e-28
1.9409675211e-01 3.7926901907e-06 1.8380238758e-28
2.1521937781e-01 3.7926901907e-06 2.3721425698e-29
2.3864067833e-01 3.7926901907e-06 9.5175835056e-31
2.6461080752e-01 3.7926901907e-06 6.5704675239e-33
2.9340714225e-01 3.7926901907e-06 3.2077409124e-36
3.2533724503e-01 3.7926901907e-06 2.9153998806e-41
3.6074214893e-01 3.7926901907e-06 6.3469633958e-49
4.0000000000e-01 3.7926901907e-06 1.4379308525e-60
2.0000000000e-02 6.9519279618e-06 2.1666934187e-30
2.2176504808e-02 6.9519279618e-06 3.9900564903e-30
2.4589868274e-02 6.9519279618e-06 7.2824217669e-30
2.7265866600e-02 6.9519279618e-06 1.3265105830e-29
3.0233081086e-02 6.9519279618e-06 2.4050087315e-29
3.3523203403e-02 6.9519279618e-06 4.2813189764e-29
3.7171374071e-02 6.9519279618e-06 7.4905370080e-29
4.1216557790e-02 6.9519279618e-06 1.2870985646e-28
4.5701959599e-02 6.9519279618e-06 2.1714302701e-28
5.0675486338e-02 6.9519279618e-06 3.6012841427e-28
5.6190258320e-02 6.9519279618e-06 5.9120148321e-28
6.2305176688e-02 6.9519279618e-06 9.5147659896e-28
6.9085552518e-02 6.9519279618e-06 1.4946464489e-27
7.6603804377e-02 6.9519279618e-06 2.2776338822e-27
8.4940231802e-02 6.9519279618e-06 3.3379683197e-27
9.4183872945e-02 6.9519279618e-06 4.6374168276e-27
1.0443345556e-01 6.9519279618e-06 6.0399733662e-27
1.1579845146e-01 6.9519279618e-06 7.1823869852e-27
1.2840024578e-01 6.9519279618e-06 7.5519781202e-27
1.4237343339e-01 6.9519279618e-06 6.6471760182e-27
1.5786725650e-01 6.9519279618e-06 4.5615793405e-27
1.7504719864e-01 6.9519279618e-06 2.1855110317e-27
1.9409675211e-01 6.9519279618e-06 6.1754262286e-28
2.1521937781e-01 6.9519279618e-06 7.9699679835e-29
2.3864067833e-01 6.9519279618e-06 3.1977351103e-30
2.6461080752e-01 6.9519279618e-06 2.2075576936e-32
2.9340714225e-01 6.9519279618e-06 1.0777426575e-35
3.2533724503e-01 6.9519279618e-06 9.7952138308e-41
3.6074214893e-01 6.9519279618e-06 2.1324643680e-48
4.0000000000e-01 6.9519279618e-06 4.8311863725e-60
2.0000000000e-02 1.2742749857e-05 7.2796961691e-30
2.2176504808e-02 1.2742749857e-05 1.3405864759e-29
2.4589868274e-02 1.2742749857e-05 2.4467613821e-29
2.7265866600e-02 1.2742749857e-05 4.4568345136e-29
3.0233081086e-02 1.2742749857e-05 8.0803923147e-29
3.3523203403e-02 1.2742749857e-05 1.4384453786e-28
3.7171374071e-02 1.2742749857e-05 2.5166843213e-28
4.1216557790e-02 1.2742749857e-05 4.3244172936e-28
4.5701959599e-02 1.2742749857e-05 7.2956111290e-28
5.0675486338e-02 1.2742749857e-05 1.2099660317e-27
5.6190258320e-02 1.2742749857e-05 1.9863295542e-27
6.2305176688e-02 1.2742749857e-05 3.1967884762e-27
6.9085552518e-02 1.2742749857e-05 5.0217404707e-27
7.6603804377e-02 1.2742749857e-05 7.6524359667e-27
8.4940231802e-02 1.2742749857e-05 1.1214967000e-26
9.4183872945e-02 1.2742749857e-05 1.5580877858e-26
1.0443345556e-01 1.2742749857e-05 2.0293212964e-26
1.1579845146e-01 1.2742749857e-05 2.4131515132e-26
1.2840024578e-01 1.2742749857e-05 2.5373274186e-26
1.4237343339e-01 1.2742749857e-05 2.2333303538e-26
1.5786725650e-01 1.2742749857e-05 1.5326077682e-26
1.7504719864e-01 1.2742749857e-05 7.3429199292e-27
1.9409675211e-01 1.2742749857e-05 2.0748309969e-27
2.1521937781e-01 1.2742749857e-05 2.6777644172e-28
2.3864067833e-01 1.2742749857e-05 1.0743808898e-29
2.6461080752e-01 1.2742749857e-05 7.4169927071e-32
2.9340714225e-01 1.2742749857e-05 3.6210194887e-35
3.2533724503e-01 1.2742749857e-05 3.2910138547e-40
3.6074214893e-01 1.2742749857e-05 7.1646927784e-48
4.0000000000e-01 1.2742749857e-05 1.6231908319e-59
2.0000000000e-02 2.3357214691e-05 2.4458456307e-29
2.2176504808e-02 2.3357214691e-05 4.5041269562e-29
2.4589868274e-02 2.3357214691e-05 8.2206736337e-29
2.7265866600e-02 2.3357214691e-05 1.4974154098e-28
3.0233081086e-02 2.3357214691e-05 2.7148649859e-28
3.3523203403e-02 2.3357214691e-05 4.8329150869e-28
3.7171374071e-02 2.3357214691e-05 8.4556020037e-28
4.1216557790e-02 2.3357214691e-05 1.4529256301e-27
4.5701959599e-02 2.3357214691e-05 2.4511927681e-27
5.0675486338e-02 2.3357214691e-05 4.0652659990e-27
5.6190258320e-02 2.3357214691e-05 6.6737063587e-27
6.2305176688e-02 2.3357214691e-05 1.0740628380e-26
6.9085552518e-02 2.3357214691e-05 1.6872135462e-26
7.6603804377e-02 2.3357214691e-05 2.5710794296e-26
8.4940231802e-02 2.3357214691e-05 3.7680251205e-26
9.4183872945e-02 2.3357214691e-05 5.2348918345e-26
1.0443345556e-01 2.3357214691e-05 6.8181508005e-26
1.1579845146e-01 2.3357214691e-05 8.1077505816e-26
1.2840024578e-01 2.3357214691e-05 8.5249590593e-26
1.4237343339e-01 2.3357214691e-05 7.5035841620e-26
1.5786725650e-01 2.3357214691e-05 5.1492836054e-26
1.7504719864e-01 2.3357214691e-05 2.4670876653e-26
1.9409675211e-01 2.3357214691e-05 6.9710551242e-27
2.1521937781e-01 2.3357214691e-05 8.9968018553e-28
2.3864067833e-01 2.3357214691e-05 3.6097245601e-29
2.6461080752e-01 2.3357214691e-05 2.4919747726e-31
2.9340714225e-01 2.3357214691e-05 1.2165967493e-34
3.2533724503e-01 2.3357214691e-05 1.1057208529e-39
3.6074214893e-01 2.3357214691e-05 2.4072065812e-47
4.0000000000e-01 2.3357214691e-05 5.4536262391e-59
2.0000000000e-02 4.2813323987e-05 8.2175968756e-29
2.2176504808e-02 4.2813323987e-05 1.5133048111e-28
2.4589868274e-02 4.2813323987e-05 2.7619969600e-28
2.7265866600e-02 4.2813323987e-05 5.0310436760e-28
3.0233081086e-02 4.2813323987e-05 9.1214530245e-28
3.3523203403e-02 4.2813323987e-05 1.6237716485e-27
3.7171374071e-02 4.2813323987e-05 2.8409286233e-27
4.1216557790e-02 4.2813323987e-05 4.8815661005e-27
4.5701959599e-02 4.2813323987e-05 8.2355622854e-27
5.0675486338e-02 4.2813323987e-05 1.3658555042e-26
5.6190258320e-02 4.2813323987e-05 2.2422440661e-26
6.2305176688e-02 4.2813323987e-05 3.6086559636e-26
6.9085552518e-02 4.2813323987e-05 5.6687309255e-26
7.6603804377e-02 4.2813323987e-05 8.6383596829e-26
8.4940231802e-02 4.2813323987e-05 1.2659879703e-25
9.4183872945e-02 4.2813323987e-05 1.7588285312e-25
1.0443345556e-01 4.2813323987e-05 2.2907747738e-25
1.1579845146e-01 4.2813323987e-05 2.7240568665e-25
1.2840024578e-01 4.2813323987e-05 2.8642313337e-25
1.4237343339e-01 4.2813323987e-05 2.5210679280e-25
1.5786725650e-01 4.2813323987e-05 1.7300657219e-25
1.7504719864e-01 4.2813323987e-05 8.2889662517e-26
1.9409675211e-01 4.2813323987e-05 2.3421478481e-26
2.1521937781e-01 4.2813323987e-05 3.0227619392e-27
2.3864067833e-01 4.2813323987e-05 1.2128018585e-28
2.6461080752e-01 4.2813323987e-05 8.3725824101e-31
2.9340714225e-01 4.2813323987e-05 4.0875440053e-34
3.2533724503e-01 4.2813323987e-05 3.7150211412e-39
3.6074214893e-01 4.2813323987e-05 8.0877766905e-47
4.0000000000e-01 4.2813323987e-05 1.8323193165e-58
2.0000000000e-02 7.8475997035e-05 2.7609632252e-28
2.2176504808e-02 7.8475997035e-05 5.0844291771e-28
2.4589868274e-02 7.8475997035e-05 9.2798078929e-28
2.7265866600e-02 7.8475997035e-05 1.6903392542e-27
3.0233081086e-02 7.8475997035e-05 3.0646424669e-27
3.3523203403e-02 7.8475997035e-05 5.4555776774e-27
3.7171374071e-02 7.8475997035e-05 9.5450039387e-27
4.1216557790e-02 7.8475997035e-05 1.6401175050e-26
4.5701959599e-02 7.8475997035e-05 2.7669992764e-26
5.0675486338e-02 7.8475997035e-05 4.5890262994e-26
5.6190258320e-02 7.8475997035e-05 7.5335326157e-26
6.2305176688e-02 7.8475997035e-05 1.2124428295e-25
6.9085552518e-02 7.8475997035e-05 1.9045905823e-25
7.6603804377e-02 7.8475997035e-05 2.9023318826e-25
8.4940231802e-02 7.8475997035e-05 4.2534895329e-25
9.4183872945e-02 7.8475997035e-05 5.9093442616e-25
1.0443345556e-01 7.8475997035e-05 7.6965869748e-25
1.1579845146e-01 7.8475997035e-05 9.1523360728e-25
1.2840024578e-01 7.8475997035e-05 9.6232968112e-25
1.4237343339e-01 7.8475997035e-05 8.4703301255e-25
1.5786725650e-01 7.8475997035e-05 5.8127064488e-25
1.7504719864e-01 7.8475997035e-05 2.7849420387e-25
1.9409675211e-01 7.8475997035e-05 7.8691911692e-26
2.1521937781e-01 7.8475997035e-05 1.0155930838e-26
2.3864067833e-01 7.8475997035e-05 4.0747938620e-28
2.6461080752e-01 7.8475997035e-05 2.8130355485e-30
2.9340714225e-01 7.8475997035e-05 1.3733405095e-33
3.2533724503e-01 7.8475997035e-05 1.2481795964e-38
3.6074214893e-01 7.8475997035e-05 2.7173460020e-46
4.0000000000e-01 7.8475997035e-05 6.1562599458e-58
2.0000000000e-02 1.4384498883e-04 9.2763347318e-28
2.2176504808e-02 1.4384498883e-04 1.7082758125e-27
2.4589868274e-02 1.4384498883e-04 3.1178468252e-27
2.7265866600e-02 1.4384498883e-04 5.6792327361e-27
3.0233081086e-02 1.4384498883e-04 1.0296641801e-26
3.3523203403e-02 1.4384498883e-04 1.8329749643e-26
3.7171374071e-02 1.4384498883e-04 3.2069478776e-26
4.1216557790e-02 1.4384498883e-04 5.5104967850e-26
4.5701959599e-02 1.4384498883e-04 9.2966147670e-26
5.0675486338e-02 1.4384498883e-04 1.5418294477e-25
5.6190258320e-02 1.4384498883e-04 2.5311300643e-25
6.2305176688e-02 1.4384498883e-04 4.0735875897e-25
6.9085552518e-02 1.4384498883e-04 6.3990782665e-25
7.6603804377e-02 1.4384498883e-04 9.7513077321e-25
8.4940231802e-02 1.4384498883e-04 1.4290951913e-24
9.4183872945e-02 1.4384498883e-04 1.9854322910e-24
1.0443345556e-01 1.4384498883e-04 2.5859133660e-24
1.1579845146e-01 1.4384498883e-04 3.0750186100e-24
1.2840024578e-01 1.4384498883e-04 3.2332528601e-24
1.4237343339e-01 1.4384498883e-04 2.8458770047e-24
1.5786725650e-01 1.4384498883e-04 1.9529637420e-24
1.7504719864e-01 1.4384498883e-04 9.3568991878e-25
1.9409675211e-01 1.4384498883e-04 2.6439052388e-25
2.1521937781e-01 1.4384498883e-04 3.4122082145e-26
2.3864067833e-01 1.4384498883e-04 1.3690566930e-27
2.6461080752e-01 1.4384498883e-04 9.4512882758e-30
2.9340714225e-01 1.4384498883e-04 4.6141745571e-33
3.2533724503e-01 1.4384498883e-04 4.1936566326e-38
3.6074214893e-01 1.4384498883e-04 9.1297887877e-46
4.0000000000e-01 1.4384498883e-04 2.0683914741e-57
2.0000000000e-02 2.6366508987e-04 3.1166799061e-27
2.2176504808e-02 2.6366508987e-04 5.7394963127e-27
2.4589868274e-02 2.6366508987e-04 1.0475398777e-26
2.7265866600e-02 2.6366508987e-04 1.9081189999e-26
3.0233081086e-02 2.6366508987e-04 3.4594845411e-26
3.3523203403e-02 2.6366508987e-04 6.1584628033e-26
3.7171374071e-02 2.6366508987e-04 1.0774762122e-25
4.1216557790e-02 2.6366508987e-04 1.8514267865e-25
4.5701959599e-02 2.6366508987e-04 3.1234936295e-25
5.0675486338e-02 2.6366508987e-04 5.1802667727e-25
5.6190258320e-02 2.6366508987e-04 8.5041370749e-25
6.2305176688e-02 2.6366508987e-04 1.3686514075e-24
6.9085552518e-02 2.6366508987e-04 2.1499740175e-24
7.6603804377e-02 2.6366508987e-04 3.2762622033e-24
8.4940231802e-02 2.6366508987e-04 4.8015001566e-24
9.4183872945e-02 2.6366508987e-04 6.6706917175e-24
1.0443345556e-01 2.6366508987e-04 8.6881990138e-24
1.1579845146e-01 2.6366508987e-04 1.0331503756e-23
1.2840024578e-01 2.6366508987e-04 1.0863142083e-23
1.4237343339e-01 2.6366508987e-04 9.5616296008e-24
1.5786725650e-01 2.6366508987e-04 6.5616032927e-24
1.7504719864e-01 2.6366508987e-04 3.1437480994e-24
1.9409675211e-01 2.6366508987e-04 8.8830411687e-25
2.1521937781e-01 2.6366508987e-04 1.1464399556e-25
2.3864067833e-01 2.6366508987e-04 4.5997817122e-27
2.6461080752e-01 2.6366508987e-04 3.1754611178e-29
2.9340714225e-01 2.6366508987e-04 1.5502788053e-32
3.2533724503e-01 2.6366508987e-04 1.4089924241e-37
3.6074214893e-01 2.6366508987e-04 3.0674431319e-45
4.0000000000e-01 2.6366508987e-04 6.9494194979e-57
2.0000000000e-02 4.8329302386e-04 1.0471478141e-26
2.2176504808e-02 4.8329302386e-04 1.9283664666e-26
2.4589868274e-02 4.8329302386e-04 3.5195436367e-26
2.7265866600e-02 4.8329302386e-04 6.4109331083e-26
3.0233081086e-02 4.8329302386e-04 1.1623239422e-25
3.3523203403e-02 4.8329302386e-04 2.0691315942e-25
3.7171374071e-02 4.8329302386e-04 3.6201242809e-25
4.1216557790e-02 4.8329302386e-04 6.2204575729e-25
4.5701959599e-02 4.8329302386e-04 1.0494371013e-24
5.0675486338e-02 4.8329302386e-04 1.7404755031e-24
5.6190258320e-02 4.8329302386e-04 2.8572355253e-24
6.2305176688e-02 4.8329302386e-04 4.5984200264e-24
6.9085552518e-02 4.8329302386e-04 7.2235220190e-24
7.6603804377e-02 4.8329302386e-04 1.1007645661e-23
8.4940231802e-02 4.8329302386e-04 1.6132168028e-23
9.4183872945e-02 4.8329302386e-04 2.2412312015e-23
1.0443345556e-01 4.8329302386e-04 2.9190769921e-23
1.1579845146e-01 4.8329302386e-04 3.4711975246e-23
1.2840024578e-01 4.8329302386e-04 3.6498183418e-23
1.4237343339e-01 4.8329302386e-04 3.2125337979e-23
1.5786725650e-01 4.8329302386e-04 2.2045794730e-23
1.7504719864e-01 4.8329302386e-04 1.0562422352e-23
1.9409675211e-01 4.8329302386e-04 2.9845404156e-24
2.1521937781e-01 4.8329302386e-04 3.8518299268e-25
2.3864067833e-01 4.8329302386e-04 1.5454430710e-26
2.6461080752e-01 4.8329302386e-04 1.0668972331e-28
2.9340714225e-01 4.8329302386e-04 5.2086550789e-32
3.2533724503e-01 4.8329302386e-04 4.7339585116e-37
3.6074214893e-01 4.8329302386e-04 1.0306051527e-44
4.0000000000e-01 4.8329302386e-04 2.3348786708e-56
2.0000000000e-02 8.8586679041e-04 3.5182263743e-26
2.2176504808e-02 8.8586679041e-04 6.4789609170e-26
2.4589868274e-02 8.8586679041e-04 1.1825027070e-25
2.7265866600e-02 8.8586679041e-04 2.1539570289e-25
3.0233081086e-02 8.8586679041e-04 3.9051972357e-25
3.3523203403e-02 8.8586679041e-04 6.9519061669e-25
3.7171374071e-02 8.8586679041e-04 1.2162959758e-24
4.1216557790e-02 8.8586679041e-04 2.0899607103e-24
4.5701959599e-02 8.8586679041e-04 3.5259179634e-24
5.0675486338e-02 8.8586679041e-04 5.8476814221e-24
5.6190258320e-02 8.8586679041e-04 9.5997921662e-24
6.2305176688e-02 8.8586679041e-04 1.5449855693e-23
6.9085552518e-02 8.8586679041e-04 2.4269721371e-23
7.6603804377e-02 8.8586679041e-04 3.6983689182e-23
8.4940231802e-02 8.8586679041e-04 5.4201153137e-23
9.4183872945e-02 8.8586679041e-04 7.5301295745e-23
1.0443345556e-01 8.8586679041e-04 9.8075682573e-23
1.1579845146e-01 8.8586679041e-04 1.1662592918e-22
1.2840024578e-01 8.8586679041e-04 1.2262726406e-22
1.4237343339e-01 8.8586679041e-04 1.0793529800e-22
1.5786725650e-01 8.8586679041e-04 7.4069864270e-23
1.7504719864e-01 8.8586679041e-04 3.5487819765e-23
1.9409675211e-01 8.8586679041e-04 1.0027513465e-23
2.1521937781e-01 8.8586679041e-04 1.2941448624e-24
2.3864067833e-01 8.8586679041e-04 5.1924078902e-26
2.6461080752e-01 8.8586679041e-04 3.5845808333e-28
2.9340714225e-01 8.8586679041e-04 1.7500134581e-31
3.2533724503e-01 8.8586679041e-04 1.5905240374e-36
3.6074214893e-01 8.8586679041e-04 3.4626460379e-44
4.0000000000e-01 8.8586679041e-04 7.8447680544e-56
2.0000000000e-02 1.6237767392e-03 1.1820601308e-25
2.2176504808e-02 1.6237767392e-03 2.1768131365e-25
2.4589868274e-02 1.6237767392e-03 3.9729942186e-25
2.7265866600e-02 1.6237767392e-03 7.2369042137e-25
3.0233081086e-02 1.6237767392e-03 1.3120753084e-24
3.3523203403e-02 1.6237767392e-03 2.3357141464e-24
3.7171374071e-02 1.6237767392e-03 4.0865334609e-24
4.1216557790e-02 1.6237767392e-03 7.0218882120e-24
4.5701959599e-02 1.6237767392e-03 1.1846443649e-23
5.0675486338e-02 1.6237767392e-03 1.9647146974e-23
5.6190258320e-02 1.6237767392e-03 3.2253557264e-23
6.2305176688e-02 1.6237767392e-03 5.1908707677e-23
6.9085552518e-02 1.6237767392e-03 8.1541853665e-23
7.6603804377e-02 1.6237767392e-03 1.2425847521e-22
8.4940231802e-02 1.6237767392e-03 1.8210602545e-22
9.4183872945e-02 1.6237767392e-03 2.5299867043e-22
1.0443345556e-01 1.6237767392e-03 3.2951647175e-22
1.1579845146e-01 1.6237767392e-03 3.9184192953e-22
1.2840024578e-01 1.6237767392e-03 4.1200532420e-22
1.4237343339e-01 1.6237767392e-03 3.6264298794e-22
1.5786725650e-01 1.6237767392e-03 2.4886128444e-22
1.7504719864e-01 1.6237767392e-03 1.1923262579e-22
1.9409675211e-01 1.6237767392e-03 3.3690623104e-23
2.1521937781e-01 1.6237767392e-03 4.3480915737e-24
2.3864067833e-01 1.6237767392e-03 1.7445546979e-25
2.6461080752e-01 1.6237767392e-03 1.2043540232e-27
2.9340714225e-01 1.6237767392e-03 5.8797272178e-31
3.2533724503e-01 1.6237767392e-03 5.3438717456e-36
3.6074214893e-01 1.6237767392e-03 1.1633861477e-43
4.0000000000e-01 1.6237767392e-03 2.6356995161e-55
2.0000000000e-02 2.9763514416e-03 3.9715072428e-25
2.2176504808e-02 2.9763514416e-03 7.3136965819e-25
2.4589868274e-02 2.9763514416e-03 1.3348538627e-24
2.7265866600e-02 2.9763514416e-03 2.4314683113e-24
3.0233081086e-02 2.9763514416e-03 4.4083346142e-24
3.3523203403e-02 2.9763514416e-03 7.8475751006e-24
3.7171374071e-02 2.9763514416e-03 1.3730009849e-23
4.1216557790e-02 2.9763514416e-03 2.3592268419e-23
4.5701959599e-02 2.9763514416e-03 3.9801898001e-23
5.0675486338e-02 2.9763514416e-03 6.6010843678e-23
5.6190258320e-02 2.9763514416e-03 1.0836609149e-22
6.2305176688e-02 2.9763514416e-03 1.7440382527e-22
6.9085552518e-02 2.9763514416e-03 2.7396581104e-22
7.6603804377e-02 2.9763514416e-03 4.1748589723e-22
8.4940231802e-02 2.9763514416e-03 6.1184315434e-22
9.4183872945e-02 2.9763514416e-03 8.5002955930e-22
1.0443345556e-01 2.9763514416e-03 1.1071154674e-21
1.1579845146e-01 2.9763514416e-03 1.3165176802e-21
1.2840024578e-01 2.9763514416e-03 1.3842630223e-21
1.4237343339e-01 2.9763514416e-03 1.2184145423e-21
1.5786725650e-01 2.9763514416e-03 8.3612869420e-22
1.7504719864e-01 2.9763514416e-03 4.0059995644e-22
1.9409675211e-01 2.9763514416e-03 1.1319437158e-22
2.1521937781e-01 2.9763514416e-03 1.4608797580e-23
2.3864067833e-01 2.9763514416e-03 5.8613867756e-25
2.6461080752e-01 2.9763514416e-03 4.0464106705e-27
2.9340714225e-01 2.9763514416e-03 1.9754815025e-30
3.2533724503e-01 2.9763514416e-03 1.7954438010e-35
3.6074214893e-01 2.9763514416e-03 3.9087660530e-43
4.0000000000e-01 2.9763514416e-03 8.8554714313e-55
2.0000000000e-02 5.4555947812e-03 1.3343542659e-24
2.2176504808e-02 5.4555947812e-03 2.4572691516e-24
2.4589868274e-02 5.4555947812e-03 4.4848664174e-24
2.7265866600e-02 5.4555947812e-03 8.1692916949e-24
3.0233081086e-02 5.4555947812e-03 1.4811203249e-23
3.3523203403e-02 5.4555947812e-03 2.6366426326e-23
3.7171374071e-02 5.4555947812e-03 4.6130338163e-23
4.1216557790e-02 5.4555947812e-03 7.9265734848e-23
4.5701959599e-02 5.4555947812e-03 1.3372714473e-22
5.0675486338e-02 5.4555947812e-03 2.2178443968e-22
5.6190258320e-02 5.4555947812e-03 3.6409037582e-22
6.2305176688e-02 5.4555947812e-03 5.8596516134e-22
6.9085552518e-02 5.4555947812e-03 9.2047534175e-22
7.6603804377e-02 5.4555947812e-03 1.4026767518e-21
8.4940231802e-02 5.4555947812e-03 2.0556818183e-21
9.4183872945e-02 5.4555947812e-03 2.8559448572e-21
1.0443345556e-01 5.4555947812e-03 3.7197067924e-21
1.1579845146e-01 5.4555947812e-03 4.4232601760e-21
1.2840024578e-01 5.4555947812e-03 4.6508722153e-21
1.4237343339e-01 5.4555947812e-03 4.0936514594e-21
1.5786725650e-01 5.4555947812e-03 2.8092404765e-21
1.7504719864e-01 5.4555947812e-03 1.3459430591e-21
1.9409675211e-01 5.4555947812e-03 3.8031251955e-22
2.1521937781e-01 5.4555947812e-03 4.9082905249e-23
2.3864067833e-01 5.4555947812e-03 1.9693194472e-24
2.6461080752e-01 5.4555947812e-03 1.3595204564e-26
2.9340714225e-01 5.4555947812e-03 6.6372588763e-30
3.2533724503e-01 5.4555947812e-03 6.0323649147e-35
3.6074214893e-01 5.4555947812e-03 1.3132743662e-42
4.0000000000e-01 5.4555947812e-03 2.9752774849e-54
2.0000000000e-02 1.0000000000e-02 4.4831878628e-24
2.2176504808e-02 1.0000000000e-02 8.2559778299e-24
2.4589868274e-02 1.0000000000e-02 1.5068336201e-23
2.7265866600e-02 1.0000000000e-02 2.7447335622e-23
3.0233081086e-02 1.0000000000e-02 4.9762951517e-23
3.3523203403e-02 1.0000000000e-02 8.8586401314e-23
3.7171374071e-02 1.0000000000e-02 1.5498955371e-22
4.1216557790e-02 1.0000000000e-02 2.6631846542e-22
4.5701959599e-02 1.0000000000e-02 4.4929890624e-22
5.0675486338e-02 1.0000000000e-02 7.4515541605e-22
5.6190258320e-02 1.0000000000e-02 1.2232775025e-21
6.2305176688e-02 1.0000000000e-02 1.9687364642e-21
6.9085552518e-02 1.0000000000e-02 3.0926298853e-21
7.6603804377e-02 1.0000000000e-02 4.7127390004e-21
8.4940231802e-02 1.0000000000e-02 6.9067173638e-21
9.4183872945e-02 1.0000000000e-02 9.5954557559e-21
1.0443345556e-01 1.0000000000e-02 1.2497538901e-20
1.1579845146e-01 1.0000000000e-02 1.4861350424e-20
1.2840024578e-01 1.0000000000e-02 1.5626085516e-20
1.4237343339e-01 1.0000000000e-02 1.3753925031e-20
1.5786725650e-01 1.0000000000e-02 9.4385375234e-21
1.7504719864e-01 1.0000000000e-02 4.5221241024e-21
1.9409675211e-01 1.0000000000e-02 1.2777809577e-21
2.1521937781e-01 1.0000000000e-02 1.6490964260e-22
2.3864067833e-01 1.0000000000e-02 6.6165554901e-24
2.6461080752e-01 1.0000000000e-02 4.5677416901e-26
2.9340714225e-01 1.0000000000e-02 2.2299983743e-29
3.2533724503e-01 1.0000000000e-02 2.0267649950e-34
3.6074214893e-01 1.0000000000e-02 4.4123632304e-42
4.0000000000e-01 1.0000000000e-02 9.9963917004e-54
