2.0000000000e-02 1.0000000000e-07 3.6216698470e-23
2.2176504808e-02 1.0000000000e-07 5.5218856173e-23
2.4589868274e-02 1.0000000000e-07 8.3963017671e-23
2.7265866600e-02 1.0000000000e-07 1.2748796365e-22
3.0233081086e-02 1.0000000000e-07 1.9268932876e-22
3.3523203403e-02 1.0000000000e-07 2.8989748715e-22
3.7171374071e-02 1.0000000000e-07 4.3355652339e-22
4.1216557790e-02 1.0000000000e-07 6.4702369648e-22
4.5701959599e-02 1.0000000000e-07 9.6103379763e-22
5.0675486338e-02 1.0000000000e-07 1.4150458764e-21
5.6190258320e-02 1.0000000000e-07 2.0970878595e-21
6.2305176688e-02 1.0000000000e-07 3.0530706261e-21
6.9085552518e-02 1.0000000000e-07 4.3343250081e-21
7.6603804377e-02 1.0000000000e-07 5.9445060950e-21
8.4940231802e-02 1.0000000000e-07 7.7821902468e-21
9.4183872945e-02 1.0000000000e-07 9.5684302018e-21
1.0443345556e-01 1.0000000000e-07 1.0796216132e-20
1.1579845146e-01 1.0000000000e-07 1.0817970326e-20
1.2840024578e-01 1.0000000000e-07 9.2063574553e-21
1.4237343339e-01 1.0000000000e-07 6.2726291758e-21
1.5786725650e-01 1.0000000000e-07 3.1780951523e-21
1.7504719864e-01 1.0000000000e-07 1.0936193252e-21
1.9409675211e-01 1.0000000000e-07 2.2543851217e-22
2.1521937781e-01 1.0000000000e-07 2.2255451744e-23
2.3864067833e-01 1.0000000000e-07 7.4673993473e-25
2.6461080752e-01 1.0000000000e-07 4.6791719380e-27
2.9340714225e-01 1.0000000000e-07 2.2267514176e-30
3.2533724503e-01 1.0000000000e-07 2.0663020379e-35
3.6074214893e-01 1.0000000000e-07 4.2270039114e-43
4.0000000000e-01 1.0000000000e-07 nan
2.0000000000e-02 1.8329807108e-07 1.2168152579e-22
2.2176504808e-02 1.8329807108e-07 1.8552532272e-22
2.4589868274e-02 1.8329807108e-07 2.8210048214e-22
2.7265866600e-02 1.8329807108e-07 4.2833639156e-22
3.0233081086e-02 1.8329807108e-07 6.4740113035e-22
3.3523203403e-02 1.8329807108e-07 9.7400287848e-22
3.7171374071e-02 1.8329807108e-07 1.4566711354e-21
4.1216557790e-02 1.8329807108e-07 2.1738820471e-21
4.5701959599e-02 1.8329807108e-07 3.2288989270e-21
5.0675486338e-02 1.8329807108e-07 4.7542970116e-21
5.6190258320e-02 1.8329807108e-07 7.0458341384e-21
6.2305176688e-02 1.8329807108e-07 1.0257762519e-20
6.9085552518e-02 1.8329807108e-07 1.4562544421e-20
7.6603804377e-02 1.8329807108e-07 1.9972460281e-20
8.4940231802e-02 1.8329807108e-07 2.6146745098e-20
9.4183872945e-02 1.8329807108e-07 3.2148186763e-20
1.0443345556e-01 1.8329807108e-07 3.6273324382e-20
1.1579845146e-01 1.8329807108e-07 3.6346414522e-20
1.2840024578e-01 1.8329807108e-07 3.0931688128e-20
1.4237343339e-01 1.8329807108e-07 2.1074894208e-20
1.5786725650e-01 1.8329807108e-07 1.0677822208e-20
1.7504719864e-01 1.8329807108e-07 3.6743622072e-21
1.9409675211e-01 1.8329807108e-07 7.5743243561e-22
2.1521937781e-01 1.8329807108e-07 7.4774273740e-23
2.3864067833e-01 1.8329807108e-07 2.5089104878e-24
2.6461080752e-01 1.8329807108e-07 1.5721167442e-26
2.9340714225e-01 1.8329807108e-07 7.4814801319e-30
3.2533724503e-01 1.8329807108e-07 6.9423993719e-35
3.6074214893e-01 1.8329807108e-07 1.4201965038e-42
4.0000000000e-01 1.8329807108e-07 nan
2.0000000000e-02 3.3598182863e-07 4.0882781545e-22
2.2176504808e-02 3.3598182863e-07 6.2333137183e-22
2.4589868274e-02 3.3598182863e-07 9.4780635847e-22
2.7265866600e-02 3.3598182863e-07 1.4391324410e-21
3.0233081086e-02 3.3598182863e-07 2.1751501563e-21
3.3523203403e-02 3.3598182863e-07 3.2724726820e-21
3.7171374071e-02 3.3598182863e-07 4.8941503179e-21
4.1216557790e-02 3.3598182863e-07 7.3038486540e-21
4.5701959599e-02 3.3598182863e-07 1.0848513660e-20
5.0675486338e-02 3.3598182863e-07 1.5973574038e-20
5.6190258320e-02 3.3598182863e-07 2.3672722380e-20
6.2305176688e-02 3.3598182863e-07 3.4464218087e-20
6.9085552518e-02 3.3598182863e-07 4.8927503040e-20
7.6603804377e-02 3.3598182863e-07 6.7103837274e-20
8.4940231802e-02 3.3598182863e-07 8.7848312309e-20
9.4183872945e-02 3.3598182863e-07 1.0801206576e-19
1.0443345556e-01 3.3598182863e-07 1.2187177856e-19
1.1579845146e-01 3.3598182863e-07 1.2211734815e-19
1.2840024578e-01 3.3598182863e-07 1.0392485140e-19
1.4237343339e-01 3.3598182863e-07 7.0807814942e-20
1.5786725650e-01 3.3598182863e-07 3.5875542313e-20
1.7504719864e-01 3.3598182863e-07 1.2345189334e-20
1.9409675211e-01 3.3598182863e-07 2.5448353478e-21
2.1521937781e-01 3.3598182863e-07 2.5122797226e-22
2.3864067833e-01 3.3598182863e-07 8.4294833356e-24
2.6461080752e-01 3.3598182863e-07 5.2820265853e-26
2.9340714225e-01 3.3598182863e-07 2.5136413756e-29
3.2533724503e-01 3.3598182863e-07 2.3325200360e-34
3.6074214893e-01 3.3598182863e-07 4.7716021835e-42
4.0000000000e-01 3.3598182863e-07 nan
2.0000000000e-02 6.1584821107e-07 1.3735871703e-21
2.2176504808e-02 6.1584821107e-07 2.0942801415e-21
2.4589868274e-02 6.1584821107e-07 3.1844571351e-21
2.7265866600e-02 6.1584821107e-07 4.8352234918e-21
3.0233081086e-02 6.1584821107e-07 7.3081092706e-21
3.3523203403e-02 6.1584821107e-07 1.0994913558e-20
3.7171374071e-02 6.1584821107e-07 1.6443455734e-20
4.1216557790e-02 6.1584821107e-07 2.4539604268e-20
4.5701959599e-02 6.1584821107e-07 3.6449034572e-20
5.0675486338e-02 6.1584821107e-07 5.3668306150e-20
5.6190258320e-02 6.1584821107e-07 7.9536045539e-20
6.2305176688e-02 6.1584821107e-07 1.1579351015e-19
6.9085552518e-02 6.1584821107e-07 1.6438751942e-19
7.6603804377e-02 6.1584821107e-07 2.2545669955e-19
8.4940231802e-02 6.1584821107e-07 2.9515436611e-19
9.4183872945e-02 6.1584821107e-07 3.6290091367e-19
1.0443345556e-01 6.1584821107e-07 4.0946703019e-19
1.1579845146e-01 6.1584821107e-07 4.1029209939e-19
1.2840024578e-01 6.1584821107e-07 3.4916861613e-19
1.4237343339e-01 6.1584821107e-07 2.3790139145e-19
1.5786725650e-01 6.1584821107e-07 1.2053530309e-19
1.7504719864e-01 6.1584821107e-07 4.1477592872e-20
1.9409675211e-01 6.1584821107e-07 8.5501843371e-21
2.1521937781e-01 6.1584821107e-07 8.4408033521e-22
2.3864067833e-01 6.1584821107e-07 2.8321532255e-23
2.6461080752e-01 6.1584821107e-07 1.7746649510e-25
2.9340714225e-01 6.1584821107e-07 8.4453782588e-29
3.2533724503e-01 6.1584821107e-07 7.8368434702e-34
3.6074214893e-01 6.1584821107e-07 1.6031716271e-41
4.0000000000e-01 6.1584821107e-07 nan
2.0000000000e-02 1.1288378917e-06 4.6150032925e-21
2.2176504808e-02 1.1288378917e-06 7.0364007160e-21
2.4589868274e-02 1.1288378917e-06 1.0699197314e-20
2.7265866600e-02 1.1288378917e-06 1.6245472306e-20
3.0233081086e-02 1.1288378917e-06 2.4553919165e-20
3.3523203403e-02 1.1288378917e-06 3.6940911629e-20
3.7171374071e-02 1.1288378917e-06 5.5247023265e-20
4.1216557790e-02 1.1288378917e-06 8.2448611158e-20
4.5701959599e-02 1.1288378917e-06 1.2246213287e-19
5.0675486338e-02 1.1288378917e-06 1.8031575640e-19
5.6190258320e-02 1.1288378917e-06 2.6722666022e-19
6.2305176688e-02 1.1288378917e-06 3.8904515284e-19
6.9085552518e-02 1.1288378917e-06 5.5231219377e-19
7.6603804377e-02 1.1288378917e-06 7.5749354192e-19
8.4940231802e-02 1.1288378917e-06 9.9166503655e-19
9.4183872945e-02 1.1288378917e-06 1.2192811259e-18
1.0443345556e-01 1.1288378917e-06 1.3757348157e-18
1.1579845146e-01 1.1288378917e-06 1.3785068983e-18
1.2840024578e-01 1.1288378917e-06 1.1731431015e-18
1.4237343339e-01 1.1288378917e-06 7.9930544534e-19
1.5786725650e-01 1.1288378917e-06 4.0497671547e-19
1.7504719864e-01 1.1288378917e-06 1.3935717500e-19
1.9409675211e-01 1.1288378917e-06 2.8727065687e-20
2.1521937781e-01 1.1288378917e-06 2.8359565453e-21
2.3864067833e-01 1.1288378917e-06 9.5155201966e-23
2.6461080752e-01 1.1288378917e-06 5.9625517544e-25
2.9340714225e-01 1.1288378917e-06 2.8374936308e-28
3.2533724503e-01 1.1288378917e-06 2.6330369998e-33
3.6074214893e-01 1.1288378917e-06 5.3863653486e-41
4.0000000000e-01 1.1288378917e-06 nan
2.0000000000e-02 2.0691380811e-06 1.5505572453e-20
2.2176504808e-02 2.0691380811e-06 2.3641027795e-20
2.4589868274e-02 2.0691380811e-06 3.5947358785e-20
2.7265866600e-02 2.0691380811e-06 5.4581834923e-20
3.0233081086e-02 2.0691380811e-06 8.2496706612e-20
3.3523203403e-02 2.0691380811e-06 1.2411475040e-19
3.7171374071e-02 2.0691380811e-06 1.8561995903e-19
4.1216557790e-02 2.0691380811e-06 2.7701235145e-19
4.5701959599e-02 2.0691380811e-06 4.1145051341e-19
5.0675486338e-02 2.0691380811e-06 6.0582817564e-19
5.6190258320e-02 2.0691380811e-06 8.9783301959e-19
6.2305176688e-02 2.0691380811e-06 1.3071210187e-18
6.9085552518e-02 2.0691380811e-06 1.8556686084e-18
7.6603804377e-02 2.0691380811e-06 2.5450406539e-18
8.4940231802e-02 2.0691380811e-06 3.3318143237e-18
9.4183872945e-02 2.0691380811e-06 4.0965630228e-18
1.0443345556e-01 2.0691380811e-06 4.6222189908e-18
1.1579845146e-01 2.0691380811e-06 4.6315326845e-18
1.2840024578e-01 2.0691380811e-06 3.9415476448e-18
1.4237343339e-01 2.0691380811e-06 2.6855210516e-18
1.5786725650e-01 2.0691380811e-06 1.3606481742e-18
1.7504719864e-01 2.0691380811e-06 4.6821478490e-19
1.9409675211e-01 2.0691380811e-06 9.6517720606e-20
2.1521937781e-01 2.0691380811e-06 9.5282986601e-21
2.3864067833e-01 2.0691380811e-06 3.1970418760e-22
2.6461080752e-01 2.0691380811e-06 2.0033090417e-24
2.9340714225e-01 2.0691380811e-06 9.5334629879e-28
3.2533724503e-01 2.0691380811e-06 8.8465258601e-33
3.6074214893e-01 2.0691380811e-06 1.8097208794e-40
4.0000000000e-01 2.0691380811e-06 nan
2.0000000000e-02 3.7926901907e-06 5.2095905868e-20
2.2176504808e-02 3.7926901907e-06 7.9429557493e-20
2.4589868274e-02 3.7926901907e-06 1.2077659339e-19
2.7265866600e-02 3.7926901907e-06 1.8338504707e-19
3.0233081086e-02 3.7926901907e-06 2.7717394343e-19
3.3523203403e-02 3.7926901907e-06 4.1700300801e-19
3.7171374071e-02 3.7926901907e-06 6.2364933264e-19
4.1216557790e-02 3.7926901907e-06 9.3071116392e-19
4.5701959599e-02 3.7926901907e-06 1.3823989588e-18
5.0675486338e-02 3.7926901907e-06 2.0354725829e-18
5.6190258320e-02 3.7926901907e-06 3.0165557973e-18
6.2305176688e-02 3.7926901907e-06 4.3916891010e-18
6.9085552518e-02 3.7926901907e-06 6.2347093237e-18
7.6603804377e-02 3.7926901907e-06 8.5508741282e-18
8.4940231802e-02 3.7926901907e-06 1.1194290691e-17
9.4183872945e-02 3.7926901907e-06 1.3763707355e-17
1.0443345556e-01 3.7926901907e-06 1.5529815888e-17
1.1579845146e-01 3.7926901907e-06 1.5561108207e-17
1.2840024578e-01 3.7926901907e-06 1.3242883853e-17
1.4237343339e-01 3.7926901907e-06 9.0228627373e-18
1.5786725650e-01 3.7926901907e-06 4.5715306168e-18
1.7504719864e-01 3.7926901907e-06 1.5731165962e-18
1.9409675211e-01 3.7926901907e-06 3.2428200264e-19
2.1521937781e-01 3.7926901907e-06 3.2013352075e-20
2.3864067833e-01 3.7926901907e-06 1.0741479757e-21
2.6461080752e-01 3.7926901907e-06 6.7307543513e-24
2.9340714225e-01 3.7926901907e-06 3.2030703277e-27
3.2533724503e-01 3.7926901907e-06 2.9722719352e-32
3.6074214893e-01 3.7926901907e-06 6.0803333028e-40
4.0000000000e-01 3.7926901907e-06 nan
2.0000000000e-02 6.9519279618e-06 1.7503277718e-19
2.2176504808e-02 6.9519279618e-06 2.6686887974e-19
2.4589868274e-02 6.9519279618e-06 4.0578740702e-19
2.7265866600e-02 6.9519279618e-06 6.1614043459e-19
3.0233081086e-02 6.9519279618e-06 9.3125408363e-19
3.3523203403e-02 6.9519279618e-06 1.4010543317e-18
3.7171374071e-02 6.9519279618e-06 2.0953484320e-18
4.1216557790e-02 6.9519279618e-06 3.1270203878e-18
4.5701959599e-02 6.9519279618e-06 4.6446093009e-18
5.0675486338e-02 6.9519279618e-06 6.8388180052e-18
5.6190258320e-02 6.9519279618e-06 1.0135079329e-17
6.2305176688e-02 6.9519279618e-06 1.4755277349e-17
6.9085552518e-02 6.9519279618e-06 2.0947490395e-17
7.6603804377e-02 6.9519279618e-06 2.8729383260e-17
8.4940231802e-02 6.9519279618e-06 3.7610782566e-17
9.4183872945e-02 6.9519279618e-06 4.6243555658e-17
1.0443345556e-01 6.9519279618e-06 5.2177359405e-17
1.1579845146e-01 6.9519279618e-06 5.2282495909e-17
1.2840024578e-01 6.9519279618e-06 4.4493683333e-17
1.4237343339e-01 6.9519279618e-06 3.0315179219e-17
1.5786725650e-01 6.9519279618e-06 1.5359512162e-17
1.7504719864e-01 6.9519279618e-06 5.2853859064e-18
1.9409675211e-01 6.9519279618e-06 1.0895286024e-18
2.1521937781e-01 6.9519279618e-06 1.0755904570e-19
2.3864067833e-01 6.9519279618e-06 3.6089420107e-21
2.6461080752e-01 6.9519279618e-06 2.2614111548e-23
2.9340714225e-01 6.9519279618e-06 1.0761734258e-26
3.2533724503e-01 6.9519279618e-06 9.9862935971e-32
3.6074214893e-01 6.9519279618e-06 2.0428815007e-39
4.0000000000e-01 6.9519279618e-06 nan
2.0000000000e-02 1.2742749857e-05 5.8807832546e-19
2.2176504808e-02 1.2742749857e-05 8.9663094218e-19
2.4589868274e-02 1.2742749857e-05 1.3633719505e-18
2.7265866600e-02 1.2742749857e-05 2.0701198990e-18
3.0233081086e-02 1.2742749857e-05 3.1288444993e-18
3.3523203403e-02 1.2742749857e-05 4.7072879638e-18
3.7171374071e-02 1.2742749857e-05 7.0399899781e-18
4.1216557790e-02 1.2742749857e-05 1.0506220280e-17
4.5701959599e-02 1.2742749857e-05 1.5605043262e-17
5.0675486338e-02 1.2742749857e-05 2.2977185790e-17
5.6190258320e-02 1.2742749857e-05 3.4052024863e-17
6.2305176688e-02 1.2742749857e-05 4.9575050657e-17
6.9085552518e-02 1.2742749857e-05 7.0379761282e-17
7.6603804377e-02 1.2742749857e-05 9.6525507230e-17
8.4940231802e-02 1.2742749857e-05 1.2636539503e-16
9.4183872945e-02 1.2742749857e-05 1.5536994392e-16
1.0443345556e-01 1.2742749857e-05 1.7530644626e-16
1.1579845146e-01 1.2742749857e-05 1.7565968581e-16
1.2840024578e-01 1.2742749857e-05 1.4949069088e-16
1.4237343339e-01 1.2742749857e-05 1.0185349349e-16
1.5786725650e-01 1.2742749857e-05 5.1605169831e-17
1.7504719864e-01 1.2742749857e-05 1.7757936218e-17
1.9409675211e-01 1.2742749857e-05 3.6606181215e-18
2.1521937781e-01 1.2742749857e-05 3.6137884858e-19
2.3864067833e-01 1.2742749857e-05 1.2125389360e-20
2.6461080752e-01 1.2742749857e-05 7.5979305487e-23
2.9340714225e-01 1.2742749857e-05 3.6157471533e-26
3.2533724503e-01 1.2742749857e-05 3.3552131809e-31
3.6074214893e-01 1.2742749857e-05 6.8637106109e-39
4.0000000000e-01 1.2742749857e-05 nan
2.0000000000e-02 2.3357214691e-05 1.9758363116e-18
2.2176504808e-02 2.3357214691e-05 3.0125170356e-18
2.4589868274e-02 2.3357214691e-05 4.5806820102e-18
2.7265866600e-02 2.3357214691e-05 6.9552266916e-18
3.0233081086e-02 2.3357214691e-05 1.0512348964e-17
3.3523203403e-02 2.3357214691e-05 1.5815632180e-17
3.7171374071e-02 2.3357214691e-05 2.3653087064e-17
4.1216557790e-02 2.3357214691e-05 3.5298991018e-17
4.5701959599e-02 2.3357214691e-05 5.2430109709e-17
5.0675486338e-02 2.3357214691e-05 7.7199168986e-17
5.6190258320e-02 2.3357214691e-05 1.1440861582e-16
6.2305176688e-02 2.3357214691e-05 1.6656316174e-16
6.9085552518e-02 2.3357214691e-05 2.3646320894e-16
7.6603804377e-02 2.3357214691e-05 3.2430816428e-16
8.4940231802e-02 2.3357214691e-05 4.2456476497e-16
9.4183872945e-02 2.3357214691e-05 5.2201477873e-16
1.0443345556e-01 2.3357214691e-05 5.8899780384e-16
1.1579845146e-01 2.3357214691e-05 5.9018462453e-16
1.2840024578e-01 2.3357214691e-05 5.0226155686e-16
1.4237343339e-01 2.3357214691e-05 3.4220922995e-16
1.5786725650e-01 2.3357214691e-05 1.7338399326e-16
1.7504719864e-01 2.3357214691e-05 5.9663438826e-17
1.9409675211e-01 2.3357214691e-05 1.2299011702e-17
2.1521937781e-01 2.3357214691e-05 1.2141672634e-18
2.3864067833e-01 2.3357214691e-05 4.0739104879e-20
2.6461080752e-01 2.3357214691e-05 2.5527665972e-22
2.9340714225e-01 2.3357214691e-05 1.2148253384e-25
3.2533724503e-01 2.3357214691e-05 1.1272906564e-30
3.6074214893e-01 2.3357214691e-05 2.3060820289e-38
4.0000000000e-01 2.3357214691e-05 nan
2.0000000000e-02 4.2813323987e-05 6.6384509706e-18
2.2176504808e-02 4.2813323987e-05 1.0121509824e-17
2.4589868274e-02 4.2813323987e-05 1.5390259181e-17
2.7265866600e-02 4.2813323987e-05 2.3368297824e-17
3.0233081086e-02 4.2813323987e-05 3.5319582281e-17
3.3523203403e-02 4.2813323987e-05 5.3137650207e-17
3.7171374071e-02 4.2813323987e-05 7.9470074444e-17
4.1216557790e-02 4.2813323987e-05 1.1859819551e-16
4.5701959599e-02 4.2813323987e-05 1.7615564135e-16
5.0675486338e-02 4.2813323987e-05 2.5937517965e-16
5.6190258320e-02 4.2813323987e-05 3.8439215955e-16
6.2305176688e-02 4.2813323987e-05 5.5962195664e-16
6.9085552518e-02 4.2813323987e-05 7.9447341344e-16
7.6603804377e-02 4.2813323987e-05 1.0896165008e-15
8.4940231802e-02 4.2813323987e-05 1.4264604611e-15
9.4183872945e-02 4.2813323987e-05 1.7538747993e-15
1.0443345556e-01 4.2813323987e-05 1.9789255919e-15
1.1579845146e-01 4.2813323987e-05 1.9829130938e-15
1.2840024578e-01 4.2813323987e-05 1.6875075632e-15
1.4237343339e-01 4.2813323987e-05 1.1497608284e-15
1.5786725650e-01 4.2813323987e-05 5.8253871099e-16
1.7504719864e-01 4.2813323987e-05 2.0045831273e-16
1.9409675211e-01 4.2813323987e-05 4.1322444397e-17
2.1521937781e-01 4.2813323987e-05 4.0793813704e-18
2.3864067833e-01 4.2813323987e-05 1.3687598931e-19
2.6461080752e-01 4.2813323987e-05 8.5768318676e-22
2.9340714225e-01 4.2813323987e-05 4.0815923634e-25
3.2533724503e-01 4.2813323987e-05 3.7874917218e-30
3.6074214893e-01 4.2813323987e-05 7.7480164196e-38
4.0000000000e-01 4.2813323987e-05 nan
2.0000000000e-02 7.8475997035e-05 2.2303988964e-17
2.2176504808e-02 7.8475997035e-05 3.4006433791e-17
2.4589868274e-02 7.8475997035e-05 5.1708474229e-17
2.7265866600e-02 7.8475997035e-05 7.8513234348e-17
3.0233081086e-02 7.8475997035e-05 1.1866737841e-16
3.3523203403e-02 7.8475997035e-05 1.7853284886e-16
3.7171374071e-02 7.8475997035e-05 2.6700500933e-16
4.1216557790e-02 7.8475997035e-05 3.9846838600e-16
4.5701959599e-02 7.8475997035e-05 5.9185094506e-16
5.0675486338e-02 7.8475997035e-05 8.7145347160e-16
5.6190258320e-02 7.8475997035e-05 1.2914878068e-15
6.2305176688e-02 7.8475997035e-05 1.8802280834e-15
6.9085552518e-02 7.8475997035e-05 2.6692863025e-15
7.6603804377e-02 7.8475997035e-05 3.6609134444e-15
8.4940231802e-02 7.8475997035e-05 4.7926479418e-15
9.4183872945e-02 7.8475997035e-05 5.8927006226e-15
1.0443345556e-01 7.8475997035e-05 6.6488303909e-15
1.1579845146e-01 7.8475997035e-05 6.6622276722e-15
1.2840024578e-01 7.8475997035e-05 5.6697187681e-15
1.4237343339e-01 7.8475997035e-05 3.8629874550e-15
1.5786725650e-01 7.8475997035e-05 1.9572242125e-15
1.7504719864e-01 7.8475997035e-05 6.7350350406e-16
1.9409675211e-01 7.8475997035e-05 1.3883590407e-16
2.1521937781e-01 7.8475997035e-05 1.3705980082e-17
2.3864067833e-01 7.8475997035e-05 4.5987844925e-19
2.6461080752e-01 7.8475997035e-05 2.8816596250e-21
2.9340714225e-01 7.8475997035e-05 1.3713408399e-24
3.2533724503e-01 7.8475997035e-05 1.2725283498e-29
3.6074214893e-01 7.8475997035e-05 2.6031925547e-37
4.0000000000e-01 7.8475997035e-05 nan
2.0000000000e-02 1.4384498883e-04 7.4937349978e-17
2.2176504808e-02 1.4384498883e-04 1.1425543811e-16
2.4589868274e-02 1.4384498883e-04 1.7373107727e-16
2.7265866600e-02 1.4384498883e-04 2.6379020048e-16
3.0233081086e-02 1.4384498883e-04 3.9870082798e-16
3.3523203403e-02 1.4384498883e-04 5.9983793031e-16
3.7171374071e-02 1.4384498883e-04 8.9708831292e-16
4.1216557790e-02 1.4384498883e-04 1.3387813699e-15
4.5701959599e-02 1.4384498883e-04 1.9885116281e-15
5.0675486338e-02 1.4384498883e-04 2.9279253097e-15
5.6190258320e-02 1.4384498883e-04 4.3391643501e-15
6.2305176688e-02 1.4384498883e-04 6.3172246976e-15
6.9085552518e-02 1.4384498883e-04 8.9683169315e-15
7.6603804377e-02 1.4384498883e-04 1.2300003936e-14
8.4940231802e-02 1.4384498883e-04 1.6102426196e-14
9.4183872945e-02 1.4384498883e-04 1.9798403309e-14
1.0443345556e-01 1.4384498883e-04 2.2338861929e-14
1.1579845146e-01 1.4384498883e-04 2.2383874356e-14
1.2840024578e-01 1.4384498883e-04 1.9049224786e-14
1.4237343339e-01 1.4384498883e-04 1.2978935878e-14
1.5786725650e-01 1.4384498883e-04 6.5759176871e-15
1.7504719864e-01 1.4384498883e-04 2.2628493811e-15
1.9409675211e-01 1.4384498883e-04 4.6646340650e-16
2.1521937781e-01 1.4384498883e-04 4.6049602026e-17
2.3864067833e-01 1.4384498883e-04 1.5451079940e-18
2.6461080752e-01 1.4384498883e-04 9.6818523679e-21
2.9340714225e-01 1.4384498883e-04 4.6074557367e-24
3.2533724503e-01 1.4384498883e-04 4.2754635141e-29
3.6074214893e-01 1.4384498883e-04 8.7462520274e-37
4.0000000000e-01 1.4384498883e-04 nan
2.0000000000e-02 2.6366508987e-04 2.5177587879e-16
2.2176504808e-02 2.6366508987e-04 3.8387751027e-16
2.4589868274e-02 2.6366508987e-04 5.8370485036e-16
2.7265866600e-02 2.6366508987e-04 8.8628713940e-16
3.0233081086e-02 2.6366508987e-04 1.3395623327e-15
3.3523203403e-02 2.6366508987e-04 2.0153464473e-15
3.7171374071e-02 2.6366508987e-04 3.0140537186e-15
4.1216557790e-02 2.6366508987e-04 4.4980621286e-15
4.5701959599e-02 2.6366508987e-04 6.6810377319e-15
5.0675486338e-02 2.6366508987e-04 9.8372969990e-15
5.6190258320e-02 2.6366508987e-04 1.4578803735e-14
6.2305176688e-02 2.6366508987e-04 2.1224727064e-14
6.9085552518e-02 2.6366508987e-04 3.0131915234e-14
7.6603804377e-02 2.6366508987e-04 4.1325778162e-14
8.4940231802e-02 2.6366508987e-04 5.4101226005e-14
9.4183872945e-02 2.6366508987e-04 6.6519037489e-14
1.0443345556e-01 2.6366508987e-04 7.5054516799e-14
1.1579845146e-01 2.6366508987e-04 7.5205750335e-14
1.2840024578e-01 2.6366508987e-04 6.4001933673e-14
1.4237343339e-01 2.6366508987e-04 4.3606865951e-14
1.5786725650e-01 2.6366508987e-04 2.2093888352e-14
1.7504719864e-01 2.6366508987e-04 7.6027626422e-15
1.9409675211e-01 2.6366508987e-04 1.5672322515e-15
2.1521937781e-01 2.6366508987e-04 1.5471828948e-16
2.3864067833e-01 2.6366508987e-04 5.1912817619e-18
2.6461080752e-01 2.6366508987e-04 3.2529260848e-20
2.9340714225e-01 2.6366508987e-04 1.5480210718e-23
3.2533724503e-01 2.6366508987e-04 1.4364774792e-28
3.6074214893e-01 2.6366508987e-04 2.9385795817e-36
4.0000000000e-01 2.6366508987e-04 nan
2.0000000000e-02 4.8329302386e-04 8.4592120174e-16
2.2176504808e-02 4.8329302386e-04 1.2897586789e-15
2.4589868274e-02 4.8329302386e-04 1.9611422305e-15
2.7265866600e-02 4.8329302386e-04 2.9777637387e-15
3.0233081086e-02 4.8329302386e-04 4.5006860226e-15
3.3523203403e-02 4.8329302386e-04 6.7711978495e-15
3.7171374071e-02 4.8329302386e-04 1.0126672804e-14
4.1216557790e-02 4.8329302386e-04 1.5112671401e-14
4.5701959599e-02 4.8329302386e-04 2.2447072758e-14
5.0675486338e-02 4.8329302386e-04 3.3051530373e-14
5.6190258320e-02 4.8329302386e-04 4.8982131428e-14
6.2305176688e-02 4.8329302386e-04 7.1311226190e-14
6.9085552518e-02 4.8329302386e-04 1.0123775992e-13
7.6603804377e-02 4.8329302386e-04 1.3884710533e-13
8.4940231802e-02 4.8329302386e-04 1.8177028864e-13
9.4183872945e-02 4.8329302386e-04 2.2349187869e-13
1.0443345556e-01 4.8329302386e-04 2.5216953795e-13
1.1579845146e-01 4.8329302386e-04 2.5267765469e-13
1.2840024578e-01 4.8329302386e-04 2.1503486595e-13
1.4237343339e-01 4.8329302386e-04 1.4651114396e-13
1.5786725650e-01 4.8329302386e-04 7.4231448499e-14
1.7504719864e-01 4.8329302386e-04 2.5543899965e-14
1.9409675211e-01 4.8329302386e-04 5.2656152221e-15
2.1521937781e-01 4.8329302386e-04 5.1982527638e-16
2.3864067833e-01 4.8329302386e-04 1.7441759662e-17
2.6461080752e-01 4.8329302386e-04 1.0929236274e-19
2.9340714225e-01 4.8329302386e-04 5.2010657579e-23
3.2533724503e-01 4.8329302386e-04 4.8262968620e-28
3.6074214893e-01 4.8329302386e-04 9.8730689392e-36
4.0000000000e-01 4.8329302386e-04 nan
2.0000000000e-02 8.8586679041e-04 2.8421415238e-15
2.2176504808e-02 8.8586679041e-04 4.3333547971e-15
2.4589868274e-02 8.8586679041e-04 6.5890815328e-15
2.7265866600e-02 8.8586679041e-04 1.0004745070e-14
3.0233081086e-02 8.8586679041e-04 1.5121487216e-14
3.3523203403e-02 8.8586679041e-04 2.2749994385e-14
3.7171374071e-02 8.8586679041e-04 3.4023780521e-14
4.1216557790e-02 8.8586679041e-04 5.0775829825e-14
4.5701959599e-02 8.8586679041e-04 7.5418085701e-14
5.0675486338e-02 8.8586679041e-04 1.1104713645e-13
5.6190258320e-02 8.8586679041e-04 1.6457106141e-13
6.2305176688e-02 8.8586679041e-04 2.3959276265e-13
6.9085552518e-02 8.8586679041e-04 3.4014047841e-13
7.6603804377e-02 8.8586679041e-04 4.6650104537e-13
8.4940231802e-02 8.8586679041e-04 6.1071514187e-13
9.4183872945e-02 8.8586679041e-04 7.5089210257e-13
1.0443345556e-01 8.8586679041e-04 8.4724382421e-13
1.1579845146e-01 8.8586679041e-04 8.4895099897e-13
1.2840024578e-01 8.8586679041e-04 7.2247806170e-13
1.4237343339e-01 8.8586679041e-04 4.9225080180e-13
1.5786725650e-01 8.8586679041e-04 2.4940416000e-13
1.7504719864e-01 8.8586679041e-04 8.5822851072e-14
1.9409675211e-01 8.8586679041e-04 1.7691506298e-14
2.1521937781e-01 8.8586679041e-04 1.7465177711e-15
2.3864067833e-01 8.8586679041e-04 5.8601100945e-17
2.6461080752e-01 8.8586679041e-04 3.6720199687e-19
2.9340714225e-01 8.8586679041e-04 1.7474593546e-22
3.2533724503e-01 8.8586679041e-04 1.6215407751e-27
3.6074214893e-01 8.8586679041e-04 3.3171441282e-35
4.0000000000e-01 8.8586679041e-04 nan
2.0000000000e-02 1.6237767392e-03 9.5490790798e-15
2.2176504808e-02 1.6237767392e-03 1.4559284718e-14
2.4589868274e-02 1.6237767392e-03 2.2138116679e-14
2.7265866600e-02 1.6237767392e-03 3.3614125540e-14
3.0233081086e-02 1.6237767392e-03 5.0805449452e-14
3.3523203403e-02 1.6237767392e-03 7.6435847487e-14
3.7171374071e-02 1.6237767392e-03 1.1431372058e-13
4.1216557790e-02 1.6237767392e-03 1.7059756264e-13
4.5701959599e-02 1.6237767392e-03 2.5339106541e-13
5.0675486338e-02 1.6237767392e-03 3.7309820321e-13
5.6190258320e-02 1.6237767392e-03 5.5292886758e-13
6.2305176688e-02 1.6237767392e-03 8.0498815516e-13
6.9085552518e-02 1.6237767392e-03 1.1428102145e-12
7.6603804377e-02 1.6237767392e-03 1.5673587641e-12
8.4940231802e-02 1.6237767392e-03 2.0518919263e-12
9.4183872945e-02 1.6237767392e-03 2.5228610365e-12
1.0443345556e-01 1.6237767392e-03 2.8465852862e-12
1.1579845146e-01 1.6237767392e-03 2.8523210250e-12
1.2840024578e-01 1.6237767392e-03 2.4273948551e-12
1.4237343339e-01 1.6237767392e-03 1.6538730328e-12
1.5786725650e-01 1.6237767392e-03 8.3795245324e-13
1.7504719864e-01 1.6237767392e-03 2.8834905872e-13
1.9409675211e-01 1.6237767392e-03 5.9440201069e-14
2.1521937781e-01 1.6237767392e-03 5.8679744633e-15
2.3864067833e-01 1.6237767392e-03 1.9688857516e-16
2.6461080752e-01 1.6237767392e-03 1.2337265428e-18
2.9340714225e-01 1.6237767392e-03 5.8710981496e-22
3.2533724503e-01 1.6237767392e-03 5.4480002811e-27
3.6074214893e-01 1.6237767392e-03 1.1144689629e-34
4.0000000000e-01 1.6237767392e-03 nan
2.0000000000e-02 2.9763514416e-03 3.2083170690e-14
2.2176504808e-02 2.9763514416e-03 4.8916551368e-14
2.4589868274e-02 2.9763514416e-03 7.4380049868e-14
2.7265866600e-02 2.9763514416e-03 1.1293735482e-13
3.0233081086e-02 2.9763514416e-03 1.7069708023e-13
3.3523203403e-02 2.9763514416e-03 2.5681056195e-13
3.7171374071e-02 2.9763514416e-03 3.8407333568e-13
4.1216557790e-02 2.9763514416e-03 5.7317682294e-13
4.5701959599e-02 2.9763514416e-03 8.5134795729e-13
5.0675486338e-02 2.9763514416e-03 1.2535422056e-12
5.6190258320e-02 2.9763514416e-03 1.8577405887e-12
6.2305176688e-02 2.9763514416e-03 2.7046140361e-12
6.9085552518e-02 2.9763514416e-03 3.8396348290e-12
7.6603804377e-02 2.9763514416e-03 5.2660408767e-12
8.4940231802e-02 2.9763514416e-03 6.8939842966e-12
9.4183872945e-02 2.9763514416e-03 8.4763548612e-12
1.0443345556e-01 2.9763514416e-03 9.5640092150e-12
1.1579845146e-01 2.9763514416e-03 9.5832795989e-12
1.2840024578e-01 2.9763514416e-03 8.1556039515e-12
1.4237343339e-01 2.9763514416e-03 5.5567104602e-12
1.5786725650e-01 2.9763514416e-03 2.8153656706e-12
1.7504719864e-01 2.9763514416e-03 9.6879902147e-13
1.9409675211e-01 2.9763514416e-03 1.9970776309e-13
2.1521937781e-01 2.9763514416e-03 1.9715238939e-14
2.3864067833e-01 2.9763514416e-03 6.6150446885e-16
2.6461080752e-01 2.9763514416e-03 4.1450355785e-18
2.9340714225e-01 2.9763514416e-03 1.9725283975e-21
3.2533724503e-01 2.9763514416e-03 1.8303364595e-26
3.6074214893e-01 2.9763514416e-03 3.7440611703e-34
4.0000000000e-01 2.9763514416e-03 nan
2.0000000000e-02 5.4555947812e-03 1.0779362561e-13
2.2176504808e-02 5.4555947812e-03 1.6435072759e-13
2.4589868274e-02 5.4555947812e-03 2.4990345874e-13
2.7265866600e-02 5.4555947812e-03 3.7944900296e-13
3.0233081086e-02 5.4555947812e-03 5.7351119542e-13
3.3523203403e-02 5.4555947812e-03 8.6283686546e-13
3.7171374071e-02 5.4555947812e-03 1.2904166945e-12
4.1216557790e-02 5.4555947812e-03 1.9257701107e-12
4.5701959599e-02 5.4555947812e-03 2.8603746847e-12
5.0675486338e-02 5.4555947812e-03 4.2116744752e-12
5.6190258320e-02 5.4555947812e-03 6.2416715731e-12
6.2305176688e-02 5.4555947812e-03 9.0870129623e-12
6.9085552518e-02 5.4555947812e-03 1.2900477258e-11
7.6603804377e-02 5.4555947812e-03 1.7692943144e-11
8.4940231802e-02 5.4555947812e-03 2.3162537679e-11
9.4183872945e-02 5.4555947812e-03 2.8479014515e-11
1.0443345556e-01 5.4555947812e-03 3.2133332115e-11
1.1579845146e-01 5.4555947812e-03 3.2198069693e-11
1.2840024578e-01 5.4555947812e-03 2.7401328431e-11
1.4237343339e-01 5.4555947812e-03 1.8669510338e-11
1.5786725650e-01 5.4555947812e-03 9.4590910440e-12
1.7504719864e-01 5.4555947812e-03 3.2549726516e-12
1.9409675211e-01 5.4555947812e-03 6.7097602142e-13
2.1521937781e-01 5.4555947812e-03 6.6238616029e-14
2.3864067833e-01 5.4555947812e-03 2.2224742346e-15
2.6461080752e-01 5.4555947812e-03 1.3925873022e-17
2.9340714225e-01 5.4555947812e-03 6.6267286312e-21
3.2533724503e-01 5.4555947812e-03 6.1485522975e-26
3.6074214893e-01 5.4555947812e-03 1.2575392143e-33
4.0000000000e-01 5.4555947812e-03 nan
2.0000000000e-02 1.0000000000e-02 3.6216701752e-13
2.2176504808e-02 1.0000000000e-02 5.5218862291e-13
2.4589868274e-02 1.0000000000e-02 8.3963029020e-13
2.7265866600e-02 1.0000000000e-02 1.2748798460e-12
3.0233081086e-02 1.0000000000e-02 1.9268936711e-12
3.3523203403e-02 1.0000000000e-02 2.8989755675e-12
3.7171374071e-02 1.0000000000e-02 4.3355664883e-12
4.1216557790e-02 1.0000000000e-02 6.4702392105e-12
4.5701959599e-02 1.0000000000e-02 9.6103419917e-12
5.0675486338e-02 1.0000000000e-02 1.4150466000e-11
5.6190258320e-02 1.0000000000e-02 2.0970891003e-11
6.2305176688e-02 1.0000000000e-02 3.0530726614e-11
6.9085552518e-02 1.0000000000e-02 4.3343281369e-11
7.6603804377e-02 1.0000000000e-02 5.9445104504e-11
8.4940231802e-02 1.0000000000e-02 7.7821953482e-11
9.4183872945e-02 1.0000000000e-02 9.5684341409e-11
1.0443345556e-01 1.0000000000e-02 1.0796214627e-10
1.1579845146e-01 1.0000000000e-02 1.0817956913e-10
1.2840024578e-01 1.0000000000e-02 9.2063271424e-11
1.4237343339e-01 1.0000000000e-02 6.2725856566e-11
1.5786725650e-01 1.0000000000e-02 3.1780533357e-11
1.7504719864e-01 1.0000000000e-02 1.0935935838e-11
1.9409675211e-01 1.0000000000e-02 2.2542923409e-12
2.1521937781e-01 1.0000000000e-02 2.2253837713e-13
2.3864067833e-01 1.0000000000e-02 7.4664258076e-15
2.6461080752e-01 1.0000000000e-02 4.6780577309e-17
2.9340714225e-01 1.0000000000e-02 2.2257738134e-20
3.2533724503e-01 1.0000000000e-02 2.0646219584e-25
3.6074214893e-01 1.0000000000e-02 4.2206214149e-33
4.0000000000e-01 1.0000000000e-02 nan
