2.0000000000e-02 1.0000000000e-07 1.3848931094e-26
2.2176504808e-02 1.0000000000e-07 2.2235775863e-26
2.4589868274e-02 1.0000000000e-07 3.5433592173e-26
2.7265866600e-02 1.0000000000e-07 5.4481450106e-26
3.0233081086e-02 1.0000000000e-07 8.5652109657e-26
3.3523203403e-02 1.0000000000e-07 1.3342793146e-25
3.7171374071e-02 1.0000000000e-07 2.0560177169e-25
4.1216557790e-02 1.0000000000e-07 3.1304513723e-25
4.5701959599e-02 1.0000000000e-07 4.7375630047e-25
5.0675486338e-02 1.0000000000e-07 7.1810653847e-25
5.6190258320e-02 1.0000000000e-07 1.0867000746e-24
6.2305176688e-02 1.0000000000e-07 1.6162693599e-24
6.9085552518e-02 1.0000000000e-07 2.3454740464e-24
7.6603804377e-02 1.0000000000e-07 3.2884969310e-24
8.4940231802e-02 1.0000000000e-07 4.4000206231e-24
9.4183872945e-02 1.0000000000e-07 5.5275834377e-24
1.0443345556e-01 1.0000000000e-07 6.3723031191e-24
1.1579845146e-01 1.0000000000e-07 6.5316564065e-24
1.2840024578e-01 1.0000000000e-07 5.7060187400e-24
1.4237343339e-01 1.0000000000e-07 4.0147299346e-24
1.5786725650e-01 1.0000000000e-07 2.1173485385e-24
1.7504719864e-01 1.0000000000e-07 7.6442458423e-25
1.9409675211e-01 1.0000000000e-07 1.6548557840e-25
2.1521937781e-01 1.0000000000e-07 1.6918169095e-26
2.3864067833e-01 1.0000000000e-07 5.7393573010e-28
2.6461080752e-01 1.0000000000e-07 3.5399796466e-30
2.9340714225e-01 1.0000000000e-07 1.5032820620e-33
3.2533724503e-01 1.0000000000e-07 1.2862298513e-38
3.6074214893e-01 1.0000000000e-07 2.4384029209e-46
4.0000000000e-01 1.0000000000e-07 nan
2.0000000000e-02 1.8329807108e-07 4.6529891934e-26
2.2176504808e-02 1.8329807108e-07 7.4708166354e-26
2.4589868274e-02 1.8329807108e-07 1.1905043093e-25
2.7265866600e-02 1.8329807108e-07 1.8304777233e-25
3.0233081086e-02 1.8329807108e-07 2.8777552428e-25
3.3523203403e-02 1.8329807108e-07 4.4829360402e-25
3.7171374071e-02 1.8329807108e-07 6.9078459222e-25
4.1216557790e-02 1.8329807108e-07 1.0517747765e-24
4.5701959599e-02 1.8329807108e-07 1.5917350816e-24
5.0675486338e-02 1.8329807108e-07 2.4127074794e-24
5.6190258320e-02 1.8329807108e-07 3.6511147824e-24
6.2305176688e-02 1.8329807108e-07 5.4303713509e-24
6.9085552518e-02 1.8329807108e-07 7.8803665911e-24
7.6603804377e-02 1.8329807108e-07 1.1048752123e-23
8.4940231802e-02 1.8329807108e-07 1.4783269749e-23
9.4183872945e-02 1.8329807108e-07 1.8571675913e-23
1.0443345556e-01 1.8329807108e-07 2.1409780545e-23
1.1579845146e-01 1.8329807108e-07 2.1945178634e-23
1.2840024578e-01 1.8329807108e-07 1.9171186104e-23
1.4237343339e-01 1.8329807108e-07 1.3488763049e-23
1.5786725650e-01 1.8329807108e-07 7.1139063380e-24
1.7504719864e-01 1.8329807108e-07 2.5683276966e-24
1.9409675211e-01 1.8329807108e-07 5.5600147244e-25
2.1521937781e-01 1.8329807108e-07 5.6841973896e-26
2.3864067833e-01 1.8329807108e-07 1.9283197611e-27
2.6461080752e-01 1.8329807108e-07 1.1893688350e-29
2.9340714225e-01 1.8329807108e-07 5.0507545613e-33
3.2533724503e-01 1.8329807108e-07 4.3214985749e-38
3.6074214893e-01 1.8329807108e-07 8.1925907231e-46
4.0000000000e-01 1.8329807108e-07 nan
2.0000000000e-02 3.3598182863e-07 1.5633198178e-25
2.2176504808e-02 3.3598182863e-07 2.5100586345e-25
2.4589868274e-02 3.3598182863e-07 3.9998781483e-25
2.7265866600e-02 3.3598182863e-07 6.1500725274e-25
3.0233081086e-02 3.3598182863e-07 9.6687346884e-25
3.3523203403e-02 3.3598182863e-07 1.5061850484e-24
3.7171374071e-02 3.3598182863e-07 2.3209107048e-24
4.1216557790e-02 3.3598182863e-07 3.5337721271e-24
4.5701959599e-02 3.3598182863e-07 5.3479406340e-24
5.0675486338e-02 3.3598182863e-07 8.1062587089e-24
5.6190258320e-02 3.3598182863e-07 1.2267082211e-23
6.2305176688e-02 3.3598182863e-07 1.8245060966e-23
6.9085552518e-02 3.3598182863e-07 2.6476599775e-23
7.6603804377e-02 3.3598182863e-07 3.7121799424e-23
8.4940231802e-02 3.3598182863e-07 4.9669100035e-23
9.4183872945e-02 3.3598182863e-07 6.2397456340e-23
1.0443345556e-01 3.3598182863e-07 7.1932972181e-23
1.1579845146e-01 3.3598182863e-07 7.3731812471e-23
1.2840024578e-01 3.3598182863e-07 6.4411701644e-23
1.4237343339e-01 3.3598182863e-07 4.5319792750e-23
1.5786725650e-01 3.3598182863e-07 2.3901432601e-23
1.7504719864e-01 3.3598182863e-07 8.6291143602e-24
1.9409675211e-01 3.3598182863e-07 1.8680639143e-24
2.1521937781e-01 3.3598182863e-07 1.9097870333e-25
2.3864067833e-01 3.3598182863e-07 6.4788039952e-27
2.6461080752e-01 3.3598182863e-07 3.9960631608e-29
2.9340714225e-01 3.3598182863e-07 1.6969617535e-32
3.2533724503e-01 3.3598182863e-07 1.4519449936e-37
3.6074214893e-01 3.3598182863e-07 2.7525616124e-45
4.0000000000e-01 3.3598182863e-07 nan
2.0000000000e-02 6.1584821107e-07 5.2524705112e-25
2.2176504808e-02 6.1584821107e-07 8.4333408999e-25
2.4589868274e-02 6.1584821107e-07 1.3438863746e-24
2.7265866600e-02 6.1584821107e-07 2.0663126139e-24
3.0233081086e-02 6.1584821107e-07 3.2485191611e-24
3.3523203403e-02 6.1584821107e-07 5.0605080681e-24
3.7171374071e-02 6.1584821107e-07 7.7978382269e-24
4.1216557790e-02 6.1584821107e-07 1.1872832212e-23
4.5701959599e-02 6.1584821107e-07 1.7968108736e-23
5.0675486338e-02 6.1584821107e-07 2.7235556243e-23
5.6190258320e-02 6.1584821107e-07 4.1215167133e-23
6.2305176688e-02 6.1584821107e-07 6.1300089468e-23
6.9085552518e-02 6.1584821107e-07 8.8956564084e-23
7.6603804377e-02 6.1584821107e-07 1.2472250052e-22
8.4940231802e-02 6.1584821107e-07 1.6687915056e-22
9.4183872945e-02 6.1584821107e-07 2.0964411483e-22
1.0443345556e-01 6.1584821107e-07 2.4168171532e-22
1.1579845146e-01 6.1584821107e-07 2.4772549182e-22
1.2840024578e-01 6.1584821107e-07 2.1641161303e-22
1.4237343339e-01 6.1584821107e-07 1.5226626841e-22
1.5786725650e-01 6.1584821107e-07 8.0304470322e-23
1.7504719864e-01 6.1584821107e-07 2.8992256222e-23
1.9409675211e-01 6.1584821107e-07 6.2763552992e-24
2.1521937781e-01 6.1584821107e-07 6.4165373972e-25
2.3864067833e-01 6.1584821107e-07 2.1767604136e-26
2.6461080752e-01 6.1584821107e-07 1.3426046081e-28
2.9340714225e-01 6.1584821107e-07 5.7014831304e-32
3.2533724503e-01 6.1584821107e-07 4.8782713401e-37
3.6074214893e-01 6.1584821107e-07 9.2481068393e-45
4.0000000000e-01 6.1584821107e-07 nan
2.0000000000e-02 1.1288378917e-06 1.7647346472e-24
2.2176504808e-02 1.1288378917e-06 2.8334492970e-24
2.4589868274e-02 1.1288378917e-06 4.5152140159e-24
2.7265866600e-02 1.1288378917e-06 6.9424349055e-24
3.0233081086e-02 1.1288378917e-06 1.0914434081e-23
3.3523203403e-02 1.1288378917e-06 1.7002387545e-23
3.7171374071e-02 1.1288378917e-06 2.6199319468e-23
4.1216557790e-02 1.1288378917e-06 3.9890558777e-23
4.5701959599e-02 1.1288378917e-06 6.0369580301e-23
5.0675486338e-02 1.1288378917e-06 9.1506519904e-23
5.6190258320e-02 1.1288378917e-06 1.3847547221e-22
6.2305176688e-02 1.1288378917e-06 2.0595716155e-22
6.9085552518e-02 1.1288378917e-06 2.9887789069e-22
7.6603804377e-02 1.1288378917e-06 4.1904493797e-22
8.4940231802e-02 1.1288378917e-06 5.6068362165e-22
9.4183872945e-02 1.1288378917e-06 7.0436613061e-22
1.0443345556e-01 1.1288378917e-06 8.1200664660e-22
1.1579845146e-01 1.1288378917e-06 8.3231263740e-22
1.2840024578e-01 1.1288378917e-06 7.2710369483e-22
1.4237343339e-01 1.1288378917e-06 5.1158699300e-22
1.5786725650e-01 1.1288378917e-06 2.6980842786e-22
1.7504719864e-01 1.1288378917e-06 9.7408712614e-23
1.9409675211e-01 1.1288378917e-06 2.1087413305e-23
2.1521937781e-01 1.1288378917e-06 2.1558399682e-24
2.3864067833e-01 1.1288378917e-06 7.3135194426e-26
2.6461080752e-01 1.1288378917e-06 4.5109075135e-28
2.9340714225e-01 1.1288378917e-06 1.9155947280e-31
3.2533724503e-01 1.1288378917e-06 1.6390105254e-36
3.6074214893e-01 1.1288378917e-06 3.1071958472e-44
4.0000000000e-01 1.1288378917e-06 nan
2.0000000000e-02 2.0691380811e-06 5.9291877379e-24
2.2176504808e-02 2.0691380811e-06 9.5198747613e-24
2.4589868274e-02 2.0691380811e-06 1.5170298617e-23
2.7265866600e-02 2.0691380811e-06 2.3325319747e-23
3.0233081086e-02 2.0691380811e-06 3.6670515209e-23
3.3523203403e-02 2.0691380811e-06 5.7124932585e-23
3.7171374071e-02 2.0691380811e-06 8.8024952637e-23
4.1216557790e-02 2.0691380811e-06 1.3402502883e-22
4.5701959599e-02 2.0691380811e-06 2.0283081983e-22
5.0675486338e-02 2.0691380811e-06 3.0744527889e-22
5.6190258320e-02 2.0691380811e-06 4.6525242372e-22
6.2305176688e-02 2.0691380811e-06 6.9197863755e-22
6.9085552518e-02 2.0691380811e-06 1.0041754025e-21
7.6603804377e-02 2.0691380811e-06 1.4079148454e-21
8.4940231802e-02 2.0691380811e-06 1.8837950849e-21
9.4183872945e-02 2.0691380811e-06 2.3665422059e-21
1.0443345556e-01 2.0691380811e-06 2.7281947798e-21
1.1579845146e-01 2.0691380811e-06 2.7964192190e-21
1.2840024578e-01 2.0691380811e-06 2.4429362899e-21
1.4237343339e-01 2.0691380811e-06 1.7188393341e-21
1.5786725650e-01 2.0691380811e-06 9.0650728971e-22
1.7504719864e-01 2.0691380811e-06 3.2727557389e-22
1.9409675211e-01 2.0691380811e-06 7.0849876834e-23
2.1521937781e-01 2.0691380811e-06 7.2432305474e-24
2.3864067833e-01 2.0691380811e-06 2.4572096360e-25
2.6461080752e-01 2.0691380811e-06 1.5155829551e-27
2.9340714225e-01 2.0691380811e-06 6.4360501963e-31
3.2533724503e-01 2.0691380811e-06 5.5067775345e-36
3.6074214893e-01 2.0691380811e-06 1.0439613426e-43
4.0000000000e-01 2.0691380811e-06 nan
2.0000000000e-02 3.7926901907e-06 1.9920993385e-23
2.2176504808e-02 3.7926901907e-06 3.1985049306e-23
2.4589868274e-02 3.7926901907e-06 5.0969446703e-23
2.7265866600e-02 3.7926901907e-06 7.8368835819e-23
3.0233081086e-02 3.7926901907e-06 1.2320626757e-22
3.3523203403e-02 3.7926901907e-06 1.9192939310e-22
3.7171374071e-02 3.7926901907e-06 2.9574784552e-22
4.1216557790e-02 3.7926901907e-06 4.5029974268e-22
4.5701959599e-02 3.7926901907e-06 6.8147469749e-22
5.0675486338e-02 3.7926901907e-06 1.0329602700e-21
5.6190258320e-02 3.7926901907e-06 1.5631636010e-21
6.2305176688e-02 3.7926901907e-06 2.3249224802e-21
6.9085552518e-02 3.7926901907e-06 3.3738468800e-21
7.6603804377e-02 3.7926901907e-06 4.7303380430e-21
8.4940231802e-02 3.7926901907e-06 6.3292091737e-21
9.4183872945e-02 3.7926901907e-06 7.9511517785e-21
1.0443345556e-01 3.7926901907e-06 9.1662387098e-21
1.1579845146e-01 3.7926901907e-06 9.3954604282e-21
1.2840024578e-01 3.7926901907e-06 8.2078220191e-21
1.4237343339e-01 3.7926901907e-06 5.7749878259e-21
1.5786725650e-01 3.7926901907e-06 3.0456997686e-21
1.7504719864e-01 3.7926901907e-06 1.0995864578e-21
1.9409675211e-01 3.7926901907e-06 2.3804271177e-22
2.1521937781e-01 3.7926901907e-06 2.4335938445e-23
2.3864067833e-01 3.7926901907e-06 8.2557778682e-25
2.6461080752e-01 3.7926901907e-06 5.0920833270e-27
2.9340714225e-01 3.7926901907e-06 2.1623959140e-30
3.2533724503e-01 3.7926901907e-06 1.8501771857e-35
3.6074214893e-01 3.7926901907e-06 3.5075204085e-43
4.0000000000e-01 3.7926901907e-06 nan
2.0000000000e-02 6.9519279618e-06 6.6930917855e-23
2.2176504808e-02 6.9519279618e-06 1.0746395355e-22
2.4589868274e-02 6.9519279618e-06 1.7124807907e-22
2.7265866600e-02 6.9519279618e-06 2.6330504766e-22
3.0233081086e-02 6.9519279618e-06 4.1395067076e-22
3.3523203403e-02 6.9519279618e-06 6.4484788462e-22
3.7171374071e-02 6.9519279618e-06 9.9365901951e-22
4.1216557790e-02 6.9519279618e-06 1.5129253098e-21
4.5701959599e-02 6.9519279618e-06 2.2896311503e-21
5.0675486338e-02 6.9519279618e-06 3.4705588043e-21
5.6190258320e-02 6.9519279618e-06 5.2519456509e-21
6.2305176688e-02 6.9519279618e-06 7.8113170630e-21
6.9085552518e-02 6.9519279618e-06 1.1335512443e-20
7.6603804377e-02 6.9519279618e-06 1.5893076257e-20
8.4940231802e-02 6.9519279618e-06 2.1264992720e-20
9.4183872945e-02 6.9519279618e-06 2.6714425142e-20
1.0443345556e-01 6.9519279618e-06 3.0796896433e-20
1.1579845146e-01 6.9519279618e-06 3.1567039755e-20
1.2840024578e-01 6.9519279618e-06 2.7576790510e-20
1.4237343339e-01 6.9519279618e-06 1.9402909700e-20
1.5786725650e-01 6.9519279618e-06 1.0232997777e-20
1.7504719864e-01 6.9519279618e-06 3.6944106882e-21
1.9409675211e-01 6.9519279618e-06 7.9978025589e-22
2.1521937781e-01 6.9519279618e-06 8.1764330998e-23
2.3864067833e-01 6.9519279618e-06 2.7737913448e-24
2.6461080752e-01 6.9519279618e-06 1.7108474676e-26
2.9340714225e-01 6.9519279618e-06 7.2652573329e-30
3.2533724503e-01 6.9519279618e-06 6.2162591397e-35
3.6074214893e-01 6.9519279618e-06 1.1784631202e-42
4.0000000000e-01 6.9519279618e-06 nan
2.0000000000e-02 1.2742749857e-05 2.2487572173e-22
2.2176504808e-02 1.2742749857e-05 3.6105935624e-22
2.4589868274e-02 1.2742749857e-05 5.7536242756e-22
2.7265866600e-02 1.2742749857e-05 8.8465711400e-22
3.0233081086e-02 1.2742749857e-05 1.3907990332e-21
3.3523203403e-02 1.2742749857e-05 2.1665717146e-21
3.7171374071e-02 1.2742749857e-05 3.3385137441e-21
4.1216557790e-02 1.2742749857e-05 5.0831541215e-21
4.5701959599e-02 1.2742749857e-05 7.6927446075e-21
5.0675486338e-02 1.2742749857e-05 1.1660446934e-20
5.6190258320e-02 1.2742749857e-05 1.7645583037e-20
6.2305176688e-02 1.2742749857e-05 2.6244605908e-20
6.9085552518e-02 1.2742749857e-05 3.8085261989e-20
7.6603804377e-02 1.2742749857e-05 5.3397848234e-20
8.4940231802e-02 1.2742749857e-05 7.1446511397e-20
9.4183872945e-02 1.2742749857e-05 8.9755614101e-20
1.0443345556e-01 1.2742749857e-05 1.0347197580e-19
1.1579845146e-01 1.2742749857e-05 1.0605951741e-19
1.2840024578e-01 1.2742749857e-05 9.2653005033e-20
1.4237343339e-01 1.2742749857e-05 6.5190250817e-20
1.5786725650e-01 1.2742749857e-05 3.4381013054e-20
1.7504719864e-01 1.2742749857e-05 1.2412548587e-20
1.9409675211e-01 1.2742749857e-05 2.6871163286e-21
2.1521937781e-01 1.2742749857e-05 2.7471329443e-22
2.3864067833e-01 1.2742749857e-05 9.3194348810e-24
2.6461080752e-01 1.2742749857e-05 5.7481366049e-26
2.9340714225e-01 1.2742749857e-05 2.4409944429e-29
3.2533724503e-01 1.2742749857e-05 2.0885501110e-34
3.6074214893e-01 1.2742749857e-05 3.9594219339e-42
4.0000000000e-01 1.2742749857e-05 nan
2.0000000000e-02 2.3357214691e-05 7.5554156200e-22
2.2176504808e-02 2.3357214691e-05 1.2130938275e-21
2.4589868274e-02 2.3357214691e-05 1.9331132054e-21
2.7265866600e-02 2.3357214691e-05 2.9722871487e-21
3.0233081086e-02 2.3357214691e-05 4.6728320244e-21
3.3523203403e-02 2.3357214691e-05 7.2792872653e-21
3.7171374071e-02 2.3357214691e-05 1.1216799526e-20
4.1216557790e-02 2.3357214691e-05 1.7078474169e-20
4.5701959599e-02 2.3357214691e-05 2.5846224004e-20
5.0675486338e-02 2.3357214691e-05 3.9176982836e-20
5.6190258320e-02 2.3357214691e-05 5.9285952558e-20
6.2305176688e-02 2.3357214691e-05 8.8177106847e-20
6.9085552518e-02 2.3357214691e-05 1.2795955967e-19
7.6603804377e-02 2.3357214691e-05 1.7940706695e-19
8.4940231802e-02 2.3357214691e-05 2.4004729548e-19
9.4183872945e-02 2.3357214691e-05 3.0156255355e-19
1.0443345556e-01 2.3357214691e-05 3.4764703640e-19
1.1579845146e-01 2.3357214691e-05 3.5634070603e-19
1.2840024578e-01 2.3357214691e-05 3.1129726058e-19
1.4237343339e-01 2.3357214691e-05 2.1902739677e-19
1.5786725650e-01 2.3357214691e-05 1.1551395635e-19
1.7504719864e-01 2.3357214691e-05 4.1703907717e-20
1.9409675211e-01 2.3357214691e-05 9.0282225766e-21
2.1521937781e-01 2.3357214691e-05 9.2298674981e-22
2.3864067833e-01 2.3357214691e-05 3.1311607714e-23
2.6461080752e-01 2.3357214691e-05 1.9312694459e-25
2.9340714225e-01 2.3357214691e-05 8.2012977516e-29
3.2533724503e-01 2.3357214691e-05 7.0171488324e-34
3.6074214893e-01 2.3357214691e-05 1.3302938139e-41
4.0000000000e-01 2.3357214691e-05 nan
2.0000000000e-02 4.2813323987e-05 2.5384823561e-21
2.2176504808e-02 4.2813323987e-05 4.0757748247e-21
2.4589868274e-02 4.2813323987e-05 6.4949090968e-21
2.7265866600e-02 4.2813323987e-05 9.9863447143e-21
3.0233081086e-02 4.2813323987e-05 1.5699866484e-20
3.3523203403e-02 4.2813323987e-05 2.4457082465e-20
3.7171374071e-02 4.2813323987e-05 3.7686408162e-20
4.1216557790e-02 4.2813323987e-05 5.7380569816e-20
4.5701959599e-02 4.2813323987e-05 8.6838616040e-20
5.0675486338e-02 4.2813323987e-05 1.3162754333e-19
5.6190258320e-02 4.2813323987e-05 1.9919002753e-19
6.2305176688e-02 4.2813323987e-05 2.9625905602e-19
6.9085552518e-02 4.2813323987e-05 4.2992086848e-19
7.6603804377e-02 4.2813323987e-05 6.0277514421e-19
8.4940231802e-02 4.2813323987e-05 8.0651529292e-19
9.4183872945e-02 4.2813323987e-05 1.0131953819e-18
1.0443345556e-01 4.2813323987e-05 1.1680308700e-18
1.1579845146e-01 4.2813323987e-05 1.1972400202e-18
1.2840024578e-01 4.2813323987e-05 1.0459022285e-18
1.4237343339e-01 4.2813323987e-05 7.3589225277e-19
1.5786725650e-01 4.2813323987e-05 3.8810590278e-19
1.7504719864e-01 4.2813323987e-05 1.4011755170e-19
1.9409675211e-01 4.2813323987e-05 3.0333187286e-20
2.1521937781e-01 4.2813323987e-05 3.1010677568e-21
2.3864067833e-01 4.2813323987e-05 1.0520131198e-22
2.6461080752e-01 4.2813323987e-05 6.4887143789e-25
2.9340714225e-01 4.2813323987e-05 2.7554869995e-28
3.2533724503e-01 4.2813323987e-05 2.3576344712e-33
3.6074214893e-01 4.2813323987e-05 4.4695453937e-41
4.0000000000e-01 4.2813323987e-05 nan
2.0000000000e-02 7.8475997035e-05 8.5288394393e-21
2.2176504808e-02 7.8475997035e-05 1.3693862787e-20
2.4589868274e-02 7.8475997035e-05 2.1821714351e-20
2.7265866600e-02 7.8475997035e-05 3.3552303584e-20
3.0233081086e-02 7.8475997035e-05 5.2748698506e-20
3.3523203403e-02 7.8475997035e-05 8.2171352895e-20
3.7171374071e-02 7.8475997035e-05 1.2661948329e-19
4.1216557790e-02 7.8475997035e-05 1.9278828775e-19
4.5701959599e-02 7.8475997035e-05 2.9176197013e-19
5.0675486338e-02 7.8475997035e-05 4.4224462707e-19
5.6190258320e-02 7.8475997035e-05 6.6924229692e-19
6.2305176688e-02 7.8475997035e-05 9.9537659387e-19
6.9085552518e-02 7.8475997035e-05 1.4444559955e-18
7.6603804377e-02 7.8475997035e-05 2.0252149520e-18
8.4940231802e-02 7.8475997035e-05 2.7097448292e-18
9.4183872945e-02 7.8475997035e-05 3.4041523713e-18
1.0443345556e-01 7.8475997035e-05 3.9243714756e-18
1.1579845146e-01 7.8475997035e-05 4.0225089122e-18
1.2840024578e-01 7.8475997035e-05 3.5140414318e-18
1.4237343339e-01 7.8475997035e-05 2.4724642464e-18
1.5786725650e-01 7.8475997035e-05 1.3039653082e-18
1.7504719864e-01 7.8475997035e-05 4.7076951184e-19
1.9409675211e-01 7.8475997035e-05 1.0191399711e-19
2.1521937781e-01 7.8475997035e-05 1.0419024119e-20
2.3864067833e-01 7.8475997035e-05 3.5345728956e-22
2.6461080752e-01 7.8475997035e-05 2.1800900987e-24
2.9340714225e-01 7.8475997035e-05 9.2579354255e-28
3.2533724503e-01 7.8475997035e-05 7.9212231230e-33
3.6074214893e-01 7.8475997035e-05 1.5016859349e-40
4.0000000000e-01 7.8475997035e-05 nan
2.0000000000e-02 1.4384498883e-04 2.8655350709e-20
2.2176504808e-02 1.4384498883e-04 4.6008890601e-20
2.4589868274e-02 1.4384498883e-04 7.3316994915e-20
2.7265866600e-02 1.4384498883e-04 1.1272964313e-19
3.0233081086e-02 1.4384498883e-04 1.7722604182e-19
3.3523203403e-02 1.4384498883e-04 2.7608081406e-19
3.7171374071e-02 1.4384498883e-04 4.2541845535e-19
4.1216557790e-02 1.4384498883e-04 6.4773361455e-19
4.5701959599e-02 1.4384498883e-04 9.8026720246e-19
5.0675486338e-02 1.4384498883e-04 1.4858615850e-18
5.6190258320e-02 1.4384498883e-04 2.2485325071e-18
6.2305176688e-02 1.4384498883e-04 3.3442844817e-18
6.9085552518e-02 1.4384498883e-04 4.8531096673e-18
7.6603804377e-02 1.4384498883e-04 6.8043542287e-18
8.4940231802e-02 1.4384498883e-04 9.1042502270e-18
9.4183872945e-02 1.4384498883e-04 1.1437333384e-17
1.0443345556e-01 1.4384498883e-04 1.3185175041e-17
1.1579845146e-01 1.4384498883e-04 1.3514898992e-17
1.2840024578e-01 1.4384498883e-04 1.1806540650e-17
1.4237343339e-01 1.4384498883e-04 8.3070305737e-18
1.5786725650e-01 1.4384498883e-04 4.3810864754e-18
1.7504719864e-01 1.4384498883e-04 1.5817000077e-18
1.9409675211e-01 1.4384498883e-04 3.4241250871e-19
2.1521937781e-01 1.4384498883e-04 3.5006027346e-20
2.3864067833e-01 1.4384498883e-04 1.1875522404e-21
2.6461080752e-01 1.4384498883e-04 7.3247063107e-24
2.9340714225e-01 1.4384498883e-04 3.1104978671e-27
3.2533724503e-01 1.4384498883e-04 2.6613867075e-32
3.6074214893e-01 1.4384498883e-04 5.0453907404e-40
4.0000000000e-01 1.4384498883e-04 nan
2.0000000000e-02 2.6366508987e-04 9.6276771312e-20
2.2176504808e-02 2.6366508987e-04 1.5458151197e-19
2.4589868274e-02 2.6366508987e-04 2.4633178021e-19
2.7265866600e-02 2.6366508987e-04 3.7875111639e-19
3.0233081086e-02 2.6366508987e-04 5.9544729611e-19
3.3523203403e-02 2.6366508987e-04 9.2758136758e-19
3.7171374071e-02 2.6366508987e-04 1.4293287056e-18
4.1216557790e-02 2.6366508987e-04 2.1762672427e-18
4.5701959599e-02 2.6366508987e-04 3.2935196722e-18
5.0675486338e-02 2.6366508987e-04 4.9922249240e-18
5.6190258320e-02 2.6366508987e-04 7.5546606342e-18
6.2305176688e-02 2.6366508987e-04 1.1236188155e-17
6.9085552518e-02 2.6366508987e-04 1.6305566603e-17
7.6603804377e-02 2.6366508987e-04 2.2861393757e-17
8.4940231802e-02 2.6366508987e-04 3.0588626381e-17
9.4183872945e-02 2.6366508987e-04 3.8427361819e-17
1.0443345556e-01 2.6366508987e-04 4.4299792155e-17
1.1579845146e-01 2.6366508987e-04 4.5407604676e-17
1.2840024578e-01 2.6366508987e-04 3.9667831039e-17
1.4237343339e-01 2.6366508987e-04 2.7910113073e-17
1.5786725650e-01 2.6366508987e-04 1.4719654323e-17
1.7504719864e-01 2.6366508987e-04 5.3142245325e-18
1.9409675211e-01 2.6366508987e-04 1.1504437810e-18
2.1521937781e-01 2.6366508987e-04 1.1761388611e-19
2.3864067833e-01 2.6366508987e-04 3.9899594565e-21
2.6461080752e-01 2.6366508987e-04 2.4609679173e-23
2.9340714225e-01 2.6366508987e-04 1.0450705282e-26
3.2533724503e-01 2.6366508987e-04 8.9417720879e-32
3.6074214893e-01 2.6366508987e-04 1.6951583382e-39
4.0000000000e-01 2.6366508987e-04 nan
2.0000000000e-02 4.8329302386e-04 3.2347245680e-19
2.2176504808e-02 4.8329302386e-04 5.1936579065e-19
2.4589868274e-02 4.8329302386e-04 8.2763001964e-19
2.7265866600e-02 4.8329302386e-04 1.2725349268e-18
3.0233081086e-02 4.8329302386e-04 2.0005947139e-18
3.3523203403e-02 4.8329302386e-04 3.1165048407e-18
3.7171374071e-02 4.8329302386e-04 4.8022847218e-18
4.1216557790e-02 4.8329302386e-04 7.3118624774e-18
4.5701959599e-02 4.8329302386e-04 1.1065627620e-17
5.0675486338e-02 4.8329302386e-04 1.6772968587e-17
5.6190258320e-02 4.8329302386e-04 2.5382286940e-17
6.2305176688e-02 4.8329302386e-04 3.7751550417e-17
6.9085552518e-02 4.8329302386e-04 5.4783740806e-17
7.6603804377e-02 4.8329302386e-04 7.6810128719e-17
8.4940231802e-02 4.8329302386e-04 1.0277222610e-16
9.4183872945e-02 4.8329302386e-04 1.2910895260e-16
1.0443345556e-01 4.8329302386e-04 1.4883925113e-16
1.1579845146e-01 4.8329302386e-04 1.5256129947e-16
1.2840024578e-01 4.8329302386e-04 1.3327670260e-16
1.4237343339e-01 4.8329302386e-04 9.3772906548e-17
1.5786725650e-01 4.8329302386e-04 4.9455362281e-17
1.7504719864e-01 4.8329302386e-04 1.7854827896e-17
1.9409675211e-01 4.8329302386e-04 3.8652817451e-18
2.1521937781e-01 4.8329302386e-04 3.9516123230e-19
2.3864067833e-01 4.8329302386e-04 1.3405535621e-20
2.6461080752e-01 4.8329302386e-04 8.2684015885e-23
2.9340714225e-01 4.8329302386e-04 3.5112444395e-26
3.2533724503e-01 4.8329302386e-04 3.0042688297e-31
3.6074214893e-01 4.8329302386e-04 5.6954096594e-39
4.0000000000e-01 4.8329302386e-04 nan
2.0000000000e-02 8.8586679041e-04 1.0868086754e-18
2.2176504808e-02 8.8586679041e-04 1.7449746807e-18
2.4589868274e-02 8.8586679041e-04 2.7806864742e-18
2.7265866600e-02 8.8586679041e-04 4.2754861168e-18
3.0233081086e-02 8.8586679041e-04 6.7216347029e-18
3.3523203403e-02 8.8586679041e-04 1.0470889952e-17
3.7171374071e-02 8.8586679041e-04 1.6134804021e-17
4.1216557790e-02 8.8586679041e-04 2.4566529251e-17
4.5701959599e-02 8.8586679041e-04 3.7178498011e-17
5.0675486338e-02 8.8586679041e-04 5.6354126547e-17
5.6190258320e-02 8.8586679041e-04 8.5279871744e-17
6.2305176688e-02 8.8586679041e-04 1.2683834927e-16
6.9085552518e-02 8.8586679041e-04 1.8406341378e-16
7.6603804377e-02 8.8586679041e-04 2.5806807418e-16
8.4940231802e-02 8.8586679041e-04 3.4529600270e-16
9.4183872945e-02 8.8586679041e-04 4.3378261604e-16
1.0443345556e-01 8.8586679041e-04 5.0007283050e-16
1.1579845146e-01 8.8586679041e-04 5.1257823181e-16
1.2840024578e-01 8.8586679041e-04 4.4778548553e-16
1.4237343339e-01 8.8586679041e-04 3.1505990668e-16
1.5786725650e-01 8.8586679041e-04 1.6616101384e-16
1.7504719864e-01 8.8586679041e-04 5.9988967483e-17
1.9409675211e-01 8.8586679041e-04 1.2986640817e-17
2.1521937781e-01 8.8586679041e-04 1.3276693362e-18
2.3864067833e-01 8.8586679041e-04 4.5040128465e-20
2.6461080752e-01 8.8586679041e-04 2.7780288226e-22
2.9340714225e-01 8.8586679041e-04 1.1797113569e-25
3.2533724503e-01 8.8586679041e-04 1.0093750983e-30
3.6074214893e-01 8.8586679041e-04 1.9135379833e-38
4.0000000000e-01 8.8586679041e-04 nan
2.0000000000e-02 1.6237767392e-03 3.6514796614e-18
2.2176504808e-02 1.6237767392e-03 5.8627978410e-18
2.4589868274e-02 1.6237767392e-03 9.3426012638e-18
2.7265866600e-02 1.6237767392e-03 1.4364856436e-17
3.0233081086e-02 1.6237767392e-03 2.2583471184e-17
3.3523203403e-02 1.6237767392e-03 3.5180287520e-17
3.7171374071e-02 1.6237767392e-03 5.4210009562e-17
4.1216557790e-02 1.6237767392e-03 8.2539074131e-17
4.5701959599e-02 1.6237767392e-03 1.2491299732e-16
5.0675486338e-02 1.6237767392e-03 1.8933962459e-16
5.6190258320e-02 1.6237767392e-03 2.8652487181e-16
6.2305176688e-02 1.6237767392e-03 4.2615380351e-16
6.9085552518e-02 1.6237767392e-03 6.1841961921e-16
7.6603804377e-02 1.6237767392e-03 8.6706182503e-16
8.4940231802e-02 1.6237767392e-03 1.1601318029e-15
9.4183872945e-02 1.6237767392e-03 1.4574307225e-15
1.0443345556e-01 1.6237767392e-03 1.6801537597e-15
1.1579845146e-01 1.6237767392e-03 1.7221695818e-15
1.2840024578e-01 1.6237767392e-03 1.5044776709e-15
1.4237343339e-01 1.6237767392e-03 1.0585438157e-15
1.5786725650e-01 1.6237767392e-03 5.5827062416e-16
1.7504719864e-01 1.6237767392e-03 2.0155191954e-16
1.9409675211e-01 1.6237767392e-03 4.3632714103e-17
2.1521937781e-01 1.6237767392e-03 4.4607209623e-18
2.3864067833e-01 1.6237767392e-03 1.5132624932e-19
2.6461080752e-01 1.6237767392e-03 9.3336284322e-22
2.9340714225e-01 1.6237767392e-03 3.9635822559e-25
3.2533724503e-01 1.6237767392e-03 3.3912645713e-30
3.6074214893e-01 1.6237767392e-03 6.4289573910e-38
4.0000000000e-01 1.6237767392e-03 nan
2.0000000000e-02 2.9763514416e-03 1.2268308138e-17
2.2176504808e-02 2.9763514416e-03 1.9697935393e-17
2.4589868274e-02 2.9763514416e-03 3.1389442560e-17
2.7265866600e-02 2.9763514416e-03 4.8263307317e-17
3.0233081086e-02 2.9763514416e-03 7.5876359396e-17
3.3523203403e-02 2.9763514416e-03 1.1819937317e-16
3.7171374071e-02 2.9763514416e-03 1.8213578103e-16
4.1216557790e-02 2.9763514416e-03 2.7731628972e-16
4.5701959599e-02 2.9763514416e-03 4.1968497081e-16
5.0675486338e-02 2.9763514416e-03 6.3614672975e-16
5.6190258320e-02 2.9763514416e-03 9.6267149563e-16
6.2305176688e-02 2.9763514416e-03 1.4317993218e-15
6.9085552518e-02 2.9763514416e-03 2.0777774975e-15
7.6603804377e-02 2.9763514416e-03 2.9131700654e-15
8.4940231802e-02 2.9763514416e-03 3.8978318073e-15
9.4183872945e-02 2.9763514416e-03 4.8967019062e-15
1.0443345556e-01 2.9763514416e-03 5.6450104149e-15
1.1579845146e-01 2.9763514416e-03 5.7861753336e-15
1.2840024578e-01 2.9763514416e-03 5.0547694251e-15
1.4237343339e-01 2.9763514416e-03 3.5565123843e-15
1.5786725650e-01 2.9763514416e-03 1.8756857228e-15
1.7504719864e-01 2.9763514416e-03 6.7717657879e-16
1.9409675211e-01 2.9763514416e-03 1.4659754831e-16
2.1521937781e-01 2.9763514416e-03 1.4987135645e-17
2.3864067833e-01 2.9763514416e-03 5.0842420783e-19
2.6461080752e-01 2.9763514416e-03 3.1358803249e-21
2.9340714225e-01 2.9763514416e-03 1.3316537610e-24
3.2533724503e-01 2.9763514416e-03 1.1393441889e-29
3.6074214893e-01 2.9763514416e-03 2.1598068412e-37
4.0000000000e-01 2.9763514416e-03 nan
2.0000000000e-02 5.4555947812e-03 4.1219286016e-17
2.2176504808e-02 5.4555947812e-03 6.6181483508e-17
2.4589868274e-02 5.4555947812e-03 1.0546282303e-16
2.7265866600e-02 5.4555947812e-03 1.6215594228e-16
3.0233081086e-02 5.4555947812e-03 2.5493077918e-16
3.3523203403e-02 5.4555947812e-03 3.9712841366e-16
3.7171374071e-02 5.4555947812e-03 6.1194312330e-16
4.1216557790e-02 5.4555947812e-03 9.3173233131e-16
4.5701959599e-02 5.4555947812e-03 1.4100652194e-15
5.0675486338e-02 5.4555947812e-03 2.1373373785e-15
5.6190258320e-02 5.4555947812e-03 3.2344012026e-15
6.2305176688e-02 5.4555947812e-03 4.8105853180e-15
6.9085552518e-02 5.4555947812e-03 6.9809542917e-15
7.6603804377e-02 5.4555947812e-03 9.7877208188e-15
8.4940231802e-02 5.4555947812e-03 1.3096003889e-14
9.4183872945e-02 5.4555947812e-03 1.6452023116e-14
1.0443345556e-01 5.4555947812e-03 1.8966198937e-14
1.1579845146e-01 5.4555947812e-03 1.9440480541e-14
1.2840024578e-01 5.4555947812e-03 1.6983082310e-14
1.4237343339e-01 5.4555947812e-03 1.1949207300e-14
1.5786725650e-01 5.4555947812e-03 6.3019391578e-15
1.7504719864e-01 5.4555947812e-03 2.2751761860e-15
1.9409675211e-01 5.4555947812e-03 4.9253612951e-16
2.1521937781e-01 5.4555947812e-03 5.0353192071e-17
2.3864067833e-01 5.4555947812e-03 1.7081622463e-18
2.6461080752e-01 5.4555947812e-03 1.0535432426e-20
2.9340714225e-01 5.4555947812e-03 4.4736873823e-24
3.2533724503e-01 5.4555947812e-03 3.8273225627e-29
3.6074214893e-01 5.4555947812e-03 7.2542333814e-37
4.0000000000e-01 5.4555947812e-03 nan
2.0000000000e-02 1.0000000000e-02 1.3848931082e-16
2.2176504808e-02 1.0000000000e-02 2.2235775821e-16
2.4589868274e-02 1.0000000000e-02 3.5433592037e-16
2.7265866600e-02 1.0000000000e-02 5.4481449778e-16
3.0233081086e-02 1.0000000000e-02 8.5652108669e-16
3.3523203403e-02 1.0000000000e-02 1.3342792865e-15
3.7171374071e-02 1.0000000000e-02 2.0560176461e-15
4.1216557790e-02 1.0000000000e-02 3.1304512122e-15
4.5701959599e-02 1.0000000000e-02 4.7375626827e-15
5.0675486338e-02 1.0000000000e-02 7.1810647922e-15
5.6190258320e-02 1.0000000000e-02 1.0866999265e-14
6.2305176688e-02 1.0000000000e-02 1.6162689971e-14
6.9085552518e-02 1.0000000000e-02 2.3454731798e-14
7.6603804377e-02 1.0000000000e-02 3.2884949414e-14
8.4940231802e-02 1.0000000000e-02 4.4000162930e-14
9.4183872945e-02 1.0000000000e-02 5.5275746129e-14
1.0443345556e-01 1.0000000000e-02 6.3722865958e-14
1.1579845146e-01 1.0000000000e-02 6.5316288400e-14
1.2840024578e-01 1.0000000000e-02 5.7059794652e-14
1.4237343339e-01 1.0000000000e-02 4.0146848618e-14
1.5786725650e-01 1.0000000000e-02 2.1173099132e-14
1.7504719864e-01 1.0000000000e-02 7.6440197693e-15
1.9409675211e-01 1.0000000000e-02 1.6547755213e-15
2.1521937781e-01 1.0000000000e-02 1.6916786417e-16
2.3864067833e-01 1.0000000000e-02 5.7385424184e-18
2.6461080752e-01 1.0000000000e-02 3.5390867038e-20
2.9340714225e-01 1.0000000000e-02 1.5025954438e-23
3.2533724503e-01 1.0000000000e-02 1.2851583228e-28
3.6074214893e-01 1.0000000000e-02 2.4346677256e-36
4.0000000000e-01 1.0000000000e-02 nan
