2.0000000000e-02 1.0000000000e-07 5.7871396702e-25
2.2176504808e-02 1.0000000000e-07 9.4354236736e-25
2.4589868274e-02 1.0000000000e-07 1.3983342685e-24
2.7265866600e-02 1.0000000000e-07 2.0637858983e-24
3.0233081086e-02 1.0000000000e-07 3.0405607851e-24
3.3523203403e-02 1.0000000000e-07 4.4788691190e-24
3.7171374071e-02 1.0000000000e-07 6.5811613685e-24
4.1216557790e-02 1.0000000000e-07 9.7217377297e-24
4.5701959599e-02 1.0000000000e-07 1.4362360354e-23
5.0675486338e-02 1.0000000000e-07 2.1003851514e-23
5.6190258320e-02 1.0000000000e-07 3.1056398778e-23
6.2305176688e-02 1.0000000000e-07 4.5198477354e-23
6.9085552518e-02 1.0000000000e-07 6.4284777003e-23
7.6603804377e-02 1.0000000000e-07 8.8498987292e-23
8.4940231802e-02 1.0000000000e-07 1.1653620192e-22
9.4183872945e-02 1.0000000000e-07 1.4437877100e-22
1.0443345556e-01 1.0000000000e-07 1.6419473704e-22
1.1579845146e-01 1.0000000000e-07 1.6577446479e-22
1.2840024578e-01 1.0000000000e-07 1.4229751111e-22
1.4237343339e-01 1.0000000000e-07 9.7883534615e-23
1.5786725650e-01 1.0000000000e-07 4.9847843997e-23
1.7504719864e-01 1.0000000000e-07 1.7058701737e-23
1.9409675211e-01 1.0000000000e-07 3.4688298245e-24
2.1521937781e-01 1.0000000000e-07 3.3619677181e-25
2.3864067833e-01 1.0000000000e-07 1.0941427297e-26
2.6461080752e-01 1.0000000000e-07 6.5243611332e-29
2.9340714225e-01 1.0000000000e-07 2.9924128835e-32
3.2533724503e-01 1.0000000000e-07 2.7733046200e-37
3.6074214893e-01 1.0000000000e-07 5.9306093831e-45
4.0000000000e-01 1.0000000000e-07 nan
2.0000000000e-02 1.8329807108e-07 1.9443737689e-24
2.2176504808e-02 1.8329807108e-07 3.1701308997e-24
2.4589868274e-02 1.8329807108e-07 4.6981490455e-24
2.7265866600e-02 1.8329807108e-07 6.9339456002e-24
3.0233081086e-02 1.8329807108e-07 1.0215731726e-23
3.3523203403e-02 1.8329807108e-07 1.5048186368e-23
3.7171374071e-02 1.8329807108e-07 2.2111506311e-23
4.1216557790e-02 1.8329807108e-07 3.2663272199e-23
4.5701959599e-02 1.8329807108e-07 4.8254920953e-23
5.0675486338e-02 1.8329807108e-07 7.0569124400e-23
5.6190258320e-02 1.8329807108e-07 1.0434385652e-22
6.2305176688e-02 1.8329807108e-07 1.5185867073e-22
6.9085552518e-02 1.8329807108e-07 2.1598516930e-22
7.6603804377e-02 1.8329807108e-07 2.9734051582e-22
8.4940231802e-02 1.8329807108e-07 3.9154046222e-22
9.4183872945e-02 1.8329807108e-07 4.8508643497e-22
1.0443345556e-01 1.8329807108e-07 5.5166448003e-22
1.1579845146e-01 1.8329807108e-07 5.5697207822e-22
1.2840024578e-01 1.8329807108e-07 4.7809377991e-22
1.4237343339e-01 1.8329807108e-07 3.2887088952e-22
1.5786725650e-01 1.8329807108e-07 1.6747969779e-22
1.7504719864e-01 1.8329807108e-07 5.7314138036e-23
1.9409675211e-01 1.8329807108e-07 1.1654637876e-23
2.1521937781e-01 1.8329807108e-07 1.1295600617e-24
2.3864067833e-01 1.8329807108e-07 3.6761207511e-26
2.6461080752e-01 1.8329807108e-07 2.1920667842e-28
2.9340714225e-01 1.8329807108e-07 1.0053963526e-31
3.2533724503e-01 1.8329807108e-07 9.3177995757e-37
3.6074214893e-01 1.8329807108e-07 1.9925769854e-44
4.0000000000e-01 1.8329807108e-07 nan
2.0000000000e-02 3.3598182863e-07 6.5327425442e-24
2.2176504808e-02 3.3598182863e-07 1.0651063767e-23
2.4589868274e-02 3.3598182863e-07 1.5784927075e-23
2.7265866600e-02 3.3598182863e-07 2.3296797224e-23
3.0233081086e-02 3.3598182863e-07 3.4323002262e-23
3.3523203403e-02 3.3598182863e-07 5.0559171734e-23
3.7171374071e-02 3.3598182863e-07 7.4290643241e-23
4.1216557790e-02 3.3598182863e-07 1.0974265922e-22
4.5701959599e-02 3.3598182863e-07 1.6212776582e-22
5.0675486338e-02 3.3598182863e-07 2.3709943461e-22
5.6190258320e-02 3.3598182863e-07 3.5057639720e-22
6.2305176688e-02 3.3598182863e-07 5.1021753883e-22
6.9085552518e-02 3.3598182863e-07 7.2567092140e-22
7.6603804377e-02 3.3598182863e-07 9.9901010231e-22
8.4940231802e-02 3.3598182863e-07 1.3155048048e-21
9.4183872945e-02 3.3598182863e-07 1.6298022747e-21
1.0443345556e-01 3.3598182863e-07 1.8534924079e-21
1.1579845146e-01 3.3598182863e-07 1.8713249733e-21
1.2840024578e-01 3.3598182863e-07 1.6063082243e-21
1.4237343339e-01 3.3598182863e-07 1.1049464285e-21
1.5786725650e-01 3.3598182863e-07 5.6270135122e-22
1.7504719864e-01 3.3598182863e-07 1.9256508904e-22
1.9409675211e-01 3.3598182863e-07 3.9157465457e-23
2.1521937781e-01 3.3598182863e-07 3.7951165508e-24
2.3864067833e-01 3.3598182863e-07 1.2351097722e-25
2.6461080752e-01 3.3598182863e-07 7.3649460662e-28
2.9340714225e-01 3.3598182863e-07 3.3779490505e-31
3.2533724503e-01 3.3598182863e-07 3.1306113402e-36
3.6074214893e-01 3.3598182863e-07 6.6946965924e-44
4.0000000000e-01 3.3598182863e-07 nan
2.0000000000e-02 6.1584821107e-07 2.1948827860e-23
2.2176504808e-02 6.1584821107e-07 3.5785638812e-23
2.4589868274e-02 6.1584821107e-07 5.3034486633e-23
2.7265866600e-02 6.1584821107e-07 7.8273005324e-23
3.0233081086e-02 6.1584821107e-07 1.1531905064e-22
3.3523203403e-02 6.1584821107e-07 1.6986962973e-22
3.7171374071e-02 6.1584821107e-07 2.4960306166e-22
4.1216557790e-02 6.1584821107e-07 3.6871539324e-22
4.5701959599e-02 6.1584821107e-07 5.4471983232e-22
5.0675486338e-02 6.1584821107e-07 7.9661101606e-22
5.6190258320e-02 6.1584821107e-07 1.1778729901e-21
6.2305176688e-02 6.1584821107e-07 1.7142382170e-21
6.9085552518e-02 6.1584821107e-07 2.4381224315e-21
7.6603804377e-02 6.1584821107e-07 3.3564924099e-21
8.4940231802e-02 6.1584821107e-07 4.4198570988e-21
9.4183872945e-02 6.1584821107e-07 5.4758394854e-21
1.0443345556e-01 6.1584821107e-07 6.2273976856e-21
1.1579845146e-01 6.1584821107e-07 6.2873118650e-21
1.2840024578e-01 6.1584821107e-07 5.3969037454e-21
1.4237343339e-01 6.1584821107e-07 3.7124192157e-21
1.5786725650e-01 6.1584821107e-07 1.8905742896e-21
1.7504719864e-01 6.1584821107e-07 6.4698370744e-22
1.9409675211e-01 6.1584821107e-07 1.3156196849e-22
2.1521937781e-01 6.1584821107e-07 1.2750901986e-23
2.3864067833e-01 6.1584821107e-07 4.1497443982e-25
2.6461080752e-01 6.1584821107e-07 2.4744880471e-27
2.9340714225e-01 6.1584821107e-07 1.1349294990e-30
3.2533724503e-01 6.1584821107e-07 1.0518285228e-35
3.6074214893e-01 6.1584821107e-07 2.2492964032e-43
4.0000000000e-01 6.1584821107e-07 nan
2.0000000000e-02 1.1288378917e-06 7.3744073206e-23
2.2176504808e-02 1.1288378917e-06 1.2023324367e-22
2.4589868274e-02 1.1288378917e-06 1.7818623799e-22
2.7265866600e-02 1.1288378917e-06 2.6298307461e-22
3.0233081086e-02 1.1288378917e-06 3.8745105509e-22
3.3523203403e-02 1.1288378917e-06 5.7073108825e-22
3.7171374071e-02 1.1288378917e-06 8.3862093088e-22
4.1216557790e-02 1.1288378917e-06 1.2388167206e-21
4.5701959599e-02 1.1288378917e-06 1.8301596535e-21
5.0675486338e-02 1.1288378917e-06 2.6764682588e-21
5.6190258320e-02 1.1288378917e-06 3.9574392109e-21
6.2305176688e-02 1.1288378917e-06 5.7595289084e-21
6.9085552518e-02 1.1288378917e-06 8.1916483297e-21
7.6603804377e-02 1.1288378917e-06 1.1277204577e-20
8.4940231802e-02 1.1288378917e-06 1.4849916703e-20
9.4183872945e-02 1.1288378917e-06 1.8397825636e-20
1.0443345556e-01 1.1288378917e-06 2.0922924620e-20
1.1579845146e-01 1.1288378917e-06 2.1124225376e-20
1.2840024578e-01 1.1288378917e-06 1.8132615893e-20
1.4237343339e-01 1.1288378917e-06 1.2473053967e-20
1.5786725650e-01 1.1288378917e-06 6.3519860696e-21
1.7504719864e-01 1.1288378917e-06 2.1737476912e-21
1.9409675211e-01 1.1288378917e-06 4.4202430750e-22
2.1521937781e-01 1.1288378917e-06 4.2840713659e-23
2.3864067833e-01 1.1288378917e-06 1.3942387112e-24
2.6461080752e-01 1.1288378917e-06 8.3138301898e-27
2.9340714225e-01 1.1288378917e-06 3.8131568843e-30
3.2533724503e-01 1.1288378917e-06 3.5339527049e-35
3.6074214893e-01 1.1288378917e-06 7.5572271867e-43
4.0000000000e-01 1.1288378917e-06 nan
2.0000000000e-02 2.0691380811e-06 2.4776668566e-22
2.2176504808e-02 2.0691380811e-06 4.0396185069e-22
2.4589868274e-02 2.0691380811e-06 5.9867338078e-22
2.7265866600e-02 2.0691380811e-06 8.8357534305e-22
3.0233081086e-02 2.0691380811e-06 1.3017651399e-21
3.3523203403e-02 2.0691380811e-06 1.9175527469e-21
3.7171374071e-02 2.0691380811e-06 2.8176139388e-21
4.1216557790e-02 2.0691380811e-06 4.1621990714e-21
4.5701959599e-02 2.0691380811e-06 6.1490038707e-21
5.0675486338e-02 2.0691380811e-06 8.9924469986e-21
5.6190258320e-02 2.0691380811e-06 1.3296276628e-20
6.2305176688e-02 2.0691380811e-06 1.9350970547e-20
6.9085552518e-02 2.0691380811e-06 2.7522449853e-20
7.6603804377e-02 2.0691380811e-06 3.7889358155e-20
8.4940231802e-02 2.0691380811e-06 4.9893021690e-20
9.4183872945e-02 2.0691380811e-06 6.1813350999e-20
1.0443345556e-01 2.0691380811e-06 7.0297224741e-20
1.1579845146e-01 2.0691380811e-06 7.0973558700e-20
1.2840024578e-01 2.0691380811e-06 6.0922294455e-20
1.4237343339e-01 2.0691380811e-06 4.1907194805e-20
1.5786725650e-01 2.0691380811e-06 2.1341518951e-20
1.7504719864e-01 2.0691380811e-06 7.3033972426e-21
1.9409675211e-01 2.0691380811e-06 1.4851213513e-21
2.1521937781e-01 2.0691380811e-06 1.4393701315e-22
2.3864067833e-01 2.0691380811e-06 4.6843887175e-24
2.6461080752e-01 2.0691380811e-06 2.7932958700e-26
2.9340714225e-01 2.0691380811e-06 1.2811514228e-29
3.2533724503e-01 2.0691380811e-06 1.1873438921e-34
3.6074214893e-01 2.0691380811e-06 2.5390910094e-42
4.0000000000e-01 2.0691380811e-06 nan
2.0000000000e-02 3.7926901907e-06 8.3245104122e-22
2.2176504808e-02 3.7926901907e-06 1.3572384129e-21
2.4589868274e-02 3.7926901907e-06 2.0114337723e-21
2.7265866600e-02 3.7926901907e-06 2.9686525949e-21
3.0233081086e-02 3.7926901907e-06 4.3736943216e-21
3.3523203403e-02 3.7926901907e-06 6.4426287838e-21
3.7171374071e-02 3.7926901907e-06 9.4666708353e-21
4.1216557790e-02 3.7926901907e-06 1.3984232551e-20
4.5701959599e-02 3.7926901907e-06 2.0659535647e-20
5.0675486338e-02 3.7926901907e-06 3.0212987864e-20
5.6190258320e-02 3.7926901907e-06 4.4673073353e-20
6.2305176688e-02 3.7926901907e-06 6.5015744700e-20
6.9085552518e-02 3.7926901907e-06 9.2470430299e-20
7.6603804377e-02 3.7926901907e-06 1.2730135838e-19
8.4940231802e-02 3.7926901907e-06 1.6763148663e-19
9.4183872945e-02 3.7926901907e-06 2.0768162702e-19
1.0443345556e-01 3.7926901907e-06 2.3618590116e-19
1.1579845146e-01 3.7926901907e-06 2.3845826036e-19
1.2840024578e-01 3.7926901907e-06 2.0468783895e-19
1.4237343339e-01 3.7926901907e-06 1.4080055943e-19
1.5786725650e-01 3.7926901907e-06 7.1703625628e-20
1.7504719864e-01 3.7926901907e-06 2.4538087608e-20
1.9409675211e-01 3.7926901907e-06 4.9897378735e-21
2.1521937781e-01 3.7926901907e-06 4.8360220884e-22
2.3864067833e-01 3.7926901907e-06 1.5738694873e-23
2.6461080752e-01 3.7926901907e-06 9.3849665429e-26
2.9340714225e-01 3.7926901907e-06 4.3044359777e-29
3.2533724503e-01 3.7926901907e-06 3.9892597203e-34
3.6074214893e-01 3.7926901907e-06 8.5308844027e-42
4.0000000000e-01 3.7926901907e-06 nan
2.0000000000e-02 6.9519279618e-06 2.7968842307e-21
2.2176504808e-02 6.9519279618e-06 4.5600744386e-21
2.4589868274e-02 6.9519279618e-06 6.7580519697e-21
2.7265866600e-02 6.9519279618e-06 9.9741332740e-21
3.0233081086e-02 6.9519279618e-06 1.4694818160e-20
3.3523203403e-02 6.9519279618e-06 2.1646062000e-20
3.7171374071e-02 6.9519279618e-06 3.1806293783e-20
4.1216557790e-02 6.9519279618e-06 4.6984480245e-20
4.5701959599e-02 6.9519279618e-06 6.9412285654e-20
5.0675486338e-02 6.9519279618e-06 1.0151014911e-19
5.6190258320e-02 6.9519279618e-06 1.5009340876e-19
6.2305176688e-02 6.9519279618e-06 2.1844108794e-19
6.9085552518e-02 6.9519279618e-06 3.1068384266e-19
7.6603804377e-02 6.9519279618e-06 4.2770943176e-19
8.4940231802e-02 6.9519279618e-06 5.6321133414e-19
9.4183872945e-02 6.9519279618e-06 6.9777252820e-19
1.0443345556e-01 6.9519279618e-06 7.9354170967e-19
1.1579845146e-01 6.9519279618e-06 8.0117642369e-19
1.2840024578e-01 6.9519279618e-06 6.8771394429e-19
1.4237343339e-01 6.9519279618e-06 4.7306429430e-19
1.5786725650e-01 6.9519279618e-06 2.4091115258e-19
1.7504719864e-01 6.9519279618e-06 8.2443515454e-20
1.9409675211e-01 6.9519279618e-06 1.6764612551e-20
2.1521937781e-01 6.9519279618e-06 1.6248155445e-21
2.3864067833e-01 6.9519279618e-06 5.2879154833e-23
2.6461080752e-01 6.9519279618e-06 3.1531782204e-25
2.9340714225e-01 6.9519279618e-06 1.4462122708e-28
3.2533724503e-01 6.9519279618e-06 1.3403187753e-33
3.6074214893e-01 6.9519279618e-06 2.8662221400e-41
4.0000000000e-01 6.9519279618e-06 nan
2.0000000000e-02 1.2742749857e-05 9.3970227830e-21
2.2176504808e-02 1.2742749857e-05 1.5321021486e-20
2.4589868274e-02 1.2742749857e-05 2.2705826587e-20
2.7265866600e-02 1.2742749857e-05 3.3511275364e-20
3.0233081086e-02 1.2742749857e-05 4.9371918769e-20
3.3523203403e-02 1.2742749857e-05 7.2726834932e-20
3.7171374071e-02 1.2742749857e-05 1.0686336747e-19
4.1216557790e-02 1.2742749857e-05 1.5785931590e-19
4.5701959599e-02 1.2742749857e-05 2.3321266663e-19
5.0675486338e-02 1.2742749857e-05 3.4105565522e-19
5.6190258320e-02 1.2742749857e-05 5.0428657939e-19
6.2305176688e-02 1.2742749857e-05 7.3392236174e-19
6.9085552518e-02 1.2742749857e-05 1.0438412558e-18
7.6603804377e-02 1.2742749857e-05 1.4370259701e-18
8.4940231802e-02 1.2742749857e-05 1.8922877395e-18
9.4183872945e-02 1.2742749857e-05 2.3443888999e-18
1.0443345556e-01 1.2742749857e-05 2.6661559471e-18
1.1579845146e-01 1.2742749857e-05 2.6918071988e-18
1.2840024578e-01 1.2742749857e-05 2.3105938858e-18
1.4237343339e-01 1.2742749857e-05 1.5894100665e-18
1.5786725650e-01 1.2742749857e-05 8.0941769578e-19
1.7504719864e-01 1.2742749857e-05 2.7699523080e-19
1.9409675211e-01 1.2742749857e-05 5.6326051808e-20
2.1521937781e-01 1.2742749857e-05 5.4590849778e-21
2.3864067833e-01 1.2742749857e-05 1.7766435134e-22
2.6461080752e-01 1.2742749857e-05 1.0594105842e-24
2.9340714225e-01 1.2742749857e-05 4.8590104307e-28
3.2533724503e-01 1.2742749857e-05 4.5032275265e-33
3.6074214893e-01 1.2742749857e-05 9.6299855416e-41
4.0000000000e-01 1.2742749857e-05 nan
2.0000000000e-02 2.3357214691e-05 3.1572288983e-20
2.2176504808e-02 2.3357214691e-05 5.1475848152e-20
2.4589868274e-02 2.3357214691e-05 7.6287451373e-20
2.7265866600e-02 2.3357214691e-05 1.1259179576e-19
3.0233081086e-02 2.3357214691e-05 1.6588067551e-19
3.3523203403e-02 2.3357214691e-05 2.4434894991e-19
3.7171374071e-02 2.3357214691e-05 3.5904149616e-19
4.1216557790e-02 2.3357214691e-05 5.3037861622e-19
4.5701959599e-02 2.3357214691e-05 7.8355218195e-19
5.0675486338e-02 2.3357214691e-05 1.1458850271e-18
5.6190258320e-02 2.3357214691e-05 1.6943112710e-18
6.2305176688e-02 2.3357214691e-05 2.4658457717e-18
6.9085552518e-02 2.3357214691e-05 3.5071169393e-18
7.6603804377e-02 2.3357214691e-05 4.8281461321e-18
8.4940231802e-02 2.3357214691e-05 6.3577429500e-18
9.4183872945e-02 2.3357214691e-05 7.8767206960e-18
1.0443345556e-01 2.3357214691e-05 8.9577995050e-18
1.1579845146e-01 2.3357214691e-05 9.0439830496e-18
1.2840024578e-01 2.3357214691e-05 7.7631755893e-18
1.4237343339e-01 2.3357214691e-05 5.3401290057e-18
1.5786725650e-01 2.3357214691e-05 2.7194963753e-18
1.7504719864e-01 2.3357214691e-05 9.3065364154e-19
1.9409675211e-01 2.3357214691e-05 1.8924529882e-19
2.1521937781e-01 2.3357214691e-05 1.8341533529e-20
2.3864067833e-01 2.3357214691e-05 5.9691993613e-22
2.6461080752e-01 2.3357214691e-05 3.5594270500e-24
2.9340714225e-01 2.3357214691e-05 1.6325392070e-27
3.2533724503e-01 2.3357214691e-05 1.5130026143e-32
3.6074214893e-01 2.3357214691e-05 3.2355001329e-40
4.0000000000e-01 2.3357214691e-05 nan
2.0000000000e-02 4.2813323987e-05 1.0607715386e-19
2.2176504808e-02 4.2813323987e-05 1.7294949592e-19
2.4589868274e-02 4.2813323987e-05 2.5631197414e-19
2.7265866600e-02 4.2813323987e-05 3.7828797429e-19
3.0233081086e-02 4.2813323987e-05 5.5732892691e-19
3.3523203403e-02 4.2813323987e-05 8.2096807014e-19
3.7171374071e-02 4.2813323987e-05 1.2063141843e-18
4.1216557790e-02 4.2813323987e-05 1.7819757734e-18
4.5701959599e-02 4.2813323987e-05 2.6325929492e-18
5.0675486338e-02 4.2813323987e-05 3.8499654679e-18
5.6190258320e-02 4.2813323987e-05 5.6925779908e-18
6.2305176688e-02 4.2813323987e-05 8.2847937148e-18
6.9085552518e-02 4.2813323987e-05 1.1783275625e-17
7.6603804377e-02 4.2813323987e-05 1.6221693663e-17
8.4940231802e-02 4.2813323987e-05 2.1360861023e-17
9.4183872945e-02 4.2813323987e-05 2.6464350230e-17
1.0443345556e-01 4.2813323987e-05 3.0096578581e-17
1.1579845146e-01 4.2813323987e-05 3.0386139629e-17
1.2840024578e-01 4.2813323987e-05 2.6082859302e-17
1.4237343339e-01 4.2813323987e-05 1.7941863082e-17
1.5786725650e-01 4.2813323987e-05 9.1370136491e-18
1.7504719864e-01 4.2813323987e-05 3.1268271218e-18
1.9409675211e-01 4.2813323987e-05 6.3582981517e-19
2.1521937781e-01 4.2813323987e-05 6.1624219683e-20
2.3864067833e-01 4.2813323987e-05 2.0055425132e-21
2.6461080752e-01 4.2813323987e-05 1.1959028052e-23
2.9340714225e-01 4.2813323987e-05 5.4850350484e-27
3.2533724503e-01 4.2813323987e-05 5.0834137962e-32
3.6074214893e-01 4.2813323987e-05 1.0870692298e-39
4.0000000000e-01 4.2813323987e-05 nan
2.0000000000e-02 7.8475997035e-05 3.5639996131e-19
2.2176504808e-02 7.8475997035e-05 5.8107887900e-19
2.4589868274e-02 7.8475997035e-05 8.6116165770e-19
2.7265866600e-02 7.8475997035e-05 1.2709788535e-18
3.0233081086e-02 7.8475997035e-05 1.8725239201e-18
3.3523203403e-02 7.8475997035e-05 2.7583035345e-18
3.7171374071e-02 7.8475997035e-05 4.0529964555e-18
4.1216557790e-02 7.8475997035e-05 5.9871147892e-18
4.5701959599e-02 7.8475997035e-05 8.8450339309e-18
5.0675486338e-02 7.8475997035e-05 1.2935184381e-17
5.6190258320e-02 7.8475997035e-05 1.9126027630e-17
6.2305176688e-02 7.8475997035e-05 2.7835401421e-17
6.9085552518e-02 7.8475997035e-05 3.9589664915e-17
7.6603804377e-02 7.8475997035e-05 5.4501943003e-17
8.4940231802e-02 7.8475997035e-05 7.1768611472e-17
9.4183872945e-02 7.8475997035e-05 8.8915407831e-17
1.0443345556e-01 7.8475997035e-05 1.0111903506e-16
1.1579845146e-01 7.8475997035e-05 1.0209190756e-16
1.2840024578e-01 7.8475997035e-05 8.7633667616e-17
1.4237343339e-01 7.8475997035e-05 6.0281399643e-17
1.5786725650e-01 7.8475997035e-05 3.0698705516e-17
1.7504719864e-01 7.8475997035e-05 1.0505570928e-17
1.9409675211e-01 7.8475997035e-05 2.1362726354e-18
2.1521937781e-01 7.8475997035e-05 2.0704617943e-19
2.3864067833e-01 7.8475997035e-05 6.7382583677e-21
2.6461080752e-01 7.8475997035e-05 4.0180160693e-23
2.9340714225e-01 7.8475997035e-05 1.8428720692e-26
3.2533724503e-01 7.8475997035e-05 1.7079346015e-31
3.6074214893e-01 7.8475997035e-05 3.6523548346e-39
4.0000000000e-01 7.8475997035e-05 nan
2.0000000000e-02 1.4384498883e-04 1.1974391072e-18
2.2176504808e-02 1.4384498883e-04 1.9523194435e-18
2.4589868274e-02 1.4384498883e-04 2.8933466850e-18
2.7265866600e-02 1.4384498883e-04 4.2702579935e-18
3.0233081086e-02 1.4384498883e-04 6.2913401083e-18
3.3523203403e-02 1.4384498883e-04 9.2673986543e-18
3.7171374071e-02 1.4384498883e-04 1.3617331605e-17
4.1216557790e-02 1.4384498883e-04 2.0115617751e-17
4.5701959599e-02 1.4384498883e-04 2.9717706744e-17
5.0675486338e-02 1.4384498883e-04 4.3459869018e-17
5.6190258320e-02 1.4384498883e-04 6.4259977372e-17
6.2305176688e-02 1.4384498883e-04 9.3521890697e-17
6.9085552518e-02 1.4384498883e-04 1.3301408012e-16
7.6603804377e-02 1.4384498883e-04 1.8311662472e-16
8.4940231802e-02 1.4384498883e-04 2.4112949317e-16
9.4183872945e-02 1.4384498883e-04 2.9873961309e-16
1.0443345556e-01 1.4384498883e-04 3.3974158296e-16
1.1579845146e-01 1.4384498883e-04 3.4301025768e-16
1.2840024578e-01 1.4384498883e-04 2.9443319866e-16
1.4237343339e-01 1.4384498883e-04 2.0253454851e-16
1.5786725650e-01 1.4384498883e-04 1.0314207188e-16
1.7504719864e-01 1.4384498883e-04 3.5296809156e-17
1.9409675211e-01 1.4384498883e-04 7.1774878129e-18
2.1521937781e-01 1.4384498883e-04 6.9563753134e-19
2.3864067833e-01 1.4384498883e-04 2.2639323209e-20
2.6461080752e-01 1.4384498883e-04 1.3499803365e-22
2.9340714225e-01 1.4384498883e-04 6.1917148663e-26
3.2533724503e-01 1.4384498883e-04 5.7383492121e-31
3.6074214893e-01 1.4384498883e-04 1.2271245830e-38
4.0000000000e-01 1.4384498883e-04 nan
2.0000000000e-02 2.6366508987e-04 4.0231778092e-18
2.2176504808e-02 2.6366508987e-04 6.5594385668e-18
2.4589868274e-02 2.6366508987e-04 9.7211191008e-18
2.7265866600e-02 2.6366508987e-04 1.4347290894e-17
3.0233081086e-02 2.6366508987e-04 2.1137759541e-17
3.3523203403e-02 2.6366508987e-04 3.1136775465e-17
3.7171374071e-02 2.6366508987e-04 4.5751759738e-17
4.1216557790e-02 2.6366508987e-04 6.7584820358e-17
4.5701959599e-02 2.6366508987e-04 9.9846094541e-17
5.0675486338e-02 2.6366508987e-04 1.4601726264e-16
5.6190258320e-02 2.6366508987e-04 2.1590184704e-16
6.2305176688e-02 2.6366508987e-04 3.1421655850e-16
6.9085552518e-02 2.6366508987e-04 4.4690313865e-16
7.6603804377e-02 2.6366508987e-04 6.1523858409e-16
8.4940231802e-02 2.6366508987e-04 8.1015128014e-16
9.4183872945e-02 2.6366508987e-04 1.0037108141e-15
1.0443345556e-01 2.6366508987e-04 1.1414699816e-15
1.1579845146e-01 2.6366508987e-04 1.1524521338e-15
1.2840024578e-01 2.6366508987e-04 9.8924204159e-16
1.4237343339e-01 2.6366508987e-04 6.8047927590e-16
1.5786725650e-01 2.6366508987e-04 3.4653861601e-16
1.7504719864e-01 2.6366508987e-04 1.1859086308e-16
1.9409675211e-01 2.6366508987e-04 2.4115054218e-17
2.1521937781e-01 2.6366508987e-04 2.3372156037e-18
2.3864067833e-01 2.6366508987e-04 7.6064006769e-20
2.6461080752e-01 2.6366508987e-04 4.5356880571e-22
2.9340714225e-01 2.6366508987e-04 2.0803032190e-25
3.2533724503e-01 2.6366508987e-04 1.9279802785e-30
3.6074214893e-01 2.6366508987e-04 4.1229125301e-38
4.0000000000e-01 2.6366508987e-04 nan
2.0000000000e-02 4.8329302386e-04 1.3517146372e-17
2.2176504808e-02 4.8329302386e-04 2.2038521644e-17
2.4589868274e-02 4.8329302386e-04 3.2661193718e-17
2.7265866600e-02 4.8329302386e-04 4.8204290302e-17
3.0233081086e-02 4.8329302386e-04 7.1019031035e-17
3.3523203403e-02 4.8329302386e-04 1.0461390758e-16
3.7171374071e-02 4.8329302386e-04 1.5371759899e-16
4.1216557790e-02 4.8329302386e-04 2.2707271530e-16
4.5701959599e-02 4.8329302386e-04 3.3546473422e-16
5.0675486338e-02 4.8329302386e-04 4.9059146907e-16
5.6190258320e-02 4.8329302386e-04 7.2539097357e-16
6.2305176688e-02 4.8329302386e-04 1.0557105387e-15
6.9085552518e-02 4.8329302386e-04 1.5015133366e-15
7.6603804377e-02 4.8329302386e-04 2.0670898433e-15
8.4940231802e-02 4.8329302386e-04 2.7219610814e-15
9.4183872945e-02 4.8329302386e-04 3.3722859389e-15
1.0443345556e-01 4.8329302386e-04 3.8351317013e-15
1.1579845146e-01 4.8329302386e-04 3.8720297264e-15
1.2840024578e-01 4.8329302386e-04 3.3236734632e-15
1.4237343339e-01 4.8329302386e-04 2.2862866719e-15
1.5786725650e-01 4.8329302386e-04 1.1643067433e-15
1.7504719864e-01 4.8329302386e-04 3.9844373044e-16
1.9409675211e-01 4.8329302386e-04 8.1022193529e-17
2.1521937781e-01 4.8329302386e-04 7.8526186544e-18
2.3864067833e-01 4.8329302386e-04 2.5556118062e-19
2.6461080752e-01 4.8329302386e-04 1.5239081313e-21
2.9340714225e-01 4.8329302386e-04 6.9894355569e-25
3.2533724503e-01 4.8329302386e-04 6.4776545557e-30
3.6074214893e-01 4.8329302386e-04 1.3852202105e-37
4.0000000000e-01 4.8329302386e-04 nan
2.0000000000e-02 8.8586679041e-04 4.5415155560e-17
2.2176504808e-02 8.8586679041e-04 7.4045428022e-17
2.4589868274e-02 8.8586679041e-04 1.0973567590e-16
2.7265866600e-02 8.8586679041e-04 1.6195765603e-16
3.0233081086e-02 8.8586679041e-04 2.3861103913e-16
3.3523203403e-02 8.8586679041e-04 3.5148371965e-16
3.7171374071e-02 8.8586679041e-04 5.1646319993e-16
4.1216557790e-02 8.8586679041e-04 7.6292306100e-16
4.5701959599e-02 8.8586679041e-04 1.1271005481e-15
5.0675486338e-02 8.8586679041e-04 1.6482981882e-15
5.6190258320e-02 8.8586679041e-04 2.4371818559e-15
6.2305176688e-02 8.8586679041e-04 3.5469955688e-15
6.9085552518e-02 8.8586679041e-04 5.0448119554e-15
7.6603804377e-02 8.8586679041e-04 6.9450462324e-15
8.4940231802e-02 8.8586679041e-04 9.1452945677e-15
9.4183872945e-02 8.8586679041e-04 1.1330267867e-14
1.0443345556e-01 8.8586679041e-04 1.2885345438e-14
1.1579845146e-01 8.8586679041e-04 1.3009315978e-14
1.2840024578e-01 8.8586679041e-04 1.1166938454e-14
1.4237343339e-01 8.8586679041e-04 7.6815072863e-15
1.5786725650e-01 8.8586679041e-04 3.9118586836e-15
1.7504719864e-01 8.8586679041e-04 1.3386983066e-15
1.9409675211e-01 8.8586679041e-04 2.7221977283e-16
2.1521937781e-01 8.8586679041e-04 2.6383359674e-17
2.3864067833e-01 8.8586679041e-04 8.5863844784e-19
2.6461080752e-01 8.8586679041e-04 5.1200472250e-21
2.9340714225e-01 8.8586679041e-04 2.3483174252e-24
3.2533724503e-01 8.8586679041e-04 2.1763642444e-29
3.6074214893e-01 8.8586679041e-04 4.6540489036e-37
4.0000000000e-01 8.8586679041e-04 nan
2.0000000000e-02 1.6237767392e-03 1.5258667012e-16
2.2176504808e-02 1.6237767392e-03 2.4877918307e-16
2.4589868274e-02 1.6237767392e-03 3.6869193052e-16
2.7265866600e-02 1.6237767392e-03 5.4414829425e-16
3.0233081086e-02 1.6237767392e-03 8.0168973239e-16
3.3523203403e-02 1.6237767392e-03 1.1809214282e-15
3.7171374071e-02 1.6237767392e-03 1.7352225024e-15
4.1216557790e-02 1.6237767392e-03 2.5632828494e-15
4.5701959599e-02 1.6237767392e-03 3.7868530275e-15
5.0675486338e-02 1.6237767392e-03 5.5379823858e-15
5.6190258320e-02 1.6237767392e-03 8.1884881468e-15
6.2305176688e-02 1.6237767392e-03 1.1917260526e-14
6.9085552518e-02 1.6237767392e-03 1.6949651346e-14
7.6603804377e-02 1.6237767392e-03 2.3334093077e-14
8.4940231802e-02 1.6237767392e-03 3.0726527378e-14
9.4183872945e-02 1.6237767392e-03 3.8067640066e-14
1.0443345556e-01 1.6237767392e-03 4.3292417175e-14
1.1579845146e-01 1.6237767392e-03 4.3708934308e-14
1.2840024578e-01 1.6237767392e-03 3.7518879215e-14
1.4237343339e-01 1.6237767392e-03 2.5808463208e-14
1.5786725650e-01 1.6237767392e-03 1.3143129787e-14
1.7504719864e-01 1.6237767392e-03 4.4977805109e-15
1.9409675211e-01 1.6237767392e-03 9.1460812864e-16
2.1521937781e-01 1.6237767392e-03 8.8643157965e-17
2.3864067833e-01 1.6237767392e-03 2.8848614813e-18
2.6461080752e-01 1.6237767392e-03 1.7202347228e-20
2.9340714225e-01 1.6237767392e-03 7.8898530648e-24
3.2533724503e-01 1.6237767392e-03 7.3120757460e-29
3.6074214893e-01 1.6237767392e-03 1.5636315096e-36
4.0000000000e-01 1.6237767392e-03 nan
2.0000000000e-02 2.9763514416e-03 5.1266348448e-16
2.2176504808e-02 2.9763514416e-03 8.3585284836e-16
2.4589868274e-02 2.9763514416e-03 1.2387378898e-15
2.7265866600e-02 2.9763514416e-03 1.8282393885e-15
3.0233081086e-02 2.9763514416e-03 2.6935318207e-15
3.3523203403e-02 2.9763514416e-03 3.9676814044e-15
3.7171374071e-02 2.9763514416e-03 5.8300322844e-15
4.1216557790e-02 2.9763514416e-03 8.6121645685e-15
4.5701959599e-02 2.9763514416e-03 1.2723138001e-14
5.0675486338e-02 2.9763514416e-03 1.8606614398e-14
5.6190258320e-02 2.9763514416e-03 2.7511831989e-14
6.2305176688e-02 2.9763514416e-03 4.0039829298e-14
6.9085552518e-02 2.9763514416e-03 5.6947747274e-14
7.6603804377e-02 2.9763514416e-03 7.8398309753e-14
8.4940231802e-02 2.9763514416e-03 1.0323554242e-13
9.4183872945e-02 2.9763514416e-03 1.2790034079e-13
1.0443345556e-01 2.9763514416e-03 1.4545463170e-13
1.1579845146e-01 2.9763514416e-03 1.4685403830e-13
1.2840024578e-01 2.9763514416e-03 1.2605656224e-13
1.4237343339e-01 2.9763514416e-03 8.6711685233e-14
1.5786725650e-01 2.9763514416e-03 4.4158476415e-14
1.7504719864e-01 2.9763514416e-03 1.5111696541e-14
1.9409675211e-01 2.9763514416e-03 3.0729076107e-15
2.1521937781e-01 2.9763514416e-03 2.9782336424e-16
2.3864067833e-01 2.9763514416e-03 9.6925236973e-18
2.6461080752e-01 2.9763514416e-03 5.7795845701e-20
2.9340714225e-01 2.9763514416e-03 2.6507718978e-23
3.2533724503e-01 2.9763514416e-03 2.4565974324e-28
3.6074214893e-01 2.9763514416e-03 5.2530171130e-36
4.0000000000e-01 2.9763514416e-03 nan
2.0000000000e-02 5.4555947812e-03 1.7224561495e-15
2.2176504808e-02 5.4555947812e-03 2.8083136827e-15
2.4589868274e-02 5.4555947812e-03 4.1619342096e-15
2.7265866600e-02 5.4555947812e-03 6.1425521190e-15
3.0233081086e-02 5.4555947812e-03 9.0497774424e-15
3.3523203403e-02 5.4555947812e-03 1.3330688483e-14
3.7171374071e-02 5.4555947812e-03 1.9587848966e-14
4.1216557790e-02 5.4555947812e-03 2.8935307754e-14
4.5701959599e-02 5.4555947812e-03 4.2747431170e-14
5.0675486338e-02 5.4555947812e-03 6.2514842273e-14
5.6190258320e-02 5.4555947812e-03 9.2434753683e-14
6.2305176688e-02 5.4555947812e-03 1.3452654458e-13
6.9085552518e-02 5.4555947812e-03 1.9133406836e-13
7.6603804377e-02 5.4555947812e-03 2.6340404243e-13
8.4940231802e-02 5.4555947812e-03 3.4685259390e-13
9.4183872945e-02 5.4555947812e-03 4.2972176359e-13
1.0443345556e-01 5.4555947812e-03 4.8870086967e-13
1.1579845146e-01 5.4555947812e-03 4.9340244918e-13
1.2840024578e-01 5.4555947812e-03 4.2352653075e-13
1.4237343339e-01 5.4555947812e-03 2.9133481264e-13
1.5786725650e-01 5.4555947812e-03 1.4836387654e-13
1.7504719864e-01 5.4555947812e-03 5.0772230766e-14
1.9409675211e-01 5.4555947812e-03 1.0324303891e-14
2.1521937781e-01 5.4555947812e-03 1.0006150144e-15
2.3864067833e-01 5.4555947812e-03 3.2564140116e-17
2.6461080752e-01 5.4555947812e-03 1.9417320980e-19
2.9340714225e-01 5.4555947812e-03 8.9052612276e-23
3.2533724503e-01 5.4555947812e-03 8.2522858448e-28
3.6074214893e-01 5.4555947812e-03 1.7643532873e-35
4.0000000000e-01 5.4555947812e-03 nan
2.0000000000e-02 1.0000000000e-02 5.7871396638e-15
2.2176504808e-02 1.0000000000e-02 9.4354236443e-15
2.4589868274e-02 1.0000000000e-02 1.3983342614e-14
2.7265866600e-02 1.0000000000e-02 2.0637858818e-14
3.0233081086e-02 1.0000000000e-02 3.0405607471e-14
3.3523203403e-02 1.0000000000e-02 4.4788690336e-14
3.7171374071e-02 1.0000000000e-02 6.5811611869e-14
4.1216557790e-02 1.0000000000e-02 9.7217373309e-14
4.5701959599e-02 1.0000000000e-02 1.4362359478e-13
5.0675486338e-02 1.0000000000e-02 2.1003849864e-13
5.6190258320e-02 1.0000000000e-02 3.1056394724e-13
6.2305176688e-02 1.0000000000e-02 4.5198467589e-13
6.9085552518e-02 1.0000000000e-02 6.4284754038e-13
7.6603804377e-02 1.0000000000e-02 8.8498935384e-13
8.4940231802e-02 1.0000000000e-02 1.1653609052e-12
9.4183872945e-02 1.0000000000e-02 1.4437854565e-12
1.0443345556e-01 1.0000000000e-02 1.6419431640e-12
1.1579845146e-01 1.0000000000e-02 1.6577376707e-12
1.2840024578e-01 1.0000000000e-02 1.4229652725e-12
1.4237343339e-01 1.0000000000e-02 9.7882420771e-13
1.5786725650e-01 1.0000000000e-02 4.9846911803e-13
1.7504719864e-01 1.0000000000e-02 1.7058181641e-13
1.9409675211e-01 1.0000000000e-02 3.4686573882e-14
2.1521937781e-01 1.0000000000e-02 3.3616885420e-15
2.3864067833e-01 1.0000000000e-02 1.0939855140e-16
2.6461080752e-01 1.0000000000e-02 6.5227011183e-19
2.9340714225e-01 1.0000000000e-02 2.9910458864e-22
3.2533724503e-01 1.0000000000e-02 2.7709986732e-27
3.6074214893e-01 1.0000000000e-02 5.9215328624e-35
4.0000000000e-01 1.0000000000e-02 nan
