2.0000000000e-02 1.0000000000e-07 6.9572761948e-27
2.2176504808e-02 1.0000000000e-07 1.1215511094e-26
2.4589868274e-02 1.0000000000e-07 1.7975395316e-26
2.7265866600e-02 1.0000000000e-07 2.7755278450e-26
3.0233081086e-02 1.0000000000e-07 4.4124632884e-26
3.3523203403e-02 1.0000000000e-07 6.9870524401e-26
3.7171374071e-02 1.0000000000e-07 1.0965684869e-25
4.1216557790e-02 1.0000000000e-07 1.7024301748e-25
4.5701959599e-02 1.0000000000e-07 2.5945114568e-25
5.0675486338e-02 1.0000000000e-07 3.8806893594e-25
5.6190258320e-02 1.0000000000e-07 6.0373528165e-25
6.2305176688e-02 1.0000000000e-07 9.3102521151e-25
6.9085552518e-02 1.0000000000e-07 1.4176702142e-24
7.6603804377e-02 1.0000000000e-07 2.1189910946e-24
8.4940231802e-02 1.0000000000e-07 3.0827502384e-24
9.4183872945e-02 1.0000000000e-07 4.3180875323e-24
1.0443345556e-01 1.0000000000e-07 5.7429805742e-24
1.1579845146e-01 1.0000000000e-07 7.1166064652e-24
1.2840024578e-01 1.0000000000e-07 8.0069419694e-24
1.4237343339e-01 1.0000000000e-07 7.8938933752e-24
1.5786725650e-01 1.0000000000e-07 6.5026503870e-24
1.7504719864e-01 1.0000000000e-07 4.2050930323e-24
1.9409675211e-01 1.0000000000e-07 1.9740936464e-24
2.1521937781e-01 1.0000000000e-07 6.0645808914e-25
2.3864067833e-01 1.0000000000e-07 1.0446775371e-25
2.6461080752e-01 1.0000000000e-07 7.6660202789e-27
2.9340714225e-01 1.0000000000e-07 1.4747762086e-28
3.2533724503e-01 1.0000000000e-07 3.9091154014e-31
3.6074214893e-01 1.0000000000e-07 4.4976336085e-35
4.0000000000e-01 1.0000000000e-07 nan
2.0000000000e-02 1.8329807108e-07 2.3375183782e-26
2.2176504808e-02 1.8329807108e-07 3.7682079264e-26
2.4589868274e-02 1.8329807108e-07 6.0394061886e-26
2.7265866600e-02 1.8329807108e-07 9.3252692076e-26
3.0233081086e-02 1.8329807108e-07 1.4825074844e-25
3.3523203403e-02 1.8329807108e-07 2.3475226555e-25
3.7171374071e-02 1.8329807108e-07 3.6842708543e-25
4.1216557790e-02 1.8329807108e-07 5.7198560324e-25
4.5701959599e-02 1.8329807108e-07 8.7170870365e-25
5.0675486338e-02 1.8329807108e-07 1.3038411073e-24
5.6190258320e-02 1.8329807108e-07 2.0284408394e-24
6.2305176688e-02 1.8329807108e-07 3.1280755306e-24
6.9085552518e-02 1.8329807108e-07 4.7631143095e-24
7.6603804377e-02 1.8329807108e-07 7.1194250281e-24
8.4940231802e-02 1.8329807108e-07 1.0357480623e-23
9.4183872945e-02 1.8329807108e-07 1.4507989453e-23
1.0443345556e-01 1.8329807108e-07 1.9295371151e-23
1.1579845146e-01 1.8329807108e-07 2.3910504538e-23
1.2840024578e-01 1.8329807108e-07 2.6901870046e-23
1.4237343339e-01 1.8329807108e-07 2.6522047312e-23
1.5786725650e-01 1.8329807108e-07 2.1847723679e-23
1.7504719864e-01 1.8329807108e-07 1.4128348466e-23
1.9409675211e-01 1.8329807108e-07 6.6325959320e-24
2.1521937781e-01 1.8329807108e-07 2.0375889778e-24
2.3864067833e-01 1.8329807108e-07 3.5099266924e-25
2.6461080752e-01 1.8329807108e-07 2.5756435116e-26
2.9340714225e-01 1.8329807108e-07 4.9549800738e-28
3.2533724503e-01 1.8329807108e-07 1.3133917409e-30
3.6074214893e-01 1.8329807108e-07 1.5111231643e-34
4.0000000000e-01 1.8329807108e-07 nan
2.0000000000e-02 3.3598182863e-07 7.8536369916e-26
2.2176504808e-02 3.3598182863e-07 1.2660493898e-25
2.4589868274e-02 3.3598182863e-07 2.0291307351e-25
2.7265866600e-02 3.3598182863e-07 3.1331210008e-25
3.0233081086e-02 3.3598182863e-07 4.9809557556e-25
3.3523203403e-02 3.3598182863e-07 7.8872495456e-25
3.7171374071e-02 3.3598182863e-07 1.2378480588e-24
4.1216557790e-02 3.3598182863e-07 1.9217676893e-24
4.5701959599e-02 3.3598182863e-07 2.9287828428e-24
5.0675486338e-02 3.3598182863e-07 4.3806691947e-24
5.6190258320e-02 3.3598182863e-07 6.8151926248e-24
6.2305176688e-02 3.3598182863e-07 1.0509765369e-23
6.9085552518e-02 3.3598182863e-07 1.6003198557e-23
7.6603804377e-02 3.3598182863e-07 2.3919974397e-23
8.4940231802e-02 3.3598182863e-07 3.4799252797e-23
9.4183872945e-02 3.3598182863e-07 4.8744208261e-23
1.0443345556e-01 3.3598182863e-07 6.4828940833e-23
1.1579845146e-01 3.3598182863e-07 8.0334950382e-23
1.2840024578e-01 3.3598182863e-07 9.0385394916e-23
1.4237343339e-01 3.3598182863e-07 8.9109259549e-23
1.5786725650e-01 3.3598182863e-07 7.3404381532e-23
1.7504719864e-01 3.3598182863e-07 4.7468683530e-23
1.9409675211e-01 3.3598182863e-07 2.2284317098e-23
2.1521937781e-01 3.3598182863e-07 6.8459287075e-24
2.3864067833e-01 3.3598182863e-07 1.1792715885e-24
2.6461080752e-01 3.3598182863e-07 8.6536941693e-26
2.9340714225e-01 3.3598182863e-07 1.6647832660e-27
3.2533724503e-01 3.3598182863e-07 4.4127575881e-30
3.6074214893e-01 3.3598182863e-07 5.0770992403e-34
4.0000000000e-01 3.3598182863e-07 nan
2.0000000000e-02 6.1584821107e-07 2.6386793178e-25
2.2176504808e-02 6.1584821107e-07 4.2536958911e-25
2.4589868274e-02 6.1584821107e-07 6.8175105490e-25
2.7265866600e-02 6.1584821107e-07 1.0526717232e-24
3.0233081086e-02 6.1584821107e-07 1.6735106231e-24
3.3523203403e-02 6.1584821107e-07 2.6499725252e-24
3.7171374071e-02 6.1584821107e-07 4.1589445436e-24
4.1216557790e-02 6.1584821107e-07 6.4567902244e-24
4.5701959599e-02 6.1584821107e-07 9.8401781519e-24
5.0675486338e-02 6.1584821107e-07 1.4718252467e-23
5.6190258320e-02 6.1584821107e-07 2.2897808805e-23
6.2305176688e-02 6.1584821107e-07 3.5310901870e-23
6.9085552518e-02 6.1584821107e-07 5.3767839150e-23
7.6603804377e-02 6.1584821107e-07 8.0366767388e-23
8.4940231802e-02 6.1584821107e-07 1.1691916590e-22
9.4183872945e-02 6.1584821107e-07 1.6377168226e-22
1.0443345556e-01 6.1584821107e-07 2.1781346089e-22
1.1579845146e-01 6.1584821107e-07 2.6991083532e-22
1.2840024578e-01 6.1584821107e-07 3.0367850265e-22
1.4237343339e-01 6.1584821107e-07 2.9939091971e-22
1.5786725650e-01 6.1584821107e-07 2.4662538337e-22
1.7504719864e-01 6.1584821107e-07 1.5948615095e-22
1.9409675211e-01 6.1584821107e-07 7.4871256084e-23
2.1521937781e-01 6.1584821107e-07 2.3001076458e-23
2.3864067833e-01 6.1584821107e-07 3.9621382475e-24
2.6461080752e-01 6.1584821107e-07 2.9074839915e-25
2.9340714225e-01 6.1584821107e-07 5.5933692601e-27
3.2533724503e-01 6.1584821107e-07 1.4826063638e-29
3.6074214893e-01 6.1584821107e-07 1.7058130869e-33
4.0000000000e-01 6.1584821107e-07 nan
2.0000000000e-02 1.1288378917e-06 8.8654830236e-25
2.2176504808e-02 1.1288378917e-06 1.4291645239e-24
2.4589868274e-02 1.1288378917e-06 2.2905596609e-24
2.7265866600e-02 1.1288378917e-06 3.5367857050e-24
3.0233081086e-02 1.1288378917e-06 5.6226915937e-24
3.3523203403e-02 1.1288378917e-06 8.9034261482e-24
3.7171374071e-02 1.1288378917e-06 1.3973297929e-23
4.1216557790e-02 1.1288378917e-06 2.1693641867e-23
4.5701959599e-02 1.1288378917e-06 3.3061210495e-23
5.0675486338e-02 1.1288378917e-06 4.9450653780e-23
5.6190258320e-02 1.1288378917e-06 7.6932476740e-23
6.2305176688e-02 1.1288378917e-06 1.1863821381e-22
6.9085552518e-02 1.1288378917e-06 1.8065016919e-22
7.6603804377e-02 1.1288378917e-06 2.7001773468e-22
8.4940231802e-02 1.1288378917e-06 3.9282715160e-22
9.4183872945e-02 1.1288378917e-06 5.5024309286e-22
1.0443345556e-01 1.1288378917e-06 7.3181364892e-22
1.1579845146e-01 1.1288378917e-06 9.0685136019e-22
1.2840024578e-01 1.1288378917e-06 1.0203045864e-21
1.4237343339e-01 1.1288378917e-06 1.0058990868e-21
1.5786725650e-01 1.1288378917e-06 8.2861647292e-22
1.7504719864e-01 1.1288378917e-06 5.3584448639e-22
1.9409675211e-01 1.1288378917e-06 2.5155381532e-22
2.1521937781e-01 1.1288378917e-06 7.7279437292e-23
2.3864067833e-01 1.1288378917e-06 1.3312064538e-23
2.6461080752e-01 1.1288378917e-06 9.7686178823e-25
2.9340714225e-01 1.1288378917e-06 1.8792704323e-26
3.2533724503e-01 1.1288378917e-06 4.9812879729e-29
3.6074214893e-01 1.1288378917e-06 5.7312220032e-33
4.0000000000e-01 1.1288378917e-06 nan
2.0000000000e-02 2.0691380811e-06 2.9786411980e-24
2.2176504808e-02 2.0691380811e-06 4.8017331016e-24
2.4589868274e-02 2.0691380811e-06 7.6958642347e-24
2.7265866600e-02 2.0691380811e-06 1.1882957286e-23
3.0233081086e-02 2.0691380811e-06 1.8891222035e-23
3.3523203403e-02 2.0691380811e-06 2.9913893984e-23
3.7171374071e-02 2.0691380811e-06 4.6947741903e-23
4.1216557790e-02 2.0691380811e-06 7.2886694640e-23
4.5701959599e-02 2.0691380811e-06 1.1107965959e-22
5.0675486338e-02 2.0691380811e-06 1.6614521084e-22
5.6190258320e-02 2.0691380811e-06 2.5847914216e-22
6.2305176688e-02 2.0691380811e-06 3.9860284022e-22
6.9085552518e-02 2.0691380811e-06 6.0695174188e-22
7.6603804377e-02 2.0691380811e-06 9.0721052262e-22
8.4940231802e-02 2.0691380811e-06 1.3198278473e-21
9.4183872945e-02 2.0691380811e-06 1.8487168053e-21
1.0443345556e-01 2.0691380811e-06 2.4587608799e-21
1.1579845146e-01 2.0691380811e-06 3.0468557831e-21
1.2840024578e-01 2.0691380811e-06 3.4280380071e-21
1.4237343339e-01 2.0691380811e-06 3.3796381463e-21
1.5786725650e-01 2.0691380811e-06 2.7840007783e-21
1.7504719864e-01 2.0691380811e-06 1.8003401042e-21
1.9409675211e-01 2.0691380811e-06 8.4517510880e-22
2.1521937781e-01 2.0691380811e-06 2.5964486661e-22
2.3864067833e-01 2.0691380811e-06 4.4726117870e-23
2.6461080752e-01 2.0691380811e-06 3.2820781000e-24
2.9340714225e-01 2.0691380811e-06 6.3140071652e-26
3.2533724503e-01 2.0691380811e-06 1.6736222426e-28
3.6074214893e-01 2.0691380811e-06 1.9255864497e-32
4.0000000000e-01 2.0691380811e-06 nan
2.0000000000e-02 3.7926901907e-06 1.0007693165e-23
2.2176504808e-02 3.7926901907e-06 1.6132950681e-23
2.4589868274e-02 3.7926901907e-06 2.5856705385e-23
2.7265866600e-02 3.7926901907e-06 3.9924577186e-23
3.0233081086e-02 3.7926901907e-06 6.3471073244e-23
3.3523203403e-02 3.7926901907e-06 1.0050524802e-22
3.7171374071e-02 3.7926901907e-06 1.5773588175e-22
4.1216557790e-02 3.7926901907e-06 2.4488604949e-22
4.5701959599e-02 3.7926901907e-06 3.7320747154e-22
5.0675486338e-02 3.7926901907e-06 5.5821771758e-22
5.6190258320e-02 3.7926901907e-06 8.6844294851e-22
6.2305176688e-02 3.7926901907e-06 1.3392331116e-21
6.9085552518e-02 3.7926901907e-06 2.0392475614e-21
7.6603804377e-02 3.7926901907e-06 3.0480625037e-21
8.4940231802e-02 3.7926901907e-06 4.4343817367e-21
9.4183872945e-02 3.7926901907e-06 6.2113525295e-21
1.0443345556e-01 3.7926901907e-06 8.2609897670e-21
1.1579845146e-01 3.7926901907e-06 1.0236881777e-20
1.2840024578e-01 3.7926901907e-06 1.1517584785e-20
1.4237343339e-01 3.7926901907e-06 1.1354970048e-20
1.5786725650e-01 3.7926901907e-06 9.3537367267e-21
1.7504719864e-01 3.7926901907e-06 6.0488156057e-21
1.9409675211e-01 3.7926901907e-06 2.8396347869e-21
2.1521937781e-01 3.7926901907e-06 8.7235957123e-22
2.3864067833e-01 3.7926901907e-06 1.5027162879e-22
2.6461080752e-01 3.7926901907e-06 1.1027186026e-23
2.9340714225e-01 3.7926901907e-06 2.1213916753e-25
3.2533724503e-01 3.7926901907e-06 5.6230666214e-28
3.6074214893e-01 3.7926901907e-06 6.4696205741e-32
4.0000000000e-01 3.7926901907e-06 nan
2.0000000000e-02 6.9519279618e-06 3.3624030501e-23
2.2176504808e-02 6.9519279618e-06 5.4203782711e-23
2.4589868274e-02 6.9519279618e-06 8.6873831578e-23
2.7265866600e-02 6.9519279618e-06 1.3413932451e-22
3.0233081086e-02 6.9519279618e-06 2.1325127255e-22
3.3523203403e-02 6.9519279618e-06 3.3767937019e-22
3.7171374071e-02 6.9519279618e-06 5.2996389994e-22
4.1216557790e-02 6.9519279618e-06 8.2277262720e-22
4.5701959599e-02 6.9519279618e-06 1.2539092876e-21
5.0675486338e-02 6.9519279618e-06 1.8755100955e-21
5.6190258320e-02 6.9519279618e-06 2.9178104995e-21
6.2305176688e-02 6.9519279618e-06 4.4995798988e-21
6.9085552518e-02 6.9519279618e-06 6.8515012486e-21
7.6603804377e-02 6.9519279618e-06 1.0240936140e-20
8.4940231802e-02 6.9519279618e-06 1.4898716852e-20
9.4183872945e-02 6.9519279618e-06 2.0869015820e-20
1.0443345556e-01 6.9519279618e-06 2.7755424496e-20
1.1579845146e-01 6.9519279618e-06 3.4394062610e-20
1.2840024578e-01 6.9519279618e-06 3.8696992001e-20
1.4237343339e-01 6.9519279618e-06 3.8150636039e-20
1.5786725650e-01 6.9519279618e-06 3.1426855731e-20
1.7504719864e-01 6.9519279618e-06 2.0322921307e-20
1.9409675211e-01 6.9519279618e-06 9.5406568973e-21
2.1521937781e-01 6.9519279618e-06 2.9309696448e-21
2.3864067833e-01 6.9519279618e-06 5.0488536739e-22
2.6461080752e-01 6.9519279618e-06 3.7049341351e-23
2.9340714225e-01 6.9519279618e-06 7.1274905651e-25
3.2533724503e-01 6.9519279618e-06 1.8892482130e-27
3.6074214893e-01 6.9519279618e-06 2.1736749608e-31
4.0000000000e-01 6.9519279618e-06 nan
2.0000000000e-02 1.2742749857e-05 1.1297063255e-22
2.2176504808e-02 1.2742749857e-05 1.8211486036e-22
2.4589868274e-02 1.2742749857e-05 2.9188028797e-22
2.7265866600e-02 1.2742749857e-05 4.5068375546e-22
3.0233081086e-02 1.2742749857e-05 7.1648552521e-22
3.3523203403e-02 1.2742749857e-05 1.1345413231e-21
3.7171374071e-02 1.2742749857e-05 1.7805824026e-21
4.1216557790e-02 1.2742749857e-05 2.7643665192e-21
4.5701959599e-02 1.2742749857e-05 4.2129073554e-21
5.0675486338e-02 1.2742749857e-05 6.3013731179e-21
5.6190258320e-02 1.2742749857e-05 9.8033130774e-21
6.2305176688e-02 1.2742749857e-05 1.5117770835e-20
6.9085552518e-02 1.2742749857e-05 2.3019799202e-20
7.6603804377e-02 1.2742749857e-05 3.4407684546e-20
8.4940231802e-02 1.2742749857e-05 5.0056981379e-20
9.4183872945e-02 1.2742749857e-05 7.0116101062e-20
1.0443345556e-01 1.2742749857e-05 9.3253182915e-20
1.1579845146e-01 1.2742749857e-05 1.1555780072e-19
1.2840024578e-01 1.2742749857e-05 1.3001486165e-19
1.4237343339e-01 1.2742749857e-05 1.2817920496e-19
1.5786725650e-01 1.2742749857e-05 1.0558852492e-19
1.7504719864e-01 1.2742749857e-05 6.8281322918e-20
1.9409675211e-01 1.2742749857e-05 3.2054873665e-20
2.1521937781e-01 1.2742749857e-05 9.8475254677e-21
2.3864067833e-01 1.2742749857e-05 1.6963231020e-21
2.6461080752e-01 1.2742749857e-05 1.2447905564e-22
2.9340714225e-01 1.2742749857e-05 2.3947073385e-24
3.2533724503e-01 1.2742749857e-05 6.3475307732e-27
3.6074214893e-01 1.2742749857e-05 7.3031529927e-31
4.0000000000e-01 1.2742749857e-05 nan
2.0000000000e-02 2.3357214691e-05 3.7956079716e-22
2.2176504808e-02 2.3357214691e-05 6.1187283826e-22
2.4589868274e-02 2.3357214691e-05 9.8066472938e-22
2.7265866600e-02 2.3357214691e-05 1.5142155237e-21
3.0233081086e-02 2.3357214691e-05 2.4072611710e-21
3.3523203403e-02 2.3357214691e-05 3.8118526869e-21
3.7171374071e-02 2.3357214691e-05 5.9824333218e-21
4.1216557790e-02 2.3357214691e-05 9.2877691911e-21
4.5701959599e-02 2.3357214691e-05 1.4154603189e-20
5.0675486338e-02 2.3357214691e-05 2.1171468663e-20
5.6190258320e-02 2.3357214691e-05 3.2937350604e-20
6.2305176688e-02 2.3357214691e-05 5.0792963009e-20
6.9085552518e-02 2.3357214691e-05 7.7342342508e-20
7.6603804377e-02 2.3357214691e-05 1.1560356809e-19
8.4940231802e-02 2.3357214691e-05 1.6818236203e-19
9.4183872945e-02 2.3357214691e-05 2.3557735958e-19
1.0443345556e-01 2.3357214691e-05 3.1331375092e-19
1.1579845146e-01 2.3357214691e-05 3.8825321454e-19
1.2840024578e-01 2.3357214691e-05 4.3682631312e-19
1.4237343339e-01 2.3357214691e-05 4.3065884082e-19
1.5786725650e-01 2.3357214691e-05 3.5475826091e-19
1.7504719864e-01 2.3357214691e-05 2.2941284050e-19
1.9409675211e-01 2.3357214691e-05 1.0769855249e-19
2.1521937781e-01 2.3357214691e-05 3.3085896801e-20
2.3864067833e-01 2.3357214691e-05 5.6993375145e-21
2.6461080752e-01 2.3357214691e-05 4.1822701953e-22
2.9340714225e-01 2.3357214691e-05 8.0457817878e-24
3.2533724503e-01 2.3357214691e-05 2.1326550865e-26
3.6074214893e-01 2.3357214691e-05 2.4537268223e-30
4.0000000000e-01 2.3357214691e-05 nan
2.0000000000e-02 4.2813323987e-05 1.2752553084e-21
2.2176504808e-02 4.2813323987e-05 2.0557815535e-21
2.4589868274e-02 4.2813323987e-05 3.2948552954e-21
2.7265866600e-02 4.2813323987e-05 5.0874890151e-21
3.0233081086e-02 4.2813323987e-05 8.0879601193e-21
3.3523203403e-02 4.2813323987e-05 1.2807132394e-20
3.7171374071e-02 4.2813323987e-05 2.0099888932e-20
4.1216557790e-02 4.2813323987e-05 3.1205216879e-20
4.5701959599e-02 4.2813323987e-05 4.7556894835e-20
5.0675486338e-02 4.2813323987e-05 7.1132287926e-20
5.6190258320e-02 4.2813323987e-05 1.1066351354e-19
6.2305176688e-02 4.2813323987e-05 1.7065512719e-19
6.9085552518e-02 4.2813323987e-05 2.5985621896e-19
7.6603804377e-02 4.2813323987e-05 3.8840698614e-19
8.4940231802e-02 4.2813323987e-05 5.6506218256e-19
9.4183872945e-02 4.2813323987e-05 7.9149713263e-19
1.0443345556e-01 4.2813323987e-05 1.0526772890e-18
1.1579845146e-01 4.2813323987e-05 1.3044602786e-18
1.2840024578e-01 4.2813323987e-05 1.4676570736e-18
1.4237343339e-01 4.2813323987e-05 1.4469354946e-18
1.5786725650e-01 4.2813323987e-05 1.1919233379e-18
1.7504719864e-01 4.2813323987e-05 7.7078549222e-19
1.9409675211e-01 4.2813323987e-05 3.6184758617e-19
2.1521937781e-01 4.2813323987e-05 1.1116260854e-19
2.3864067833e-01 4.2813323987e-05 1.9148739948e-20
2.6461080752e-01 4.2813323987e-05 1.4051669249e-21
2.9340714225e-01 4.2813323987e-05 2.7032367956e-23
3.2533724503e-01 4.2813323987e-05 7.1653345744e-26
3.6074214893e-01 4.2813323987e-05 8.2440776590e-30
4.0000000000e-01 4.2813323987e-05 nan
2.0000000000e-02 7.8475997035e-05 4.2846261202e-21
2.2176504808e-02 7.8475997035e-05 6.9070524852e-21
2.4589868274e-02 7.8475997035e-05 1.1070115128e-20
2.7265866600e-02 7.8475997035e-05 1.7093038726e-20
3.0233081086e-02 7.8475997035e-05 2.7174076501e-20
3.3523203403e-02 7.8475997035e-05 4.3029637979e-20
3.7171374071e-02 7.8475997035e-05 6.7531975069e-20
4.1216557790e-02 7.8475997035e-05 1.0484385957e-19
4.5701959599e-02 7.8475997035e-05 1.5978252721e-19
5.0675486338e-02 7.8475997035e-05 2.3899156585e-19
5.6190258320e-02 7.8475997035e-05 3.7180930411e-19
6.2305176688e-02 7.8475997035e-05 5.7337023119e-19
6.9085552518e-02 7.8475997035e-05 8.7306970217e-19
7.6603804377e-02 7.8475997035e-05 1.3049769410e-18
8.4940231802e-02 7.8475997035e-05 1.8985063349e-18
9.4183872945e-02 7.8475997035e-05 2.6592866761e-18
1.0443345556e-01 7.8475997035e-05 3.5368046229e-18
1.1579845146e-01 7.8475997035e-05 4.3827498223e-18
1.2840024578e-01 7.8475997035e-05 4.9310615127e-18
1.4237343339e-01 7.8475997035e-05 4.8614408544e-18
1.5786725650e-01 7.8475997035e-05 4.0046463426e-18
1.7504719864e-01 7.8475997035e-05 2.5896995933e-18
1.9409675211e-01 7.8475997035e-05 1.2157423641e-18
2.1521937781e-01 7.8475997035e-05 3.7348624903e-19
2.3864067833e-01 7.8475997035e-05 6.4336304101e-20
2.6461080752e-01 7.8475997035e-05 4.7211070752e-21
2.9340714225e-01 7.8475997035e-05 9.0823880049e-23
3.2533724503e-01 7.8475997035e-05 2.4074233605e-25
3.6074214893e-01 7.8475997035e-05 2.7698618810e-29
4.0000000000e-01 7.8475997035e-05 nan
2.0000000000e-02 1.4384498883e-04 1.4395565361e-20
2.2176504808e-02 1.4384498883e-04 2.3206441574e-20
2.4589868274e-02 1.4384498883e-04 3.7193575867e-20
2.7265866600e-02 1.4384498883e-04 5.7429505237e-20
3.0233081086e-02 1.4384498883e-04 9.1299961328e-20
3.3523203403e-02 1.4384498883e-04 1.4457176866e-19
3.7171374071e-02 1.4384498883e-04 2.2689517247e-19
4.1216557790e-02 1.4384498883e-04 3.5225633090e-19
4.5701959599e-02 1.4384498883e-04 5.3684028283e-19
5.0675486338e-02 1.4384498883e-04 8.0296827984e-19
5.6190258320e-02 1.4384498883e-04 1.2492117858e-18
6.2305176688e-02 1.4384498883e-04 1.9264199479e-18
6.9085552518e-02 1.4384498883e-04 2.9333558431e-18
7.6603804377e-02 1.4384498883e-04 4.3844859139e-18
8.4940231802e-02 1.4384498883e-04 6.3786372160e-18
9.4183872945e-02 1.4384498883e-04 8.9347215419e-18
1.0443345556e-01 1.4384498883e-04 1.1883023306e-17
1.1579845146e-01 1.4384498883e-04 1.4725246659e-17
1.2840024578e-01 1.4384498883e-04 1.6567475595e-17
1.4237343339e-01 1.4384498883e-04 1.6333563755e-17
1.5786725650e-01 1.4384498883e-04 1.3454889836e-17
1.7504719864e-01 1.4384498883e-04 8.7009245845e-18
1.9409675211e-01 1.4384498883e-04 4.0846759906e-18
2.1521937781e-01 1.4384498883e-04 1.2548468785e-18
2.3864067833e-01 1.4384498883e-04 2.1615848814e-19
2.6461080752e-01 1.4384498883e-04 1.5862079330e-20
2.9340714225e-01 1.4384498883e-04 3.0515213793e-22
3.2533724503e-01 1.4384498883e-04 8.0885179819e-25
3.6074214893e-01 1.4384498883e-04 9.3062505888e-29
4.0000000000e-01 1.4384498883e-04 nan
2.0000000000e-02 2.6366508987e-04 4.8366485691e-20
2.2176504808e-02 2.6366508987e-04 7.7969430490e-20
2.4589868274e-02 2.6366508987e-04 1.2496366343e-19
2.7265866600e-02 2.6366508987e-04 1.9295271490e-19
3.0233081086e-02 2.6366508987e-04 3.0675130429e-19
3.3523203403e-02 2.6366508987e-04 4.8573491860e-19
3.7171374071e-02 2.6366508987e-04 7.6232663672e-19
4.1216557790e-02 2.6366508987e-04 1.1835174236e-18
4.5701959599e-02 2.6366508987e-04 1.8036860934e-18
5.0675486338e-02 2.6366508987e-04 2.6978280363e-18
5.6190258320e-02 2.6366508987e-04 4.1971255813e-18
6.2305176688e-02 2.6366508987e-04 6.4724227778e-18
6.9085552518e-02 2.6366508987e-04 9.8555459043e-18
7.6603804377e-02 2.6366508987e-04 1.4731081868e-17
8.4940231802e-02 2.6366508987e-04 2.1431072291e-17
9.4183872945e-02 2.6366508987e-04 3.0019058193e-17
1.0443345556e-01 2.6366508987e-04 3.9924826753e-17
1.1579845146e-01 2.6366508987e-04 4.9474194327e-17
1.2840024578e-01 2.6366508987e-04 5.5663763377e-17
1.4237343339e-01 2.6366508987e-04 5.4877872501e-17
1.5786725650e-01 2.6366508987e-04 4.5206050658e-17
1.7504719864e-01 2.6366508987e-04 2.9233576719e-17
1.9409675211e-01 2.6366508987e-04 1.3723798035e-17
2.1521937781e-01 2.6366508987e-04 4.2160682058e-18
2.3864067833e-01 2.6366508987e-04 7.2625546665e-19
2.6461080752e-01 2.6366508987e-04 5.3293901134e-20
2.9340714225e-01 2.6366508987e-04 1.0252603039e-21
3.2533724503e-01 2.6366508987e-04 2.7176096838e-24
3.6074214893e-01 2.6366508987e-04 3.1267513991e-28
4.0000000000e-01 2.6366508987e-04 nan
2.0000000000e-02 4.8329302386e-04 1.6250262507e-19
2.2176504808e-02 4.8329302386e-04 2.6196316042e-19
2.4589868274e-02 4.8329302386e-04 4.1985528166e-19
2.7265866600e-02 4.8329302386e-04 6.4828620711e-19
3.0233081086e-02 4.8329302386e-04 1.0306289201e-18
3.3523203403e-02 4.8329302386e-04 1.6319815875e-18
3.7171374071e-02 4.8329302386e-04 2.5612799584e-18
4.1216557790e-02 4.8329302386e-04 3.9764053063e-18
4.5701959599e-02 4.8329302386e-04 6.0600608414e-18
5.0675486338e-02 4.8329302386e-04 9.0642179118e-18
5.6190258320e-02 4.8329302386e-04 1.4101590341e-17
6.2305176688e-02 4.8329302386e-04 2.1746184836e-17
6.9085552518e-02 4.8329302386e-04 3.3112880630e-17
7.6603804377e-02 4.8329302386e-04 4.9493825053e-17
8.4940231802e-02 4.8329302386e-04 7.2004625206e-17
9.4183872945e-02 4.8329302386e-04 1.0085877677e-16
1.0443345556e-01 4.8329302386e-04 1.3414047631e-16
1.1579845146e-01 4.8329302386e-04 1.6622476938e-16
1.2840024578e-01 4.8329302386e-04 1.8702076128e-16
1.4237343339e-01 4.8329302386e-04 1.8438042814e-16
1.5786725650e-01 4.8329302386e-04 1.5188485782e-16
1.7504719864e-01 4.8329302386e-04 9.8220083511e-17
1.9409675211e-01 4.8329302386e-04 4.6109794376e-17
2.1521937781e-01 4.8329302386e-04 1.4165344030e-17
2.3864067833e-01 4.8329302386e-04 2.4401115192e-18
2.6461080752e-01 4.8329302386e-04 1.7906004676e-19
2.9340714225e-01 4.8329302386e-04 3.4447399141e-21
3.2533724503e-01 4.8329302386e-04 9.1308397616e-24
3.6074214893e-01 4.8329302386e-04 1.0505545779e-27
4.0000000000e-01 4.8329302386e-04 nan
2.0000000000e-02 8.8586679041e-04 5.4597953967e-19
2.2176504808e-02 8.8586679041e-04 8.8014909187e-19
2.4589868274e-02 8.8586679041e-04 1.4106383576e-18
2.7265866600e-02 8.8586679041e-04 2.1781255149e-18
3.0233081086e-02 8.8586679041e-04 3.4627290369e-18
3.3523203403e-02 8.8586679041e-04 5.4831675154e-18
3.7171374071e-02 8.8586679041e-04 8.6054463512e-18
4.1216557790e-02 8.8586679041e-04 1.3360019856e-17
4.5701959599e-02 8.8586679041e-04 2.0360740733e-17
5.0675486338e-02 8.8586679041e-04 3.0454192168e-17
5.6190258320e-02 8.8586679041e-04 4.7378905974e-17
6.2305176688e-02 8.8586679041e-04 7.3063460090e-17
6.9085552518e-02 8.8586679041e-04 1.1125368267e-16
7.6603804377e-02 8.8586679041e-04 1.6629101270e-16
8.4940231802e-02 8.8586679041e-04 2.4192377299e-16
9.4183872945e-02 8.8586679041e-04 3.3886937637e-16
1.0443345556e-01 8.8586679041e-04 4.5069116191e-16
1.1579845146e-01 8.8586679041e-04 5.5849028680e-16
1.2840024578e-01 8.8586679041e-04 6.2836289898e-16
1.4237343339e-01 8.8586679041e-04 6.1949318462e-16
1.5786725650e-01 8.8586679041e-04 5.1031390066e-16
1.7504719864e-01 8.8586679041e-04 3.3000815595e-16
1.9409675211e-01 8.8586679041e-04 1.5492421914e-16
2.1521937781e-01 8.8586679041e-04 4.7594347525e-17
2.3864067833e-01 8.8586679041e-04 8.1986148880e-18
2.6461080752e-01 8.8586679041e-04 6.0163431556e-19
2.9340714225e-01 8.8586679041e-04 1.1574282599e-20
3.2533724503e-01 8.8586679041e-04 3.0679825558e-23
3.6074214893e-01 8.8586679041e-04 3.5299312690e-27
4.0000000000e-01 8.8586679041e-04 nan
2.0000000000e-02 1.6237767392e-03 1.8343948452e-18
2.2176504808e-02 1.6237767392e-03 2.9571463771e-18
2.4589868274e-02 1.6237767392e-03 4.7394987622e-18
2.7265866600e-02 1.6237767392e-03 7.3181246903e-18
3.0233081086e-02 1.6237767392e-03 1.1634175839e-17
3.3523203403e-02 1.6237767392e-03 1.8422513479e-17
3.7171374071e-02 1.6237767392e-03 2.8912861433e-17
4.1216557790e-02 1.6237767392e-03 4.4887471489e-17
4.5701959599e-02 1.6237767392e-03 6.8408812373e-17
5.0675486338e-02 1.6237767392e-03 1.0232130893e-16
5.6190258320e-02 1.6237767392e-03 1.5918592438e-16
6.2305176688e-02 1.6237767392e-03 2.4548255263e-16
6.9085552518e-02 1.6237767392e-03 3.7379690782e-16
7.6603804377e-02 1.6237767392e-03 5.5871609936e-16
8.4940231802e-02 1.6237767392e-03 8.1283477781e-16
9.4183872945e-02 1.6237767392e-03 1.1385645181e-15
1.0443345556e-01 1.6237767392e-03 1.5142803307e-15
1.1579845146e-01 1.6237767392e-03 1.8764853340e-15
1.2840024578e-01 1.6237767392e-03 2.1112655915e-15
1.4237343339e-01 1.6237767392e-03 2.0814799225e-15
1.5786725650e-01 1.6237767392e-03 1.7146565483e-15
1.7504719864e-01 1.6237767392e-03 1.1088410743e-15
1.9409675211e-01 1.6237767392e-03 5.2055886520e-16
2.1521937781e-01 1.6237767392e-03 1.5992377477e-16
2.3864067833e-01 1.6237767392e-03 2.7549057435e-17
2.6461080752e-01 1.6237767392e-03 2.0216652690e-18
2.9340714225e-01 1.6237767392e-03 3.8894061168e-20
3.2533724503e-01 1.6237767392e-03 1.0309967091e-22
3.6074214893e-01 1.6237767392e-03 1.1862848910e-26
4.0000000000e-01 1.6237767392e-03 nan
2.0000000000e-02 2.9763514416e-03 6.1632649960e-18
2.2176504808e-02 2.9763514416e-03 9.9355350193e-18
2.4589868274e-02 2.9763514416e-03 1.5923969896e-17
2.7265866600e-02 2.9763514416e-03 2.4587780875e-17
3.0233081086e-02 2.9763514416e-03 3.9089117468e-17
3.3523203403e-02 2.9763514416e-03 6.1897053916e-17
3.7171374071e-02 2.9763514416e-03 9.7143376342e-17
4.1216557790e-02 2.9763514416e-03 1.5081637177e-16
4.5701959599e-02 2.9763514416e-03 2.2984595753e-16
5.0675486338e-02 2.9763514416e-03 3.4378955226e-16
5.6190258320e-02 2.9763514416e-03 5.3485169296e-16
6.2305176688e-02 2.9763514416e-03 8.2480615700e-16
6.9085552518e-02 2.9763514416e-03 1.2559433102e-15
7.6603804377e-02 2.9763514416e-03 1.8772806772e-15
8.4940231802e-02 2.9763514416e-03 2.7311449116e-15
9.4183872945e-02 2.9763514416e-03 3.8256519928e-15
1.0443345556e-01 2.9763514416e-03 5.0881574160e-15
1.1579845146e-01 2.9763514416e-03 6.3053208971e-15
1.2840024578e-01 2.9763514416e-03 7.0943766995e-15
1.4237343339e-01 2.9763514416e-03 6.9944711317e-15
1.5786725650e-01 2.9763514416e-03 5.7620020013e-15
1.7504719864e-01 2.9763514416e-03 3.7263357626e-15
1.9409675211e-01 2.9763514416e-03 1.7494532496e-15
2.1521937781e-01 2.9763514416e-03 5.3748883982e-16
2.3864067833e-01 2.9763514416e-03 9.2595963289e-17
2.6461080752e-01 2.9763514416e-03 6.7956258523e-18
2.9340714225e-01 2.9763514416e-03 1.3075119676e-19
3.2533724503e-01 2.9763514416e-03 3.4663357475e-22
3.6074214893e-01 2.9763514416e-03 3.9889992928e-26
4.0000000000e-01 2.9763514416e-03 nan
2.0000000000e-02 5.4555947812e-03 2.0707807725e-17
2.2176504808e-02 5.4555947812e-03 3.3382275711e-17
2.4589868274e-02 5.4555947812e-03 5.3502946648e-17
2.7265866600e-02 5.4555947812e-03 8.2612865772e-17
3.0233081086e-02 5.4555947812e-03 1.3133685536e-16
3.3523203403e-02 5.4555947812e-03 2.0797139046e-16
3.7171374071e-02 5.4555947812e-03 3.2640007421e-16
4.1216557790e-02 5.4555947812e-03 5.0674522712e-16
4.5701959599e-02 5.4555947812e-03 7.7229459578e-16
5.0675486338e-02 5.4555947812e-03 1.1551669110e-15
5.6190258320e-02 5.4555947812e-03 1.7971841337e-15
6.2305176688e-02 5.4555947812e-03 2.7715305482e-15
6.9085552518e-02 5.4555947812e-03 4.2203466273e-15
7.6603804377e-02 5.4555947812e-03 6.3084068685e-15
8.4940231802e-02 5.4555947812e-03 9.1780443677e-15
9.4183872945e-02 5.4555947812e-03 1.2856680020e-14
1.0443345556e-01 5.4555947812e-03 1.7100371655e-14
1.1579845146e-01 5.4555947812e-03 2.1192308711e-14
1.2840024578e-01 5.4555947812e-03 2.3846065896e-14
1.4237343339e-01 5.4555947812e-03 2.3512307566e-14
1.5786725650e-01 5.4555947812e-03 1.9371330813e-14
1.7504719864e-01 5.4555947812e-03 1.2529194367e-14
1.9409675211e-01 5.4555947812e-03 5.8831511309e-15
2.1521937781e-01 5.4555947812e-03 1.8078291793e-15
2.3864067833e-01 5.4555947812e-03 3.1151352574e-16
2.6461080752e-01 5.4555947812e-03 2.2868166633e-17
2.9340714225e-01 5.4555947812e-03 4.4013805419e-19
3.2533724503e-01 5.4555947812e-03 1.1673057849e-21
3.6074214893e-01 5.4555947812e-03 1.3439536394e-25
4.0000000000e-01 5.4555947812e-03 nan
2.0000000000e-02 1.0000000000e-02 6.9578504260e-17
2.2176504808e-02 1.0000000000e-02 1.1216609562e-16
2.4589868274e-02 1.0000000000e-02 1.7977486922e-16
2.7265866600e-02 1.0000000000e-02 2.7759119596e-16
3.0233081086e-02 1.0000000000e-02 4.4131903346e-16
3.3523203403e-02 1.0000000000e-02 6.9884244772e-16
3.7171374071e-02 1.0000000000e-02 1.0968253485e-15
4.1216557790e-02 1.0000000000e-02 1.7029062799e-15
4.5701959599e-02 1.0000000000e-02 2.5953784517e-15
5.0675486338e-02 1.0000000000e-02 3.8822400872e-15
5.6190258320e-02 1.0000000000e-02 6.0402399012e-15
6.2305176688e-02 1.0000000000e-02 9.3155838034e-15
6.9085552518e-02 1.0000000000e-02 1.4186430906e-14
7.6603804377e-02 1.0000000000e-02 2.1207347692e-14
8.4940231802e-02 1.0000000000e-02 3.0857938551e-14
9.4183872945e-02 1.0000000000e-02 4.3232056177e-14
1.0443345556e-01 1.0000000000e-02 5.7511568519e-14
1.1579845146e-01 1.0000000000e-02 7.1287829081e-14
1.2840024578e-01 1.0000000000e-02 8.0234145005e-14
1.4237343339e-01 1.0000000000e-02 7.9134295105e-14
1.5786725650e-01 1.0000000000e-02 6.5220186325e-14
1.7504719864e-01 1.0000000000e-02 4.2201736246e-14
1.9409675211e-01 1.0000000000e-02 1.9826214277e-14
2.1521937781e-01 1.0000000000e-02 6.0961509717e-15
2.3864067833e-01 1.0000000000e-02 1.0512333223e-15
2.6461080752e-01 1.0000000000e-02 7.7240355745e-17
2.9340714225e-01 1.0000000000e-02 1.4882405253e-18
3.2533724503e-01 1.0000000000e-02 3.9521850903e-21
3.6074214893e-01 1.0000000000e-02 4.5574549193e-25
4.0000000000e-01 1.0000000000e-02 nan
