1.301029995663981254e+00 -7.809568280301709464e+00
1.307699511580889595e+00 -7.838383838383838231e+00
1.314171712791900148e+00 -7.866346900806748366e+00
1.327313429919819265e+00 -7.924251823588559063e+00
1.330467291591494572e+00 -7.939393939393939448e+00
1.340455147047738160e+00 -7.988465046993537655e+00
1.351735715611529942e+00 -8.040404040404041552e+00
1.353596864175657055e+00 -8.049024106123988886e+00
1.366738581303576172e+00 -8.110667463964961854e+00
1.373077442228299860e+00 -8.141414141414141881e+00
1.379880298431495289e+00 -8.173080766415846909e+00
1.393022015559414184e+00 -8.236071972837283539e+00
1.394402070118929027e+00 -8.242424242424242209e+00
1.406163732687333301e+00 -8.294941776458909288e+00
1.417062392547284944e+00 -8.343434343434342537e+00
1.419305449815252196e+00 -8.353414616806880133e+00
1.432447166943171313e+00 -8.411887457154852754e+00
1.439953794441833246e+00 -8.444444444444444642e+00
1.445588884071090208e+00 -8.468884386544694109e+00
1.458730601199009325e+00 -8.527508671300184417e+00
1.462471176684275953e+00 -8.545454545454546746e+00
1.471872318326928220e+00 -8.590871352274675132e+00
1.483815953964524814e+00 -8.646464646464647075e+00
1.485014035454847336e+00 -8.652056643819324933e+00
1.498155752582766231e+00 -8.712484561593230481e+00
1.505656088302263829e+00 -8.747474747474747403e+00
1.511297469710685348e+00 -8.771167946592978382e+00
1.524439186838604243e+00 -8.829475627763988754e+00
1.528638842887145355e+00 -8.848484848484847731e+00
1.537580903966523360e+00 -8.889413597090459973e+00
1.550722621094442255e+00 -8.947413505768508912e+00
1.551202668732894807e+00 -8.949494949494949836e+00
1.563864338222361372e+00 -9.004394818620609087e+00
1.574643993349173154e+00 -9.050505050505050164e+00
1.577006055350280267e+00 -9.060608827046616298e+00
1.590147772478199384e+00 -9.118716473218370311e+00
1.597122708527077606e+00 -9.151515151515152269e+00
1.603289489606118279e+00 -9.180513592120306043e+00
1.616431206734037396e+00 -9.241974111338638664e+00
1.618799711086360116e+00 -9.252525252525252597e+00
1.629572923861956291e+00 -9.298337569788683865e+00
1.642553220528129465e+00 -9.353535353535352925e+00
1.642714640989875186e+00 -9.354218133955232162e+00
1.655856358117794302e+00 -9.409805306990648432e+00
1.667329046530434455e+00 -9.454545454545455030e+00
1.668998075245713419e+00 -9.461054181036493205e+00
1.682139792373632314e+00 -9.510796825777060093e+00
1.692957802240208753e+00 -9.555555555555555358e+00
1.695281509501551209e+00 -9.565389796539227163e+00
1.708423226629470104e+00 -9.620691195601885681e+00
1.717078231497259022e+00 -9.656565656565657463e+00
1.721564943757389443e+00 -9.675162801950378366e+00
1.734706660885308338e+00 -9.729634408298871051e+00
1.741480286179950099e+00 -9.757575757575757791e+00
1.747848378013227233e+00 -9.782613977366029445e+00
1.760990095141146128e+00 -9.833207650104931474e+00
1.767648374818346246e+00 -9.858585858585858119e+00
1.774131812269065467e+00 -9.882746526677294696e+00
1.787273529396984362e+00 -9.931719416150293966e+00
1.794764235661575391e+00 -9.959595959595958448e+00
1.800415246524903257e+00 -9.980626106057332692e+00
1.813556963652822152e+00 -1.002900966496644486e+01
1.822457280295090243e+00 -1.006060606060606055e+01
1.826698680780741491e+00 -1.007585775111170179e+01
1.839840397908660385e+00 -1.012181964350316754e+01
1.851144421357167502e+00 -1.016161616161616266e+01
1.852982115036579280e+00 -1.016808587659260255e+01
1.866123832164498397e+00 -1.021435210968203933e+01
1.879265549292417514e+00 -1.026057744760442780e+01
1.879921301744354123e+00 -1.026262626262626299e+01
1.892407266420336409e+00 -1.030030297202163858e+01
1.905548983548255304e+00 -1.033932177541934472e+01
1.913738251608911867e+00 -1.036363636363636331e+01
1.918690700676174643e+00 -1.037766457945918930e+01
1.931832417804093316e+00 -1.041593759652349149e+01
1.944974134932012433e+00 -1.044757111465302124e+01
1.952365490372557577e+00 -1.046464646464646364e+01
1.958115852059931550e+00 -1.047793082624842143e+01
1.971257569187850223e+00 -1.050829053784381806e+01
1.984399286315769118e+00 -1.053147053560222446e+01
1.997541003443688457e+00 -1.055235364668626197e+01
2.006335072189363800e+00 -1.056565656565656575e+01
2.010682720571607351e+00 -1.057223331821706935e+01
2.023824437699526246e+00 -1.058661141285774754e+01
2.036966154827445585e+00 -1.059200073582469059e+01
2.050107871955364480e+00 -1.059753638115614827e+01
2.063249589083283375e+00 -1.060313921463820996e+01
2.076391306211202270e+00 -1.058626747306622562e+01
2.089533023339121165e+00 -1.056918633163525101e+01
2.092469755462793124e+00 -1.056565656565656575e+01
2.102674740467040504e+00 -1.055345723633513799e+01
2.115816457594959399e+00 -1.051937913122933921e+01
2.128958174722878294e+00 -1.047293447917041576e+01
2.131487546744927464e+00 -1.046464646464646364e+01
2.142099891850797633e+00 -1.042998237196220046e+01
2.155241608978716528e+00 -1.038217827128268134e+01
2.158353959020935964e+00 -1.036363636363636331e+01
2.168383326106635423e+00 -1.030136816579142334e+01
2.174623377720295458e+00 -1.026262626262626299e+01
2.181525043234554317e+00 -1.021808742213224264e+01
2.190764136929470141e+00 -1.016161616161616266e+01
2.194666760362473212e+00 -1.013868340903182919e+01
2.203601549485043165e+00 -1.006060606060606055e+01
2.207808477490392551e+00 -1.002384349361429372e+01
2.214313510606819246e+00 -9.959595959595958448e+00
2.220950194618311002e+00 -9.894048163886735026e+00
2.224540736635086891e+00 -9.858585858585858119e+00
2.234091911746230341e+00 -9.762462500916724295e+00
2.234503873355441872e+00 -9.757575757575757791e+00
2.243131109894084929e+00 -9.656565656565657463e+00
2.247233628874149680e+00 -9.610263428230879867e+00
2.250744583049898218e+00 -9.555555555555555358e+00
2.257227047430095723e+00 -9.454545454545455030e+00
2.260375346002068575e+00 -9.405488500567217969e+00
2.263709511810293673e+00 -9.353535353535352925e+00
2.270154209766936049e+00 -9.252525252525252597e+00
2.273517063129987470e+00 -9.197055017028095136e+00
2.276392258404607016e+00 -9.151515151515152269e+00
2.283258153737351748e+00 -9.050505050505050164e+00
2.286658780257906365e+00 -9.002345824610111791e+00
2.289015110683263465e+00 -8.949494949494949836e+00
2.293518596647496022e+00 -8.848484848484847731e+00
2.298022082611728134e+00 -8.747474747474747403e+00
2.299800497385825260e+00 -8.705138978817190676e+00
2.302164701029969063e+00 -8.646464646464647075e+00
2.306205391732435217e+00 -8.545454545454546746e+00
2.310566538575417272e+00 -8.444444444444444642e+00
2.312942214513744155e+00 -8.395079003507316173e+00
2.315558939414163131e+00 -8.343434343434342537e+00
2.320676906037110854e+00 -8.242424242424242209e+00
2.325116924501235083e+00 -8.141414141414141881e+00
2.326083931641663494e+00 -8.120235223634930222e+00
2.328943246569516567e+00 -8.040404040404041552e+00
2.332605877173659970e+00 -7.939393939393939448e+00
2.336268507777802483e+00 -7.838383838383837343e+00
2.339225648769582389e+00 -7.756830129434067800e+00
2.339775158917906328e+00 -7.737373737373737903e+00
2.342544336043316022e+00 -7.636363636363636687e+00
2.345220548590566167e+00 -7.535353535353536358e+00
2.347896761137817201e+00 -7.434343434343434254e+00
2.350878088194877868e+00 -7.333333333333333037e+00
2.352367365897501728e+00 -7.289341716598868537e+00
2.354401575560125082e+00 -7.232323232323232709e+00
2.357932631002293444e+00 -7.131313131313131493e+00
2.361260369499827760e+00 -7.030303030303031164e+00
2.364588107997361188e+00 -6.929292929292929060e+00
2.365509083025420622e+00 -6.901337673589694077e+00
2.367764672717525443e+00 -6.828282828282828731e+00
2.370718559145259086e+00 -6.727272727272728403e+00
2.373779511873361336e+00 -6.626262626262626299e+00
2.376851936022757350e+00 -6.525252525252525082e+00
2.378650800153339517e+00 -6.469274049595068021e+00
2.379447224206951539e+00 -6.424242424242423866e+00
2.381233677026992623e+00 -6.323232323232323537e+00
2.383020129847033708e+00 -6.222222222222221433e+00
2.384806582667074792e+00 -6.121212121212121104e+00
2.386871512508283555e+00 -6.020202020202020776e+00
2.389035624508669908e+00 -5.919191919191918672e+00
2.390855549237357991e+00 -5.818181818181818343e+00
2.391792517281258412e+00 -5.766177888972168653e+00
2.392675473966046962e+00 -5.717171717171718015e+00
2.394495398694735044e+00 -5.616161616161615910e+00
2.396233375066592952e+00 -5.515151515151515582e+00
2.397923548230287860e+00 -5.414141414141413478e+00
2.399836949598910696e+00 -5.313131313131313149e+00
2.402090415515297117e+00 -5.212121212121212821e+00
2.404593608980611474e+00 -5.111111111111110716e+00
2.404934234409177307e+00 -5.096932540248202415e+00
2.407020271673116607e+00 -5.010101010101010388e+00
2.409341704553048302e+00 -4.909090909090910060e+00
2.411663137432980442e+00 -4.808080808080807955e+00
2.413931530252003022e+00 -4.707070707070707627e+00
2.416190158715565861e+00 -4.606060606060605522e+00
2.418075951537096202e+00 -4.514045752749654028e+00
2.418179509434125407e+00 -4.505050505050505194e+00
2.419449260128645030e+00 -4.404040404040404866e+00
2.420719010823165540e+00 -4.303030303030302761e+00
2.421988761517685163e+00 -4.202020202020202433e+00
2.423258512212205673e+00 -4.101010101010100328e+00
2.424732996941595164e+00 -4.000000000000000000e+00
