1.301029995663981254e+00 -7.804504832181521579e+00
1.308459885958509261e+00 -7.838383838383837343e+00
1.314171712791900148e+00 -7.864428774317484994e+00
1.327313429919819265e+00 -7.924352716439690525e+00
1.330612069670967790e+00 -7.939393939393939448e+00
1.340455147047737938e+00 -7.984276658486786360e+00
1.352675828386555867e+00 -8.040404040404041552e+00
1.353596864175657277e+00 -8.044634191412391999e+00
1.366738581303576172e+00 -8.105297788413022175e+00
1.374562563372589308e+00 -8.141414141414141881e+00
1.379880298431495511e+00 -8.165961385390183125e+00
1.393022015559414184e+00 -8.226529434811359565e+00
1.396497095868110438e+00 -8.242424242424242209e+00
1.406163732687333301e+00 -8.286638855928318392e+00
1.418580924813925614e+00 -8.343434343434342537e+00
1.419305449815252418e+00 -8.346748277070959787e+00
1.432447166943171313e+00 -8.406857698213601182e+00
1.440698372175909903e+00 -8.444444444444444642e+00
1.445588884071090430e+00 -8.466722211674586163e+00
1.458730601199009325e+00 -8.526508799946354245e+00
1.462895074128435446e+00 -8.545454545454546746e+00
1.471872318326928220e+00 -8.586295388178733390e+00
1.485014035454847336e+00 -8.645828212853110983e+00
1.485155673643588470e+00 -8.646464646464647075e+00
1.498155752582766231e+00 -8.704878886735052390e+00
1.507635453929910607e+00 -8.747474747474747403e+00
1.511297469710685348e+00 -8.763929560626531057e+00
1.524439186838604243e+00 -8.822980234559762991e+00
1.530183456303028766e+00 -8.848484848484847731e+00
1.537580903966523360e+00 -8.881329590161707088e+00
1.550722621094442255e+00 -8.939626996264502523e+00
1.552947108574234791e+00 -8.949494949494949836e+00
1.563864338222361372e+00 -8.997924402370003349e+00
1.575747793202489699e+00 -9.050505050505050164e+00
1.577006055350280267e+00 -9.056072475076883066e+00
1.590147772478199384e+00 -9.114081169936937954e+00
1.598628342471459352e+00 -9.151515151515152269e+00
1.603289489606118057e+00 -9.172089864784524593e+00
1.616431206734037396e+00 -9.230002295628288778e+00
1.621616910295092806e+00 -9.252525252525252597e+00
1.629572923861956291e+00 -9.287080438454093922e+00
1.642714640989875186e+00 -9.344158581290706422e+00
1.644873556509688139e+00 -9.353535353535352925e+00
1.655856358117794302e+00 -9.401236724130013656e+00
1.668931491912125642e+00 -9.454545454545455030e+00
1.668998075245713419e+00 -9.454816921976398447e+00
1.682139792373632314e+00 -9.506823044572826120e+00
1.694454282331946171e+00 -9.555555555555555358e+00
1.695281509501551209e+00 -9.558829167151413841e+00
1.708423226629470326e+00 -9.611188419380845005e+00
1.719614390916857971e+00 -9.656565656565657463e+00
1.721564943757389221e+00 -9.664474636955308284e+00
1.734706660885308338e+00 -9.717760854529769787e+00
1.744526014127445679e+00 -9.757575757575757791e+00
1.747848378013227233e+00 -9.771047072106812337e+00
1.760990095141146350e+00 -9.822353820755374443e+00
1.770328217875617227e+00 -9.858585858585858119e+00
1.774131812269065467e+00 -9.873343854372459205e+00
1.787273529396984362e+00 -9.924333887993448400e+00
1.796625868482236044e+00 -9.959595959595958448e+00
1.800415246524903257e+00 -9.973883435558009936e+00
1.813556963652822596e+00 -1.002166007720766672e+01
1.824269669263710592e+00 -1.006060606060606055e+01
1.826698680780741491e+00 -1.006943671885912117e+01
1.839840397908660385e+00 -1.011713749861865352e+01
1.852665518864197391e+00 -1.016161616161616266e+01
1.852982115036579502e+00 -1.016271414537058604e+01
1.866123832164498175e+00 -1.020829079212251678e+01
1.879265549292417514e+00 -1.025386743887490937e+01
1.881990166399906794e+00 -1.026262626262626299e+01
1.892407266420336409e+00 -1.029611410311347086e+01
1.905548983548255304e+00 -1.033632577802994135e+01
1.914474450875417455e+00 -1.036363636363636331e+01
1.918690700676174421e+00 -1.037653745294793062e+01
1.931832417804093316e+00 -1.041515059319751835e+01
1.944974134932012433e+00 -1.044763601721169799e+01
1.951855574691262696e+00 -1.046464646464646364e+01
1.958115852059931328e+00 -1.048012144122584033e+01
1.971257569187850001e+00 -1.051260686523998089e+01
1.984399286315769340e+00 -1.053658049006832975e+01
1.997541003443688457e+00 -1.055833364554658971e+01
2.001964993550548577e+00 -1.056565656565656575e+01
2.010682720571607351e+00 -1.058008680102639332e+01
2.023824437699525802e+00 -1.059620797746863197e+01
2.036966154827445585e+00 -1.060311318819108450e+01
2.050107871955364480e+00 -1.061001839890814935e+01
2.063249589083283375e+00 -1.061692360962319981e+01
2.076391306211202270e+00 -1.060278939461347036e+01
2.089533023339121165e+00 -1.058790377156114459e+01
2.102674740467040504e+00 -1.057301814851342137e+01
2.105823269439516032e+00 -1.056565656565656575e+01
2.115816457594959399e+00 -1.054229146936760841e+01
2.128958174722878294e+00 -1.049869393211970703e+01
2.139221189900405662e+00 -1.046464646464646364e+01
2.142099891850797633e+00 -1.045509639487402609e+01
2.155241608978716528e+00 -1.040683815731478390e+01
2.162577999371750881e+00 -1.036363636363636331e+01
2.168383326106635423e+00 -1.032945054276997610e+01
2.179731211581549921e+00 -1.026262626262626299e+01
2.181525043234554317e+00 -1.025206292823654408e+01
2.194666760362473212e+00 -1.017467531372765954e+01
2.196177558526655638e+00 -1.016161616161616266e+01
2.207808477490392995e+00 -1.006107993940932488e+01
2.207857363898474645e+00 -1.006060606060606055e+01
2.218277794152925253e+00 -9.959595959595958448e+00
2.220950194618311446e+00 -9.933691132793548206e+00
2.228698224407374529e+00 -9.858585858585858119e+00
2.234091911746230341e+00 -9.806302326204221487e+00
2.238378408411893616e+00 -9.757575757575757791e+00
2.247233628874149680e+00 -9.656914415571254295e+00
2.247256744731485067e+00 -9.656565656565657463e+00
2.253951726214799223e+00 -9.555555555555555358e+00
2.260375346002069019e+00 -9.458639606619771101e+00
2.260646707698095614e+00 -9.454545454545455030e+00
2.267341689181420428e+00 -9.353535353535352925e+00
2.273517063129987470e+00 -9.260364797732430375e+00
2.274036670669341564e+00 -9.252525252525252597e+00
2.280731652202585558e+00 -9.151515151515152269e+00
2.286658780257906365e+00 -9.062089990358169089e+00
2.287201148047391719e+00 -9.050505050505048388e+00
2.291930100108873880e+00 -8.949494949494949836e+00
2.296659052170355597e+00 -8.848484848484847731e+00
2.299800497385825260e+00 -8.781383787952451669e+00
2.301335976781241577e+00 -8.747474747474747403e+00
2.305909946739071792e+00 -8.646464646464647075e+00
2.310483916709441310e+00 -8.545454545454546746e+00
2.312942214513744155e+00 -8.491166277240669302e+00
2.315057886705312207e+00 -8.444444444444444642e+00
2.319631856723032293e+00 -8.343434343434342537e+00
2.324205826740752823e+00 -8.242424242424242209e+00
2.326083931641663494e+00 -8.200948772637381978e+00
2.328283445244024641e+00 -8.141414141414141881e+00
2.332015274889025047e+00 -8.040404040404041552e+00
2.335747104540644159e+00 -7.939393939393939448e+00
2.339225648769582833e+00 -7.845239560246237254e+00
2.339437201752900819e+00 -7.838383838383838231e+00
2.342554158456055191e+00 -7.737373737373738791e+00
2.345671115672736562e+00 -7.636363636363636687e+00
2.348788073460001957e+00 -7.535353535353536358e+00
2.351905031247267797e+00 -7.434343434343434254e+00
2.352367365897501728e+00 -7.419360726574415921e+00
2.355021989253167192e+00 -7.333333333333333037e+00
2.358138947397216079e+00 -7.232323232323231821e+00
2.361255906662156789e+00 -7.131313131313131493e+00
2.364372869065594518e+00 -7.030303030303030276e+00
2.365509083025420622e+00 -6.993482218244293946e+00
2.367422169541941290e+00 -6.929292929292929060e+00
2.370432657201669624e+00 -6.828282828282828731e+00
2.373443144701822050e+00 -6.727272727272727515e+00
2.376453633225824369e+00 -6.626262626262626299e+00
2.378650800153339517e+00 -6.552542013221716921e+00
2.379207437907668865e+00 -6.525252525252525082e+00
2.381267793135778188e+00 -6.424242424242424754e+00
2.383328148314855621e+00 -6.323232323232323537e+00
2.385388503493933499e+00 -6.222222222222222321e+00
2.387448858673010932e+00 -6.121212121212121104e+00
2.389509245413784289e+00 -6.020202020202020776e+00
2.391569638365480532e+00 -5.919191919191918672e+00
2.391792517281258412e+00 -5.908265328875130784e+00
2.393630026638684960e+00 -5.818181818181818343e+00
2.395690415505105531e+00 -5.717171717171718015e+00
2.397750804074918030e+00 -5.616161616161615910e+00
2.399811260082810094e+00 -5.515151515151515582e+00
2.401871755429583200e+00 -5.414141414141413478e+00
2.403932262844025392e+00 -5.313131313131313149e+00
2.404934234409177307e+00 -5.264013007563417723e+00
2.405992784525533335e+00 -5.212121212121212821e+00
2.408053307836901524e+00 -5.111111111111110716e+00
2.410114004552509126e+00 -5.010101010101010388e+00
2.412174939698946030e+00 -4.909090909090910060e+00
2.414235874845382934e+00 -4.808080808080807955e+00
2.416296807292806825e+00 -4.707070707070707627e+00
2.418075951537096202e+00 -4.619871812185393445e+00
2.418285125500224009e+00 -4.606060606060605522e+00
2.419815142606790648e+00 -4.505050505050505194e+00
2.421345998047317760e+00 -4.404040404040404866e+00
2.422876853487845317e+00 -4.303030303030302761e+00
2.424407708928372873e+00 -4.202020202020202433e+00
2.425938564368899986e+00 -4.101010101010100328e+00
2.427469508562380085e+00 -4.000000000000000000e+00
