1.301029995663981254e+00 -7.973946870098233219e+00
1.314171712791900148e+00 -8.034065213495233948e+00
1.315557364250909744e+00 -8.040404040404041552e+00
1.327313429919819265e+00 -8.094183556809108282e+00
1.337637915734816163e+00 -8.141414141414141881e+00
1.340455147047737938e+00 -8.154301900121586399e+00
1.353596864175657277e+00 -8.214671290433892992e+00
1.359620677984321180e+00 -8.242424242424242209e+00
1.366738581303576172e+00 -8.275217890388370634e+00
1.379880298431495289e+00 -8.335764490391511572e+00
1.381547031872722098e+00 -8.343434343434342537e+00
1.393022015559414184e+00 -8.396239090946117756e+00
1.403557715213239909e+00 -8.444444444444444642e+00
1.406163732687333301e+00 -8.456368094291075721e+00
1.419305449815252196e+00 -8.516497097641261504e+00
1.425634352119153903e+00 -8.545454545454546746e+00
1.432447166943171535e+00 -8.576626101003199665e+00
1.445588884071090208e+00 -8.636472918324846759e+00
1.447786256715511088e+00 -8.646464646464647075e+00
1.458730601199009325e+00 -8.696229949139542725e+00
1.470000315152759862e+00 -8.747474747474747403e+00
1.471872318326928220e+00 -8.755986979961658534e+00
1.485014035454847336e+00 -8.815518507719023233e+00
1.492344184489967862e+00 -8.848484848484847731e+00
1.498155752582766231e+00 -8.874621579568081842e+00
1.511297469710685348e+00 -8.933724651413324835e+00
1.514804035274677441e+00 -8.949494949494949836e+00
1.524439186838604243e+00 -8.992827723243008720e+00
1.537408927892506050e+00 -9.050505050505050164e+00
1.537580903966523360e+00 -9.051269839891446622e+00
1.550722621094442255e+00 -9.109662996896807030e+00
1.560141690131854997e+00 -9.151515151515152269e+00
1.563864338222361594e+00 -9.168056153905919103e+00
1.577006055350280267e+00 -9.226327836020605133e+00
1.582925743588024403e+00 -9.252525252525252597e+00
1.590147772478199384e+00 -9.284486141569098905e+00
1.603289489606118501e+00 -9.342644447130913576e+00
1.605754778117936654e+00 -9.353535353535352925e+00
1.616431206734037396e+00 -9.400700618061474501e+00
1.628808348262651862e+00 -9.454545454545455030e+00
1.629572923861956291e+00 -9.457871622225528796e+00
1.642714640989875186e+00 -9.515042626391119640e+00
1.652027219330383101e+00 -9.555555555555555358e+00
1.655856358117794080e+00 -9.572213630557232733e+00
1.668998075245713419e+00 -9.625882019797211697e+00
1.676738880549183852e+00 -9.656565656565657463e+00
1.682139792373632314e+00 -9.677974232305189162e+00
1.695281509501551209e+00 -9.730066444807823345e+00
1.702182528763825253e+00 -9.757575757575757791e+00
1.708423226629470326e+00 -9.782452852245336672e+00
1.721564943757389443e+00 -9.835611521381551370e+00
1.727244586337733034e+00 -9.858585858585858119e+00
1.734706660885308338e+00 -9.888770190520034475e+00
1.747848378013227233e+00 -9.941928859655810413e+00
1.752388296177895821e+00 -9.959595959595958448e+00
1.760990095141146350e+00 -9.993069876181390754e+00
1.774131812269065467e+00 -1.004388806828950287e+01
1.778455128720384915e+00 -1.006060606060606055e+01
1.787273529396984362e+00 -1.009470626039845342e+01
1.800415246524903257e+00 -1.014405980284723441e+01
1.805267325385349064e+00 -1.016161616161616266e+01
1.813556963652822374e+00 -1.019161069956046894e+01
1.826698680780741491e+00 -1.023916159627372835e+01
1.833194301023307160e+00 -1.026262626262626299e+01
1.839840397908660385e+00 -1.028663450820442371e+01
1.852982115036579280e+00 -1.033192384617191806e+01
1.862184213204387095e+00 -1.036363636363636331e+01
1.866123832164498619e+00 -1.037721318414009986e+01
1.879265549292417514e+00 -1.042250252211109718e+01
1.892407266420336409e+00 -1.046442001956937951e+01
1.892481930406709756e+00 -1.046464646464646364e+01
1.905548983548255304e+00 -1.050427694782350230e+01
1.918690700676174421e+00 -1.054413387607626085e+01
1.926086559637138595e+00 -1.056565656565656575e+01
1.931832417804093316e+00 -1.058237758783296734e+01
1.944974134932012433e+00 -1.061443730302618427e+01
1.958115852059931328e+00 -1.064649701821946692e+01
1.966383667692779280e+00 -1.066666666666666607e+01
1.971257569187850223e+00 -1.067855673341310663e+01
1.984399286315769118e+00 -1.070204460487963338e+01
1.997541003443688457e+00 -1.072329634320216130e+01
2.010682720571607351e+00 -1.074454808152484198e+01
2.023824437699526246e+00 -1.076013432934802161e+01
2.036966154827445585e+00 -1.076644977450695073e+01
2.039519386904129039e+00 -1.076767676767676818e+01
2.050107871955364480e+00 -1.077276521966491885e+01
2.063249589083283375e+00 -1.077908066482290650e+01
2.073353838509599090e+00 -1.076767676767676818e+01
2.076391306211202270e+00 -1.076424860910786130e+01
2.089533023339121165e+00 -1.074866128552216438e+01
2.102674740467040504e+00 -1.073307396193825447e+01
2.115816457594959399e+00 -1.070156218729808018e+01
2.126133286070302830e+00 -1.066666666666666607e+01
2.128958174722878294e+00 -1.065711179614681647e+01
2.142099891850797633e+00 -1.061266140499706978e+01
2.154670881548176098e+00 -1.056565656565656575e+01
2.155241608978716528e+00 -1.056352252913075596e+01
2.168383326106635423e+00 -1.048508062374287064e+01
2.171806750579357903e+00 -1.046464646464646364e+01
2.181525043234554317e+00 -1.040663871835498000e+01
2.188729416697322794e+00 -1.036363636363636331e+01
2.194666760362473212e+00 -1.032819681297527481e+01
2.202173467574402910e+00 -1.026262626262626299e+01
2.207808477490392551e+00 -1.021340485424542344e+01
2.213099168375125991e+00 -1.016161616161616266e+01
2.220950194618311446e+00 -1.008476525617302677e+01
2.223418278465978393e+00 -1.006060606060606055e+01
2.233737388556480852e+00 -9.959595959595958448e+00
2.234091911746230341e+00 -9.956125658097922937e+00
2.242599888596222169e+00 -9.858585858585858119e+00
2.247233628874149680e+00 -9.805462289343726212e+00
2.250386410607894128e+00 -9.757575757575757791e+00
2.257036773248586314e+00 -9.656565656565657463e+00
2.260375346002068575e+00 -9.605857208136008296e+00
2.263687135889917545e+00 -9.555555555555555358e+00
2.270337498531048936e+00 -9.454545454545455030e+00
2.273517063129987470e+00 -9.406252127001597074e+00
2.276987861171579475e+00 -9.353535353535352925e+00
2.283638223817459068e+00 -9.252525252525252597e+00
2.286658780257906365e+00 -9.206647046307576687e+00
2.289228185168239005e+00 -9.151515151515152269e+00
2.293935729695872006e+00 -9.050505050505050164e+00
2.298643274223021393e+00 -8.949494949494949836e+00
2.299800497385825260e+00 -8.924664333896537016e+00
2.303235046501854733e+00 -8.848484848484847731e+00
2.307789082949587289e+00 -8.747474747474747403e+00
2.312343119503405209e+00 -8.646464646464647075e+00
2.312942214513744155e+00 -8.633176512601863806e+00
2.316897156079948950e+00 -8.545454545454546746e+00
2.321451192684277132e+00 -8.444444444444444642e+00
2.326005229297670951e+00 -8.343434343434342537e+00
2.326083931641663494e+00 -8.341688698330601781e+00
2.329739386394801937e+00 -8.242424242424242209e+00
2.333459125526339051e+00 -8.141414141414141881e+00
2.337178864806195744e+00 -8.040404040404041552e+00
2.339225648769582389e+00 -7.984823302274723034e+00
2.340624107241572549e+00 -7.939393939393939448e+00
2.343733515398689349e+00 -7.838383838383838231e+00
2.346842923555806593e+00 -7.737373737373737903e+00
2.349952332225099472e+00 -7.636363636363636687e+00
2.352367365897501728e+00 -7.557910535954276199e+00
2.353061741464203216e+00 -7.535353535353535470e+00
2.356171150781480428e+00 -7.434343434343434254e+00
2.359280560287624340e+00 -7.333333333333333037e+00
2.362389969881733442e+00 -7.232323232323231821e+00
2.365499380593836687e+00 -7.131313131313131493e+00
2.365509083025420622e+00 -7.130997945350767253e+00
2.368503325130961290e+00 -7.030303030303030276e+00
2.371506939537765923e+00 -6.929292929292929060e+00
2.374510553944571001e+00 -6.828282828282828731e+00
2.377514168316624321e+00 -6.727272727272727515e+00
2.378650800153339517e+00 -6.689048361398668874e+00
2.379930130436793245e+00 -6.626262626262626299e+00
2.381988334727202616e+00 -6.525252525252524194e+00
2.384046539203091619e+00 -6.424242424242425642e+00
2.386104743385258686e+00 -6.323232323232323537e+00
2.388162947567426642e+00 -6.222222222222222321e+00
2.390221151749593709e+00 -6.121212121212121104e+00
2.391792517281258412e+00 -6.044095722804804005e+00
2.392279388316074673e+00 -6.020202020202020776e+00
2.394337629815324053e+00 -5.919191919191919560e+00
2.396395868314658006e+00 -5.818181818181818343e+00
2.398454106588544299e+00 -5.717171717171718015e+00
2.400512344120039110e+00 -5.616161616161615910e+00
2.402570649008335835e+00 -5.515151515151515582e+00
2.404628993188101305e+00 -5.414141414141413478e+00
2.404934234409177307e+00 -5.399162261786351280e+00
2.406687355009958118e+00 -5.313131313131313149e+00
2.408745727123310143e+00 -5.212121212121212821e+00
2.410804099236662612e+00 -5.111111111111110716e+00
2.412862644551939884e+00 -5.010101010101010388e+00
2.414921428019863203e+00 -4.909090909090910060e+00
2.416980211487786523e+00 -4.808080808080807955e+00
2.418075951537096202e+00 -4.754320509930934691e+00
2.418791157924990110e+00 -4.707070707070707627e+00
2.420320119914551871e+00 -4.606060606060605522e+00
2.421849287146679686e+00 -4.505050505050505194e+00
2.423379281583561973e+00 -4.404040404040404866e+00
2.424909276020443816e+00 -4.303030303030302761e+00
2.426439270457326103e+00 -4.202020202020202433e+00
2.427969264894207946e+00 -4.101010101010100328e+00
2.429499388665466775e+00 -4.000000000000000000e+00
