1.301029995663981254e+00 -7.686635148943862461e+00
1.312178736447479288e+00 -7.737373737373737903e+00
1.314171712791900148e+00 -7.746236224691734229e+00
1.327313429919819265e+00 -7.804675604420916457e+00
1.334693421537300528e+00 -7.838383838383838231e+00
1.340455147047738160e+00 -7.865170576089262511e+00
1.353596864175657277e+00 -7.925092024800523660e+00
1.356821426218510096e+00 -7.939393939393939448e+00
1.366738581303576172e+00 -7.984003651340722207e+00
1.378677331011612939e+00 -8.040404040404041552e+00
1.379880298431495289e+00 -8.046115978491314991e+00
1.393022015559414184e+00 -8.108298569052097449e+00
1.400139916077606239e+00 -8.141414141414141881e+00
1.406163732687333523e+00 -8.169181573119928430e+00
1.419305449815252196e+00 -8.229759734190936982e+00
1.422052865415590617e+00 -8.242424242424242209e+00
1.432447166943171313e+00 -8.289400940661911577e+00
1.444648176055451483e+00 -8.343434343434342537e+00
1.445588884071090208e+00 -8.347600364017763397e+00
1.458730601199009325e+00 -8.405419837607823297e+00
1.467262593465086251e+00 -8.444444444444444642e+00
1.471872318326928220e+00 -8.465898525878106540e+00
1.485014035454847559e+00 -8.525796768396718406e+00
1.489536698605479881e+00 -8.545454545454546746e+00
1.498155752582766009e+00 -8.583716449586599850e+00
1.511297469710685348e+00 -8.645004026479142567e+00
1.511610666212393150e+00 -8.646464646464647075e+00
1.524439186838604243e+00 -8.705847925130500542e+00
1.533611272507036771e+00 -8.747474747474747403e+00
1.537580903966523360e+00 -8.765060921855752696e+00
1.550722621094442255e+00 -8.822764664476490992e+00
1.556580254713415989e+00 -8.848484848484847731e+00
1.563864338222361372e+00 -8.880468407097231065e+00
1.577006055350280267e+00 -8.937423830564634741e+00
1.579825886699785853e+00 -8.949494949494949836e+00
1.590147772478199384e+00 -8.993851394376353170e+00
1.602702776164132814e+00 -9.050505050505050164e+00
1.603289489606118279e+00 -9.053191446411416266e+00
1.616431206734037396e+00 -9.113156093234060506e+00
1.625097906964668493e+00 -9.151515151515152269e+00
1.629572923861956291e+00 -9.171321701805796422e+00
1.642714640989875186e+00 -9.229487310377530562e+00
1.647919746314980394e+00 -9.252525252525252597e+00
1.655856358117794525e+00 -9.286769250642148421e+00
1.668998075245713419e+00 -9.339326429425700127e+00
1.672658138111537740e+00 -9.353535353535352925e+00
1.682139792373632314e+00 -9.390068750903875383e+00
1.695281509501551209e+00 -9.441735112714473743e+00
1.698424817670886711e+00 -9.454545454545455030e+00
1.708423226629470104e+00 -9.495422165796290059e+00
1.721564943757389443e+00 -9.549183857147200527e+00
1.723149202521570666e+00 -9.555555555555555358e+00
1.734706660885308338e+00 -9.602443032919657284e+00
1.747848378013227233e+00 -9.654866265100601197e+00
1.748303243690822129e+00 -9.656565656565657463e+00
1.760990095141146350e+00 -9.704884038140512814e+00
1.774131812269065467e+00 -9.757438330011350303e+00
1.774166177382032306e+00 -9.757575757575757791e+00
1.787273529396984362e+00 -9.808184394093265368e+00
1.800415246524903257e+00 -9.858014068258492912e+00
1.800573527484030656e+00 -9.858585858585858119e+00
1.813556963652822374e+00 -9.904636986510329422e+00
1.826698680780741491e+00 -9.951249523340889525e+00
1.829053493057366309e+00 -9.959595959595958448e+00
1.839840397908660385e+00 -9.997829246650098867e+00
1.852982115036579280e+00 -1.004349019135816334e+01
1.857970064144343070e+00 -1.006060606060606055e+01
1.866123832164498397e+00 -1.008874288805026076e+01
1.879265549292417514e+00 -1.013316025189030611e+01
1.888513969700760686e+00 -1.016161616161616266e+01
1.892407266420336187e+00 -1.017366502440541076e+01
1.905548983548255304e+00 -1.021376516579699256e+01
1.918690700676174421e+00 -1.025458393469310181e+01
1.921394773676759593e+00 -1.026262626262626299e+01
1.931832417804093094e+00 -1.029301861147608221e+01
1.944974134932012433e+00 -1.032485710570073500e+01
1.958115852059931328e+00 -1.035665775676844547e+01
1.960999782870337604e+00 -1.036363636363636331e+01
1.971257569187850223e+00 -1.038792551709193646e+01
1.984399286315769562e+00 -1.041083469954319085e+01
1.997541003443688457e+00 -1.043129454446264504e+01
2.010682720571607351e+00 -1.045170051475390416e+01
2.022154862019774679e+00 -1.046464646464646364e+01
2.023824437699526246e+00 -1.046653052815714879e+01
2.036966154827445585e+00 -1.047223624844986034e+01
2.050107871955364480e+00 -1.047793923693660112e+01
2.063249589083283375e+00 -1.048361036362928367e+01
2.076391306211202270e+00 -1.046744043334851781e+01
2.078711899620214520e+00 -1.046464646464646187e+01
2.089533023339121165e+00 -1.045171253274299694e+01
2.102674740467040504e+00 -1.043600491504612471e+01
2.115816457594959399e+00 -1.040332018248258450e+01
2.127595046380719168e+00 -1.036363636363636331e+01
2.128958174722878294e+00 -1.035896468859859176e+01
2.142099891850797633e+00 -1.031392576602531719e+01
2.155241608978716528e+00 -1.026391111143953161e+01
2.155449776891161129e+00 -1.026262626262626299e+01
2.168383326106635423e+00 -1.018072868295360678e+01
2.171401641621423906e+00 -1.016161616161616266e+01
2.181525043234554317e+00 -1.009875495621840713e+01
2.188083349087311724e+00 -1.006060606060606055e+01
2.194666760362473212e+00 -1.002284324641554392e+01
2.201915196590935597e+00 -9.959595959595958448e+00
2.207808477490392995e+00 -9.908173278122578864e+00
2.212835314393740482e+00 -9.858585858585858119e+00
2.220950194618311446e+00 -9.776844208858674889e+00
2.222863064921219767e+00 -9.757575757575757791e+00
2.232576496339696792e+00 -9.656565656565657463e+00
2.234091911746230341e+00 -9.641732700260295275e+00
2.241829649863724239e+00 -9.555555555555555358e+00
2.247233628874149680e+00 -9.495370075756245143e+00
2.249875386905302754e+00 -9.454545454545455030e+00
2.256411742605781701e+00 -9.353535353535352925e+00
2.260375346002068575e+00 -9.291817498247493035e+00
2.262898746691642593e+00 -9.252525252525252597e+00
2.268966262053088379e+00 -9.151515151515152269e+00
2.273517063129987470e+00 -9.078837241773458189e+00
2.275426660950754965e+00 -9.050505050505050164e+00
2.282615641163268094e+00 -8.949494949494949836e+00
2.286658780257906365e+00 -8.892686073093202026e+00
2.288664192844955814e+00 -8.848484848484847731e+00
2.293247028044198110e+00 -8.747474747474747403e+00
2.297558358704270276e+00 -8.646464646464647075e+00
2.299800497385825260e+00 -8.593541517165089516e+00
2.301755952594584542e+00 -8.545454545454546746e+00
2.306012783143988276e+00 -8.444444444444444642e+00
2.310689534698745273e+00 -8.343434343434342537e+00
2.312942214513744155e+00 -8.297628936950841805e+00
2.315657145143124040e+00 -8.242424242424242209e+00
2.319984526543047210e+00 -8.141414141414141881e+00
2.324537335867503884e+00 -8.040404040404041552e+00
2.326083931641663494e+00 -8.008602807939087853e+00
2.328640106012190181e+00 -7.939393939393939448e+00
2.332370833544571198e+00 -7.838383838383839120e+00
2.336101561076952216e+00 -7.737373737373737903e+00
2.339225648769582389e+00 -7.649828391999721866e+00
2.339599645623118729e+00 -7.636363636363636687e+00
2.342296205100757867e+00 -7.535353535353535470e+00
2.344992764578397892e+00 -7.434343434343434254e+00
2.347906875388166004e+00 -7.333333333333332149e+00
2.351260503752281572e+00 -7.232323232323232709e+00
2.352367365897501728e+00 -7.200414301537879425e+00
2.354764358451927553e+00 -7.131313131313131493e+00
2.358047574657201828e+00 -7.030303030303030276e+00
2.361330790862476992e+00 -6.929292929292929060e+00
2.364570326320851734e+00 -6.828282828282828731e+00
2.365509083025420622e+00 -6.798080789235646293e+00
2.367505996877353081e+00 -6.727272727272728403e+00
2.370331702621263581e+00 -6.626262626262626299e+00
2.373274071115784256e+00 -6.525252525252525082e+00
2.376542547703285546e+00 -6.424242424242424754e+00
2.378650800153339517e+00 -6.360928910854926066e+00
2.379320134300071832e+00 -6.323232323232323537e+00
2.381113652335386188e+00 -6.222222222222221433e+00
2.382907170370700989e+00 -6.121212121212121104e+00
2.384927551959689751e+00 -6.020202020202020776e+00
2.387051619308532935e+00 -5.919191919191918672e+00
2.388863019713302727e+00 -5.818181818181818343e+00
2.390674420118072074e+00 -5.717171717171718015e+00
2.391792517281258412e+00 -5.654822660002921886e+00
2.392485820522841422e+00 -5.616161616161615910e+00
2.394207143957340023e+00 -5.515151515151515582e+00
2.395875922492499921e+00 -5.414141414141413478e+00
2.397717750570240725e+00 -5.313131313131313149e+00
2.399870334112266690e+00 -5.212121212121212821e+00
2.402396569438938201e+00 -5.111111111111110716e+00
2.404824421488393593e+00 -5.010101010101010388e+00
2.404934234409177307e+00 -5.005262688994417175e+00
2.407116996531724951e+00 -4.909090909090910060e+00
2.409409571575057640e+00 -4.808080808080807955e+00
2.411627683452426396e+00 -4.707070707070707627e+00
2.413755226771415963e+00 -4.606060606060605522e+00
2.415804435545484630e+00 -4.505050505050505194e+00
2.418075951537096646e+00 -4.406093368213976902e+00
2.418101261307767036e+00 -4.404040404040404866e+00
2.419346554589011600e+00 -4.303030303030302761e+00
2.420591847870256164e+00 -4.202020202020202433e+00
2.421837141151500283e+00 -4.101010101010100328e+00
2.423244214642643612e+00 -4.000000000000000000e+00
