1.301029995663981254e+00 -8.613473222032196119e+00
1.308265233400091931e+00 -8.646464646464647075e+00
1.314171712791900148e+00 -8.673397164183358043e+00
1.327313429919819265e+00 -8.733321106336248363e+00
1.330417417099061250e+00 -8.747474747474747403e+00
1.340455147047738160e+00 -8.793245048508328665e+00
1.352482574103627933e+00 -8.848484848484845955e+00
1.353596864175657277e+00 -8.853602581513438707e+00
1.366738581303576172e+00 -8.914266178639550731e+00
1.374370284058961778e+00 -8.949494949494948060e+00
1.379880298431495289e+00 -8.974929775766579354e+00
1.393022015559413962e+00 -9.035497825312337028e+00
1.396303043800367405e+00 -9.050505050505050164e+00
1.406163732687333301e+00 -9.095607246467549700e+00
1.418386872741418392e+00 -9.151515151515152269e+00
1.419305449815252196e+00 -9.155716667622762373e+00
1.432447166943171313e+00 -9.215826088780532999e+00
1.440503526225947795e+00 -9.252525252525252597e+00
1.445588884071090208e+00 -9.275690602250993066e+00
1.458730601199009325e+00 -9.335477190554906102e+00
1.462699974205085018e+00 -9.353535353535352925e+00
1.471872318326928220e+00 -9.395263778860252657e+00
1.484958594952349165e+00 -9.454545454545455030e+00
1.485014035454847336e+00 -9.454796603591359982e+00
1.498155752582766231e+00 -9.513847277531336744e+00
1.507437922541155606e+00 -9.555555555555555358e+00
1.511297469710685570e+00 -9.572897951472972622e+00
1.524439186838604243e+00 -9.631948625416072218e+00
1.529983550721476515e+00 -9.656565656565657463e+00
1.537580903966523360e+00 -9.690297981037627295e+00
1.550722621094442255e+00 -9.748595387153788039e+00
1.552747024848432966e+00 -9.757575757575757791e+00
1.563864338222361372e+00 -9.806892793273860320e+00
1.575547195625250030e+00 -9.858585858585858119e+00
1.577006055350280267e+00 -9.865040865991105079e+00
1.590147772478199606e+00 -9.923049560869424468e+00
1.598427262908272084e+00 -9.959595959595958448e+00
1.603289489606118057e+00 -9.981058255748008534e+00
1.616431206734037396e+00 -1.003897068662342029e+01
1.621412552493678438e+00 -1.006060606060606055e+01
1.629572923861956291e+00 -1.009604882946978677e+01
1.642714640989875186e+00 -1.015312697231259698e+01
1.644669198705296820e+00 -1.016161616161616266e+01
1.655856358117794080e+00 -1.021020511515410512e+01
1.668713792754914493e+00 -1.026262626262626299e+01
1.668998075245713641e+00 -1.026378531299635632e+01
1.682139792373632314e+00 -1.031579143558987077e+01
1.694229994046753118e+00 -1.036363636363636331e+01
1.695281509501551209e+00 -1.036779755818359305e+01
1.708423226629470326e+00 -1.042015681043219999e+01
1.719395490702271267e+00 -1.046464646464646364e+01
1.721564943757389443e+00 -1.047344302801900895e+01
1.734706660885308338e+00 -1.052672924560534540e+01
1.744307113907380025e+00 -1.056565656565656575e+01
1.747848378013227233e+00 -1.058001546319163921e+01
1.760990095141146128e+00 -1.063132221184700299e+01
1.770099460134750835e+00 -1.066666666666666785e+01
1.774131812269065467e+00 -1.068231224546616431e+01
1.787273529396984362e+00 -1.073330227908127199e+01
1.796390460383352039e+00 -1.076767676767676818e+01
1.800415246524903257e+00 -1.078285182664458652e+01
1.813556963652822152e+00 -1.083062846829821169e+01
1.824025525588901298e+00 -1.086868686868686673e+01
1.826698680780741713e+00 -1.087840510995214771e+01
1.839840397908660385e+00 -1.092610588971581365e+01
1.852409590316341337e+00 -1.096969696969696884e+01
1.852982115036579280e+00 -1.097168253647495995e+01
1.866123832164498619e+00 -1.101725918323605669e+01
1.879265549292417514e+00 -1.106283582999718895e+01
1.881714064949664644e+00 -1.107070707070707094e+01
1.892407266420336409e+00 -1.110508249423593519e+01
1.905548983548255304e+00 -1.114529416915508619e+01
1.914184376777940511e+00 -1.117171717171717127e+01
1.918690700676174421e+00 -1.118550584407303106e+01
1.931832417804093316e+00 -1.122411898432116573e+01
1.944974134932012433e+00 -1.125660440833513043e+01
1.951496510107055160e+00 -1.127272727272727337e+01
1.958115852059931328e+00 -1.128908983234814833e+01
1.971257569187850223e+00 -1.132157525636115381e+01
1.984399286315769340e+00 -1.134554888118672977e+01
1.997541003443688457e+00 -1.136730203665986139e+01
2.001428778695418131e+00 -1.137373737373737370e+01
2.010682720571607351e+00 -1.138905519213320616e+01
2.023824437699526246e+00 -1.140517636857069839e+01
2.036966154827445585e+00 -1.141208157929236933e+01
2.050107871955364480e+00 -1.141898679001414507e+01
2.063249589083283375e+00 -1.142589200073591904e+01
2.076391306211202270e+00 -1.141175778572553767e+01
2.089533023339121165e+00 -1.139687216267066816e+01
2.102674740467040504e+00 -1.138198653961585194e+01
2.106202886283520925e+00 -1.137373737373737370e+01
2.115816457594959399e+00 -1.135125986046075397e+01
2.128958174722878294e+00 -1.130766232320144127e+01
2.139488736310548145e+00 -1.127272727272727337e+01
2.142099891850797633e+00 -1.126406478594202909e+01
2.155241608978716528e+00 -1.121580654836979463e+01
2.162728725872105073e+00 -1.117171717171717127e+01
2.168383326106635423e+00 -1.113841893380928205e+01
2.179881938076031034e+00 -1.107070707070707094e+01
2.181525043234554317e+00 -1.106103131924637140e+01
2.194666760362473212e+00 -1.098364370468084772e+01
2.196280241958523671e+00 -1.096969696969696884e+01
2.207808477490392107e+00 -1.087004833026516870e+01
2.207948928942940814e+00 -1.086868686868686851e+01
2.218369359189744650e+00 -1.076767676767676818e+01
2.220950194618311446e+00 -1.074265952355672482e+01
2.228789789437102264e+00 -1.066666666666666607e+01
2.234091911746230341e+00 -1.061527071685684831e+01
2.238456489417054218e+00 -1.056565656565656575e+01
2.247233628874149680e+00 -1.046588280586273179e+01
2.247315573961246482e+00 -1.046464646464646364e+01
2.254010555424280859e+00 -1.036363636363636331e+01
2.260375346002068575e+00 -1.026760799634035237e+01
2.260705536889379363e+00 -1.026262626262626299e+01
2.267400518356336381e+00 -1.016161616161616266e+01
2.273517063129987470e+00 -1.006933318691446111e+01
2.274095499824179800e+00 -1.006060606060606055e+01
2.280790481292869654e+00 -9.959595959595958448e+00
2.286658780257906365e+00 -9.871058377529754679e+00
2.287242701498439779e+00 -9.858585858585858119e+00
2.291971653508848572e+00 -9.757575757575757791e+00
2.296700605526641681e+00 -9.656565656565657463e+00
2.299800497385825260e+00 -9.590352172343704851e+00
2.301376168264842814e+00 -9.555555555555553582e+00
2.305950138075310463e+00 -9.454545454545455030e+00
2.310524107888044743e+00 -9.353535353535352925e+00
2.312942214513744155e+00 -9.300134652560956283e+00
2.315098077706010393e+00 -9.252525252525252597e+00
2.319672047561543771e+00 -9.151515151515152269e+00
2.324246017417078036e+00 -9.050505050505050164e+00
2.326083931641663494e+00 -9.009917135119325238e+00
2.328316235818927993e+00 -8.949494949494949836e+00
2.332048064916149244e+00 -8.848484848484847731e+00
2.335779894015878710e+00 -8.747474747474747403e+00
2.339225648769582389e+00 -8.654207876241917674e+00
2.339464588331103378e+00 -8.646464646464647075e+00
2.342581544682011518e+00 -8.545454545454546746e+00
2.345698501036702410e+00 -8.444444444444444642e+00
2.348815457389214156e+00 -8.343434343434342537e+00
2.351932413741725458e+00 -8.242424242424242209e+00
2.352367365897501728e+00 -8.228328903138413253e+00
2.355049370368210049e+00 -8.141414141414141881e+00
2.358166327121143269e+00 -8.040404040404041552e+00
2.361283283863513383e+00 -7.939393939393939448e+00
2.364400240617655413e+00 -7.838383838383838231e+00
2.365509083025420622e+00 -7.802449979156934390e+00
2.367448600584435514e+00 -7.737373737373737903e+00
2.370459083300028080e+00 -7.636363636363636687e+00
2.373469566696460031e+00 -7.535353535353534582e+00
2.376480050242299136e+00 -7.434343434343434254e+00
2.378650800153339517e+00 -7.361508733723697517e+00
2.379225504743945674e+00 -7.333333333333333037e+00
2.381285847026354485e+00 -7.232323232323232709e+00
2.383346190049684843e+00 -7.131313131313131493e+00
2.385406535147594376e+00 -7.030303030303030276e+00
2.387466880245504797e+00 -6.929292929292929060e+00
2.389527225343414774e+00 -6.828282828282828731e+00
2.391587570842169441e+00 -6.727272727272727515e+00
2.391792517281258412e+00 -6.717225066728643057e+00
2.393647917241628065e+00 -6.626262626262626299e+00
2.395708273941711042e+00 -6.525252525252525082e+00
2.397768630182752325e+00 -6.424242424242424754e+00
2.399828986238079054e+00 -6.323232323232323537e+00
2.401889341545864198e+00 -6.222222222222222321e+00
2.403949696724942076e+00 -6.121212121212121104e+00
2.404934234409177307e+00 -6.072945352912503481e+00
2.406010084325693299e+00 -6.020202020202020776e+00
2.408070478005508441e+00 -5.919191919191918672e+00
2.410130871685323584e+00 -5.818181818181818343e+00
2.412191263307029487e+00 -5.717171717171718015e+00
2.414251655000624108e+00 -5.616161616161615910e+00
2.416312113064939648e+00 -5.515151515151515582e+00
2.418075951537096202e+00 -5.428685161689211114e+00
2.418296175823540395e+00 -5.414141414141413478e+00
2.419825690643944593e+00 -5.313131313131313149e+00
2.421355205464348792e+00 -5.212121212121212821e+00
2.422884720284753435e+00 -5.111111111111110716e+00
2.424414363822145813e+00 -5.010101010101010388e+00
2.425944184345397048e+00 -4.909090909090910060e+00
2.427474004868647839e+00 -4.808080808080807955e+00
2.429003825391899074e+00 -4.707070707070707627e+00
2.430533655681277772e+00 -4.606060606060605522e+00
2.431217668665015541e+00 -4.560904544091351376e+00
2.431962685532273127e+00 -4.505050505050505194e+00
2.433310701892742678e+00 -4.404040404040404866e+00
2.434658718253212228e+00 -4.303030303030302761e+00
2.436006762269575354e+00 -4.202020202020202433e+00
2.437354853752489170e+00 -4.101010101010100328e+00
2.438703036882381436e+00 -4.000000000000000000e+00
