1.301029995663981254e+00 -9.486332975241900556e+00
1.314043021832869362e+00 -9.555555555555555358e+00
1.314171712791900148e+00 -9.556251121109518465e+00
1.327313429919819043e+00 -9.637921278904038047e+00
1.330094579374905717e+00 -9.656565656565657463e+00
1.340455147047738160e+00 -9.726021232254979054e+00
1.345403158708236457e+00 -9.757575757575757791e+00
1.353596864175657277e+00 -9.804288012891337445e+00
1.363478396246278201e+00 -9.858585858585858119e+00
1.366738581303576172e+00 -9.875664363881849539e+00
1.379880298431495289e+00 -9.947528095592732100e+00
1.381793426481823017e+00 -9.959595959595958448e+00
1.393022015559414184e+00 -1.003402289591054064e+01
1.397342643922403704e+00 -1.006060606060606055e+01
1.406163732687333301e+00 -1.011487882737317889e+01
1.413760068723831864e+00 -1.016161616161616266e+01
1.419305449815252196e+00 -1.019573475883581715e+01
1.430339212626781986e+00 -1.026262626262626299e+01
1.432447166943171313e+00 -1.027464963314446322e+01
1.445588884071090208e+00 -1.035137846278442808e+01
1.447615737880899811e+00 -1.036363636363636331e+01
1.458730601199009325e+00 -1.042621526493690709e+01
1.465556504547346872e+00 -1.046464646464646364e+01
1.471872318326928220e+00 -1.050020575816481738e+01
1.483205765127956433e+00 -1.056565656565656575e+01
1.485014035454847336e+00 -1.057609935108064647e+01
1.498155752582766231e+00 -1.065560883340352127e+01
1.500001479634585078e+00 -1.066666666666666607e+01
1.511297469710685348e+00 -1.073486596820973915e+01
1.517014020385601292e+00 -1.076767676767676818e+01
1.524439186838604243e+00 -1.081382127179981723e+01
1.534033605696753177e+00 -1.086868686868686851e+01
1.537580903966523360e+00 -1.088722424756647200e+01
1.550722621094442255e+00 -1.095924090336177947e+01
1.552630661179479787e+00 -1.096969696969696884e+01
1.563864338222361372e+00 -1.103125755915709050e+01
1.571407913043297633e+00 -1.107070707070707094e+01
1.577006055350280267e+00 -1.109998284311471295e+01
1.590147772478199384e+00 -1.116818068498231220e+01
1.590738838950210177e+00 -1.117171717171717127e+01
1.603289489606118501e+00 -1.125042734894950591e+01
1.606883755950971215e+00 -1.127272727272727337e+01
1.616431206734037396e+00 -1.133142372356971528e+01
1.624025668706064351e+00 -1.137373737373737370e+01
1.629572923861956069e+00 -1.140029600505449636e+01
1.642714640989875186e+00 -1.146321469371507007e+01
1.644968504899816164e+00 -1.147474747474747403e+01
1.655856358117794302e+00 -1.153491003600961484e+01
1.663132788716737531e+00 -1.157575757575757613e+01
1.668998075245713419e+00 -1.160868340681825117e+01
1.681626100070140684e+00 -1.167676767676767646e+01
1.682139792373632314e+00 -1.167953725997234393e+01
1.695281509501551209e+00 -1.174805029299905179e+01
1.701493681316923023e+00 -1.177777777777777857e+01
1.708423226629470326e+00 -1.181142753887549546e+01
1.721564943757389443e+00 -1.187854653782767755e+01
1.721610238267840209e+00 -1.187878787878787890e+01
1.734706660885308338e+00 -1.194012730052380178e+01
1.743176645873647290e+00 -1.197979797979797922e+01
1.747848378013227233e+00 -1.200119355772521068e+01
1.760990095141146350e+00 -1.206142703692415807e+01
1.765500605449758176e+00 -1.208080808080808133e+01
1.774131812269065467e+00 -1.211912588605398433e+01
1.787273529396984362e+00 -1.217411596717069067e+01
1.789251288081921798e+00 -1.218181818181818166e+01
1.800415246524903035e+00 -1.222529527783519399e+01
1.813556963652822374e+00 -1.227565255254197929e+01
1.815230172956629806e+00 -1.228282828282828376e+01
1.826698680780741491e+00 -1.233241188480230122e+01
1.838713990268103560e+00 -1.238383838383838409e+01
1.839840397908660385e+00 -1.238819799858301707e+01
1.852982115036579280e+00 -1.243064876899506643e+01
1.866123832164498619e+00 -1.247405607067805278e+01
1.869391274476185361e+00 -1.248484848484848442e+01
1.879265549292417514e+00 -1.251576300086289351e+01
1.892407266420336409e+00 -1.255103225375930087e+01
1.905548983548255304e+00 -1.258271121870332898e+01
1.906793066203291698e+00 -1.258585858585858652e+01
1.918690700676174643e+00 -1.261711012479907978e+01
1.931832417804093316e+00 -1.265333078369544140e+01
1.944974134932012433e+00 -1.267965410598521636e+01
1.948826517102437705e+00 -1.268686868686868685e+01
1.958115852059931328e+00 -1.270450121190411963e+01
1.971257569187850223e+00 -1.272766860702637537e+01
1.984399286315769340e+00 -1.274122513071724683e+01
1.997541003443688457e+00 -1.275329717604775581e+01
2.010682720571607351e+00 -1.276639076341017187e+01
2.023824437699526246e+00 -1.277337078890827193e+01
2.036966154827445585e+00 -1.277019223711401352e+01
2.050107871955364480e+00 -1.276666681570951489e+01
2.063249589083283375e+00 -1.276311196997509967e+01
2.076391306211202270e+00 -1.273914106298957272e+01
2.089533023339121165e+00 -1.271508084616254664e+01
2.102674740467040504e+00 -1.269413346251704944e+01
2.105155817980330912e+00 -1.268686868686868685e+01
2.115816457594959399e+00 -1.265565355769458655e+01
2.128958174722878294e+00 -1.260576441307720152e+01
2.135015584589024851e+00 -1.258585858585858652e+01
2.142099891850797633e+00 -1.256288707946471739e+01
2.155241608978716528e+00 -1.251664999925913691e+01
2.161308512160725837e+00 -1.248484848484848442e+01
2.168383326106635423e+00 -1.244570231675085736e+01
2.179563879314971420e+00 -1.238383838383838409e+01
2.181525043234554317e+00 -1.237184398120996853e+01
2.194666760362473212e+00 -1.229714921400775474e+01
2.196490983941973507e+00 -1.228282828282828376e+01
2.207808477490392551e+00 -1.219428360713552628e+01
2.209164620319995276e+00 -1.218181818181818166e+01
2.220538448536241827e+00 -1.208080808080808133e+01
2.220950194618311446e+00 -1.207713775797640920e+01
2.231870016697348191e+00 -1.197979797979797922e+01
2.234091911746230341e+00 -1.195961050147284510e+01
2.241106498383022227e+00 -1.187878787878787890e+01
2.247233628874149680e+00 -1.180714365221091988e+01
2.248908138184067429e+00 -1.177777777777777857e+01
2.254667965119315998e+00 -1.167676767676767646e+01
2.260375346002069019e+00 -1.157667732232631153e+01
2.260436749083147401e+00 -1.157575757575757613e+01
2.268673725709632549e+00 -1.147474747474747403e+01
2.273517063129987470e+00 -1.141592682655824120e+01
2.276990975129974615e+00 -1.137373737373737370e+01
2.284095608079136142e+00 -1.127272727272727337e+01
2.286658780257906365e+00 -1.123593652132515430e+01
2.289030170473296266e+00 -1.117171717171717304e+01
2.292760111163339332e+00 -1.107070707070707094e+01
2.296594107626495962e+00 -1.096969696969696884e+01
2.299800497385825260e+00 -1.090607691956406455e+01
2.301866942160985641e+00 -1.086868686868686673e+01
2.306888808946843561e+00 -1.076767676767676818e+01
2.311668062306532434e+00 -1.066666666666666607e+01
2.312942214513744155e+00 -1.064086156550804851e+01
2.316532055139902457e+00 -1.056565656565656575e+01
2.320964568269573203e+00 -1.046464646464646364e+01
2.325755476292637791e+00 -1.036363636363636331e+01
2.326083931641663494e+00 -1.035546640696783172e+01
2.328558456059083959e+00 -1.026262626262626299e+01
2.331616485934021821e+00 -1.016161616161616266e+01
2.334791322284268222e+00 -1.006060606060606055e+01
2.337966158634514624e+00 -9.959595959595958448e+00
2.339225648769582389e+00 -9.920503305983242370e+00
2.340826793628708380e+00 -9.858585858585858119e+00
2.344110908317307285e+00 -9.757575757575757791e+00
2.346362116265548803e+00 -9.656565656565657463e+00
2.348613324213790321e+00 -9.555555555555555358e+00
2.351263392991193690e+00 -9.454545454545455030e+00
2.352367365897501728e+00 -9.423140305514282389e+00
2.355109502563724533e+00 -9.353535353535352925e+00
2.359029754923862576e+00 -9.252525252525252597e+00
2.362447550833469911e+00 -9.151515151515152269e+00
2.365509083025420622e+00 -9.061034126862590909e+00
2.365841451943411222e+00 -9.050505050505050164e+00
2.369030014438240794e+00 -8.949494949494949836e+00
2.372073791192432335e+00 -8.848484848484847731e+00
2.375079569506372668e+00 -8.747474747474747403e+00
2.378272579406803811e+00 -8.646464646464647075e+00
2.378650800153339517e+00 -8.634414048386011231e+00
2.380032115687536809e+00 -8.545454545454546746e+00
2.381600546457025569e+00 -8.444444444444444642e+00
2.383168977226513885e+00 -8.343434343434342537e+00
2.384737407996002201e+00 -8.242424242424242209e+00
2.386642703977480018e+00 -8.141414141414141881e+00
2.388869076470350628e+00 -8.040404040404041552e+00
2.390446643759255529e+00 -7.939393939393939448e+00
2.391792517281257968e+00 -7.853218965204001201e+00
2.392024211048161320e+00 -7.838383838383839120e+00
2.393601778337066666e+00 -7.737373737373738791e+00
2.395133453311572680e+00 -7.636363636363636687e+00
2.396614136825636177e+00 -7.535353535353536358e+00
2.398310141725222167e+00 -7.434343434343434254e+00
2.400552201297649457e+00 -7.333333333333332149e+00
2.403364635589585685e+00 -7.232323232323232709e+00
2.404934234409177307e+00 -7.169722611437968851e+00
2.405897283558092070e+00 -7.131313131313131493e+00
2.407661953003988664e+00 -7.030303030303029388e+00
2.409830651244314836e+00 -6.929292929292929060e+00
2.412592129877924485e+00 -6.828282828282828731e+00
2.415353608511533690e+00 -6.727272727272727515e+00
2.418064086034030780e+00 -6.626262626262626299e+00
2.418075951537096202e+00 -6.625685952739885920e+00
2.419137772907322237e+00 -6.525252525252525082e+00
2.420337905485492769e+00 -6.424242424242425642e+00
2.421538038063662857e+00 -6.323232323232323537e+00
2.422738170641833388e+00 -6.222222222222223209e+00
2.424183806405749042e+00 -6.121212121212121104e+00
2.425360073556615426e+00 -6.020202020202020776e+00
2.426463184160977171e+00 -5.919191919191918672e+00
2.427566294765338473e+00 -5.818181818181818343e+00
2.428669405369700218e+00 -5.717171717171718015e+00
2.430245963261798092e+00 -5.616161616161615910e+00
2.431217668665015541e+00 -5.566812796321572776e+00
2.432054628611373115e+00 -5.515151515151515582e+00
2.433284579535279768e+00 -5.414141414141413478e+00
2.434361718194442581e+00 -5.313131313131313149e+00
2.435322101724818999e+00 -5.212121212121212821e+00
2.436282485255194974e+00 -5.111111111111110716e+00
2.437228321991411040e+00 -5.010101010101010388e+00
2.438154156885656398e+00 -4.909090909090910060e+00
2.439079991779902201e+00 -4.808080808080807955e+00
2.440434819857211224e+00 -4.707070707070707627e+00
2.442161520374571904e+00 -4.606060606060605522e+00
2.443908095291842830e+00 -4.505050505050505194e+00
2.444359385792934436e+00 -4.459867441870514426e+00
2.444918858358495761e+00 -4.404040404040404866e+00
2.446038073918114009e+00 -4.303030303030302761e+00
2.447697405257663661e+00 -4.202020202020202433e+00
2.449738478768918704e+00 -4.101010101010100328e+00
2.451779552280173746e+00 -4.000000000000000000e+00
