1.3043380175307693 -7.792792792792793
1.3390722478038461 -7.954954954954955
1.373806478076923 -8.0990990990991
1.4068866973846155 -8.297297297297298
1.45154499345 -8.477477477477478
1.502819333376923 -8.711711711711711
1.5673257610269231 -9
1.6467182873653845 -9.36036036036036
1.7376888904615384 -9.774774774774775
1.8352755374192307 -10.18918918918919
1.9130140527923076 -10.495495495495495
1.9824825133384616 -10.657657657657658
2.0635290506423076 -10.72972972972973
2.1329975111884614 -10.63963963963964
2.169385752426923 -10.45945945945946
2.2041199827 -10.26126126126126
2.2405082239384617 -9.864864864864865
2.278550476142308 -9.36036036036036
2.3132847064153848 -8.693693693693694
2.341402892826923 -7.990990990990991
2.3645590463423076 -7.306306306306306
2.384407177926923 -6.531531531531532
2.404255309511538 -5.63063063063063
2.4191414082 -4.72972972972973
2.432373495923077 -4.009009009009009