1.301029995663981254e+00 -9.520902739261011050e+00
1.307221664868748245e+00 -9.555555555555555358e+00
1.314171712791900148e+00 -9.594805795348284150e+00
1.324208713675643079e+00 -9.656565656565657463e+00
1.327313429919819265e+00 -9.676342741345107967e+00
1.340065838470790194e+00 -9.757575757575757791e+00
1.340455147047738382e+00 -9.759896442032784947e+00
1.353596864175657277e+00 -9.835939627740650337e+00
1.357595762197913114e+00 -9.858585858585858119e+00
1.366738581303576172e+00 -9.908872621333845387e+00
1.375687841400779599e+00 -9.959595959595958448e+00
1.379880298431495289e+00 -9.984657276864416175e+00
1.391794838123347366e+00 -1.006060606060606055e+01
1.393022015559414184e+00 -1.006842865687205091e+01
1.406163732687333301e+00 -1.014793267225366336e+01
1.408425562428405886e+00 -1.016161616161616266e+01
1.419305449815252196e+00 -1.022743668763527580e+01
1.425171838125635748e+00 -1.026262626262626299e+01
1.432447166943171313e+00 -1.030447136580569101e+01
1.442415144201740551e+00 -1.036363636363636331e+01
1.445588884071090208e+00 -1.038296169787953716e+01
1.458730601199009325e+00 -1.045863105353349809e+01
1.459779872978523185e+00 -1.046464646464646364e+01
1.471872318326928220e+00 -1.053397171626566298e+01
1.477328976562616303e+00 -1.056565656565656575e+01
1.485014035454847336e+00 -1.061028093519614934e+01
1.494495933142961697e+00 -1.066666666666666607e+01
1.498155752582766231e+00 -1.068843041090344137e+01
1.511297469710685348e+00 -1.076657507866250185e+01
1.511488384093711668e+00 -1.076767676767676818e+01
1.524439186838604243e+00 -1.084918285337192145e+01
1.527900398634693957e+00 -1.086868686868686851e+01
1.537580903966523360e+00 -1.091840166982030347e+01
1.546770545670370645e+00 -1.096969696969696884e+01
1.550722621094442477e+00 -1.099175690419126816e+01
1.563864338222361372e+00 -1.106511213856223641e+01
1.564898279237693535e+00 -1.107070707070707094e+01
1.577006055350280267e+00 -1.113622549465024747e+01
1.583620364124164626e+00 -1.117171717171716949e+01
1.590147772478199384e+00 -1.120820965265544444e+01
1.600966632688136215e+00 -1.127272727272727337e+01
1.603289489606118279e+00 -1.128645899810229203e+01
1.616431206734037396e+00 -1.136386447600376570e+01
1.618228157465925188e+00 -1.137373737373737370e+01
1.629572923861956291e+00 -1.143062669056153702e+01
1.638371412185278153e+00 -1.147474747474747403e+01
1.642714640989875186e+00 -1.149658243804110391e+01
1.655856358117794302e+00 -1.156983917344483004e+01
1.656938686234147529e+00 -1.157575757575757613e+01
1.668998075245713419e+00 -1.164170090175823802e+01
1.675626706875889882e+00 -1.167676767676767646e+01
1.682139792373632314e+00 -1.171122318983719524e+01
1.694757331019219215e+00 -1.177777777777777857e+01
1.695281509501551209e+00 -1.178054825942618322e+01
1.708423226629470548e+00 -1.184564890841892293e+01
1.715088416786015424e+00 -1.187878787878787890e+01
1.721564943757389443e+00 -1.190943014202508010e+01
1.734706660885308338e+00 -1.197160728687484088e+01
1.736437839918015813e+00 -1.197979797979797922e+01
1.747848378013227233e+00 -1.203307487737261816e+01
1.758319120857009032e+00 -1.208080808080808310e+01
1.760990095141146350e+00 -1.209298430944608427e+01
1.774131812269065467e+00 -1.215159942530617343e+01
1.781193762306668482e+00 -1.218181818181818166e+01
1.787273529396984362e+00 -1.220783408399445058e+01
1.800415246524903257e+00 -1.226062535605647774e+01
1.806153281608645411e+00 -1.228282828282828376e+01
1.813556963652822152e+00 -1.231227164869214619e+01
1.826698680780741491e+00 -1.236645305550002050e+01
1.830949615343307357e+00 -1.238383838383838409e+01
1.839840397908660385e+00 -1.241811392191211638e+01
1.852982115036579280e+00 -1.246176728445871618e+01
1.859963262476540535e+00 -1.248484848484848442e+01
1.866123832164498397e+00 -1.250459081436448550e+01
1.879265549292417514e+00 -1.254670511922376086e+01
1.892407266420336409e+00 -1.258318924106833592e+01
1.893468891929465547e+00 -1.258585858585858652e+01
1.905548983548255304e+00 -1.261623269551503768e+01
1.918690700676174643e+00 -1.265167659796932220e+01
1.931832417804093316e+00 -1.268653853794032393e+01
1.932002079406948347e+00 -1.268686868686868685e+01
1.944974134932012433e+00 -1.271211134730683412e+01
1.958115852059931328e+00 -1.273715397838466856e+01
1.971257569187850223e+00 -1.276106676047400867e+01
1.984399286315769118e+00 -1.277507393602598995e+01
1.997541003443688457e+00 -1.278730210805933432e+01
1.998144634983323398e+00 -1.278787878787878540e+01
2.010682720571607351e+00 -1.279985705683687947e+01
2.023824437699526246e+00 -1.280644782175216534e+01
2.036966154827445585e+00 -1.280314275075223307e+01
2.050107871955364480e+00 -1.279967383715797169e+01
2.063249589083283375e+00 -1.279620492356370676e+01
2.067997409435482936e+00 -1.278787878787878718e+01
2.076391306211202270e+00 -1.277315861771744565e+01
2.089533023339121165e+00 -1.274959803286590976e+01
2.102674740467040504e+00 -1.272764235615907680e+01
2.115816457594958955e+00 -1.268996184688275797e+01
2.116615486826886272e+00 -1.268686868686868863e+01
2.128958174722878294e+00 -1.264015496906300129e+01
2.142099891850797633e+00 -1.259501510055799400e+01
2.144595436133294619e+00 -1.258585858585858652e+01
2.155241608978716528e+00 -1.254679623026936497e+01
2.166847260753519855e+00 -1.248484848484848442e+01
2.168383326106635423e+00 -1.247638881553165291e+01
2.181525043234554317e+00 -1.240401261035778901e+01
2.185188180553728099e+00 -1.238383838383838231e+01
2.194666760362473212e+00 -1.233054773648677482e+01
2.200664841943738459e+00 -1.228282828282828376e+01
2.207808477490392551e+00 -1.222610459870307231e+01
2.212646747198715236e+00 -1.218181818181817988e+01
2.220950194618311890e+00 -1.210738225040927318e+01
2.223813265628478142e+00 -1.208080808080807955e+01
2.234091911746230341e+00 -1.198918634410999218e+01
2.234902123624604720e+00 -1.197979797979797922e+01
2.243980522529954946e+00 -1.187878787878787890e+01
2.247233628874149680e+00 -1.184202222274521077e+01
2.251172759319789218e+00 -1.177777777777777857e+01
2.257366165837780159e+00 -1.167676767676767646e+01
2.260375346002068575e+00 -1.162769006633319435e+01
2.263883539274172740e+00 -1.157575757575757791e+01
2.271607417745311608e+00 -1.147474747474747403e+01
2.273517063129987470e+00 -1.144988689877289190e+01
2.279366428373094777e+00 -1.137373737373737370e+01
2.286392000931887658e+00 -1.127272727272727337e+01
2.286658780257906365e+00 -1.126886928017730405e+01
2.290502695792935306e+00 -1.117171717171716949e+01
2.294499256471048909e+00 -1.107070707070707094e+01
2.298588004077170677e+00 -1.096969696969696884e+01
2.299800497385825260e+00 -1.094520210589140419e+01
2.303810082999353082e+00 -1.086868686868686851e+01
2.308659450019943993e+00 -1.076767676767676818e+01
2.312942214513744155e+00 -1.067545441706310427e+01
2.313350313690655469e+00 -1.066666666666666607e+01
2.318041177361366501e+00 -1.056565656565656575e+01
2.322559495110721350e+00 -1.046464646464646364e+01
2.326083931641663050e+00 -1.038855533692206379e+01
2.326902399143175870e+00 -1.036363636363636154e+01
2.329838040105776109e+00 -1.026262626262626299e+01
2.333065971179944853e+00 -1.016161616161616266e+01
2.336394429611574619e+00 -1.006060606060606055e+01
2.339225648769582389e+00 -9.974685884943232494e+00
2.339602180065067483e+00 -9.959595959595956671e+00
2.342363577518799644e+00 -9.858585858585858119e+00
2.345614284415856954e+00 -9.757575757575757791e+00
2.348087874919281060e+00 -9.656565656565657463e+00
2.350561465422705165e+00 -9.555555555555555358e+00
2.352367365897501728e+00 -9.490025070634562354e+00
2.353451044390785896e+00 -9.454545454545455030e+00
2.357125387292851038e+00 -9.353535353535352925e+00
2.360755277321687551e+00 -9.252525252525252597e+00
2.364007317928079388e+00 -9.151515151515152269e+00
2.365509083025420622e+00 -9.104869533413776139e+00
2.367158158544238500e+00 -9.050505050505050164e+00
2.370222167908748290e+00 -8.949494949494951612e+00
2.373190928767674901e+00 -8.848484848484847731e+00
2.376169850632915193e+00 -8.747474747474747403e+00
2.378650800153339517e+00 -8.668206016871373265e+00
2.379019547687449165e+00 -8.646464646464647075e+00
2.380722641630809377e+00 -8.545454545454546746e+00
2.382411235402406291e+00 -8.444444444444444642e+00
2.384099829174003204e+00 -8.343434343434342537e+00
2.385788422945599674e+00 -8.242424242424242209e+00
2.387774253575868588e+00 -8.141414141414141881e+00
2.390035333646225890e+00 -8.040404040404041552e+00
2.391739313951585455e+00 -7.939393939393939448e+00
2.391792517281258412e+00 -7.936240103819978131e+00
2.393443294256944576e+00 -7.838383838383838231e+00
2.395147274562303252e+00 -7.737373737373737015e+00
2.396774696069749133e+00 -7.636363636363637575e+00
2.398317052246179415e+00 -7.535353535353535470e+00
2.400081477113134909e+00 -7.434343434343434254e+00
2.402356997344380574e+00 -7.333333333333333925e+00
2.404934234409177307e+00 -7.233781442402341000e+00
2.404972265144567967e+00 -7.232323232323232709e+00
2.407329948258871255e+00 -7.131313131313131493e+00
2.409090190321080627e+00 -7.030303030303030276e+00
2.411210730818542203e+00 -6.929292929292929060e+00
2.413781892136078966e+00 -6.828282828282828731e+00
2.416353053453615729e+00 -6.727272727272727515e+00
2.418075951537096202e+00 -6.658310222678380796e+00
2.418515212796112035e+00 -6.626262626262626299e+00
2.419634128084900304e+00 -6.525252525252525082e+00
2.420915952045617381e+00 -6.424242424242424754e+00
2.422197776006334458e+00 -6.323232323232323537e+00
2.423479599967051534e+00 -6.222222222222222321e+00
2.424988968670063638e+00 -6.121212121212121104e+00
2.426278957494349964e+00 -6.020202020202020776e+00
2.427507975715023747e+00 -5.919191919191918672e+00
2.428736993935697974e+00 -5.818181818181818343e+00
2.429966012156372202e+00 -5.717171717171718015e+00
2.431217668665015541e+00 -5.639640808677263806e+00
2.431541438634505781e+00 -5.616161616161615022e+00
2.433128306996396706e+00 -5.515151515151515582e+00
2.434409456298170404e+00 -5.414141414141413478e+00
2.435584436495358496e+00 -5.313131313131313149e+00
2.436611247614747011e+00 -5.212121212121212821e+00
2.437638058734135527e+00 -5.111111111111110716e+00
2.438629251935997111e+00 -5.010101010101010388e+00
2.439571470501259220e+00 -4.909090909090910060e+00
2.440513689066521774e+00 -4.808080808080807955e+00
2.441895452028622682e+00 -4.707070707070707627e+00
2.443609313479759404e+00 -4.606060606060605522e+00
2.444359385792934436e+00 -4.560228091568368392e+00
2.445262394942953943e+00 -4.505050505050505194e+00
2.446247807206340497e+00 -4.404040404040404866e+00
2.447407652641849563e+00 -4.303030303030302761e+00
2.449013904950562814e+00 -4.202020202020202433e+00
2.450924122606857658e+00 -4.101010101010100328e+00
2.452834340263152058e+00 -4.000000000000000000e+00
