1.301029995663981254e+00 -8.092049334611415290e+00
1.309502290873501673e+00 -8.141414141414141881e+00
1.314171712791900148e+00 -8.168358181773962556e+00
1.326270835569349105e+00 -8.242424242424242209e+00
1.327313429919819265e+00 -8.247899534255617837e+00
1.340455147047738160e+00 -8.321293647685569894e+00
1.344001111193243503e+00 -8.343434343434342537e+00
1.353596864175657277e+00 -8.405020368070156067e+00
1.360038578024450828e+00 -8.444444444444444642e+00
1.366738581303576172e+00 -8.485785827676460613e+00
1.376929769169966900e+00 -8.545454545454546746e+00
1.379880298431495511e+00 -8.563468954491188612e+00
1.393022015559414184e+00 -8.638334431017623771e+00
1.394421453633568397e+00 -8.646464646464647075e+00
1.406163732687333301e+00 -8.717600163724796403e+00
1.410835002053190124e+00 -8.747474747474747403e+00
1.419305449815252196e+00 -8.791619090071309373e+00
1.429338401607986420e+00 -8.848484848484847731e+00
1.432447166943171091e+00 -8.867649142253059225e+00
1.445532297140568190e+00 -8.949494949494951612e+00
1.445588884071090208e+00 -8.949848893470903732e+00
1.458730601199009325e+00 -9.029263194294047778e+00
1.462445266826452483e+00 -9.050505050505050164e+00
1.471872318326928220e+00 -9.106289585680860554e+00
1.480071109835118026e+00 -9.151515151515152269e+00
1.485014035454847336e+00 -9.179554484407471904e+00
1.496780119154732525e+00 -9.252525252525250821e+00
1.498155752582766231e+00 -9.260294108586410999e+00
1.511297469710685348e+00 -9.334511633897065508e+00
1.514666004853305159e+00 -9.353535353535352925e+00
1.524439186838604243e+00 -9.407929867777921729e+00
1.533540920400858543e+00 -9.454545454545453254e+00
1.537580903966523360e+00 -9.475236700136917989e+00
1.550722621094442255e+00 -9.546445760298418293e+00
1.552177841288014948e+00 -9.555555555555555358e+00
1.563864338222361372e+00 -9.630889229994352263e+00
1.568062398897718701e+00 -9.656565656565657463e+00
1.577006055350280267e+00 -9.711267376226640380e+00
1.584978849765655839e+00 -9.757575757575757791e+00
1.590147772478199384e+00 -9.784352263014975293e+00
1.603289489606118279e+00 -9.852430135276913248e+00
1.604382280154779128e+00 -9.858585858585858119e+00
1.616431206734037396e+00 -9.928570797551632410e+00
1.621916752512507554e+00 -9.959595959595958448e+00
1.629572923861956291e+00 -1.000289775058420361e+01
1.640325923216799264e+00 -1.006060606060606055e+01
1.642714640989875186e+00 -1.007392663128648991e+01
1.655856358117794525e+00 -1.014259419874811918e+01
1.659797543500100225e+00 -1.016161616161616266e+01
1.668998075245713419e+00 -1.020748679330687736e+01
1.678928296563030553e+00 -1.026262626262626299e+01
1.682139792373632314e+00 -1.027902769826124008e+01
1.695281509501551209e+00 -1.034614378382332056e+01
1.698498642588416097e+00 -1.036363636363636331e+01
1.708423226629470326e+00 -1.041548562345644768e+01
1.718619179175611356e+00 -1.046464646464646364e+01
1.721564943757389443e+00 -1.047930204136081755e+01
1.734706660885308338e+00 -1.054020975512560199e+01
1.740246064901474377e+00 -1.056565656565656575e+01
1.747848378013227233e+00 -1.060057992939520233e+01
1.760990095141146350e+00 -1.065394621830561306e+01
1.763852440853199033e+00 -1.066666666666666430e+01
1.774131812269065467e+00 -1.071501522110251869e+01
1.784895871585132632e+00 -1.076767676767676818e+01
1.787273529396984140e+00 -1.077859507276067497e+01
1.800415246524903257e+00 -1.083480213865606778e+01
1.808828218966257673e+00 -1.086868686868686851e+01
1.813556963652822374e+00 -1.088516491276499920e+01
1.826698680780741491e+00 -1.093095926379253946e+01
1.836372375341742913e+00 -1.096969696969696884e+01
1.839840397908660385e+00 -1.098437785592560090e+01
1.852982115036579280e+00 -1.103022728080041936e+01
1.865297828185713769e+00 -1.107070707070707094e+01
1.866123832164498397e+00 -1.107348926962939473e+01
1.879265549292417514e+00 -1.111482901262442624e+01
1.892407266420336409e+00 -1.115365268937101817e+01
1.898772035468370589e+00 -1.117171717171717127e+01
1.905548983548255304e+00 -1.119095150025697727e+01
1.918690700676174643e+00 -1.122708499696699391e+01
1.931832417804093316e+00 -1.125855858611171634e+01
1.939344598576224099e+00 -1.127272727272727337e+01
1.944974134932012655e+00 -1.128347895381310018e+01
1.958115852059931328e+00 -1.131007162009805356e+01
1.971257569187850223e+00 -1.133666428638300872e+01
1.984399286315769340e+00 -1.135223835639166623e+01
1.997541003443688457e+00 -1.136513362428309826e+01
2.006309184339156282e+00 -1.137373737373737370e+01
2.010682720571607351e+00 -1.137742648381923338e+01
2.023824437699526246e+00 -1.138316711918368895e+01
2.036966154827445585e+00 -1.138016220909678466e+01
2.050107871955364480e+00 -1.137715729900988038e+01
2.063249589083283375e+00 -1.137415074671704751e+01
2.063517740773095355e+00 -1.137373737373737370e+01
2.076391306211202270e+00 -1.135108911684880795e+01
2.089533023339121165e+00 -1.132729024581158228e+01
2.102674740467040504e+00 -1.130349137477435661e+01
2.112899971885509487e+00 -1.127272727272727337e+01
2.115816457594959399e+00 -1.126388320644802832e+01
2.128958174722878294e+00 -1.121114193585925101e+01
2.139405200248271299e+00 -1.117171717171717127e+01
2.142099891850797633e+00 -1.116202610536458018e+01
2.155241608978716528e+00 -1.111541999845023199e+01
2.163749981456503768e+00 -1.107070707070707094e+01
2.168383326106635423e+00 -1.104635806564278333e+01
2.181525043234554317e+00 -1.097710449317106196e+01
2.182838542442979257e+00 -1.096969696969696884e+01
2.194666760362473212e+00 -1.090568193974054267e+01
2.199118570776744885e+00 -1.086868686868686851e+01
2.207808477490392551e+00 -1.079787874334337339e+01
2.211228329909709966e+00 -1.076767676767676818e+01
2.220950194618311446e+00 -1.067775357915765433e+01
2.222148833868637929e+00 -1.066666666666666607e+01
2.233059101121717571e+00 -1.056565656565656575e+01
2.234091911746230341e+00 -1.055619818395521747e+01
2.241841019957832248e+00 -1.046464646464646364e+01
2.247233628874149680e+00 -1.040093556987415546e+01
2.249734045824868023e+00 -1.036363636363636331e+01
2.256719768238147239e+00 -1.026262626262626299e+01
2.260375346002068575e+00 -1.019928475008483026e+01
2.262549282949252838e+00 -1.016161616161616266e+01
2.269062999376963319e+00 -1.006060606060606055e+01
2.273517063129987470e+00 -1.000188687166172130e+01
2.276964434291134598e+00 -9.959595959595958448e+00
2.285198338271859697e+00 -9.858585858585858119e+00
2.286658780257906365e+00 -9.839795699599360290e+00
2.290166156453720347e+00 -9.757575757575757791e+00
2.294886414114792217e+00 -9.656565656565657463e+00
2.299271824023760846e+00 -9.555555555555555358e+00
2.299800497385825260e+00 -9.543234343895754535e+00
2.303444992079243026e+00 -9.454545454545455030e+00
2.307595802623942927e+00 -9.353535353535352925e+00
2.311701687615739687e+00 -9.252525252525252597e+00
2.312942214513744155e+00 -9.218877253437227637e+00
2.315491820128415146e+00 -9.151515151515152269e+00
2.319901674006454861e+00 -9.050505050505050164e+00
2.325270913020075714e+00 -8.949494949494949836e+00
2.326083931641663494e+00 -8.934540175779540405e+00
2.329121367752523319e+00 -8.848484848484847731e+00
2.332686652296953600e+00 -8.747474747474747403e+00
2.335697012201913392e+00 -8.646464646464647075e+00
2.338827951223765744e+00 -8.545454545454546746e+00
2.339225648769582389e+00 -8.532624059458486343e+00
2.341160099862320987e+00 -8.444444444444444642e+00
2.343746797422539885e+00 -8.343434343434342537e+00
2.347113073812423512e+00 -8.242424242424242209e+00
2.349907775283796685e+00 -8.141414141414141881e+00
2.352208915133113365e+00 -8.040404040404041552e+00
2.352367365897501728e+00 -8.033448736179156668e+00
2.354775602752426700e+00 -7.939393939393940336e+00
2.358469543665917989e+00 -7.838383838383837343e+00
2.362447959016597210e+00 -7.737373737373737903e+00
2.365509083025420622e+00 -7.653652317576905340e+00
2.366091349837976310e+00 -7.636363636363635798e+00
2.369201423564782250e+00 -7.535353535353534582e+00
2.372311497291589077e+00 -7.434343434343434254e+00
2.375421571018395017e+00 -7.333333333333333925e+00
2.378526516731420237e+00 -7.232323232323232709e+00
2.378650800153339517e+00 -7.228482343266239063e+00
2.380227584195488966e+00 -7.131313131313130604e+00
2.381625364260712363e+00 -7.030303030303030276e+00
2.383023144325935760e+00 -6.929292929292928171e+00
2.384420924391159158e+00 -6.828282828282828731e+00
2.386165228863182719e+00 -6.727272727272727515e+00
2.388295011961735881e+00 -6.626262626262626299e+00
2.389708722953881814e+00 -6.525252525252525082e+00
2.391122433946028192e+00 -6.424242424242424754e+00
2.391792517281258412e+00 -6.376364756350749730e+00
2.392599336587207137e+00 -6.323232323232323537e+00
2.394796522685263440e+00 -6.222222222222223209e+00
2.397571216388552529e+00 -6.121212121212121104e+00
2.400133948645909232e+00 -6.020202020202020776e+00
2.402620076232453439e+00 -5.919191919191918672e+00
2.404934234409177307e+00 -5.828018361701404082e+00
2.405179927618398050e+00 -5.818181818181817455e+00
2.407136600091642986e+00 -5.717171717171718015e+00
2.409023490710718640e+00 -5.616161616161615910e+00
2.410763598548694375e+00 -5.515151515151515582e+00
2.412925513622832696e+00 -5.414141414141413478e+00
2.415467187269871197e+00 -5.313131313131313149e+00
2.418075951537096202e+00 -5.214721892837185457e+00
2.418110724214895590e+00 -5.212121212121212821e+00
2.419461290501379924e+00 -5.111111111111110716e+00
2.420726903426542176e+00 -5.010101010101010388e+00
2.421875705479887841e+00 -4.909090909090910060e+00
2.423024507533233063e+00 -4.808080808080807955e+00
2.424173309586578284e+00 -4.707070707070707627e+00
2.425403467753064479e+00 -4.606060606060605522e+00
2.426862503607223331e+00 -4.505050505050505194e+00
2.427948666115617549e+00 -4.404040404040404866e+00
2.429046221723663024e+00 -4.303030303030302761e+00
2.430143777331708499e+00 -4.202020202020202433e+00
2.431217668665015541e+00 -4.103187968595212176e+00
2.431238024542811349e+00 -4.101010101010100328e+00
2.432929009496227035e+00 -4.000000000000000000e+00
