1.301029995663981254e+00 -8.291048859648331160e+00
1.310140376649119087e+00 -8.343434343434342537e+00
1.314171712791900148e+00 -8.366614877210935219e+00
1.327313429919819265e+00 -8.442580073832246512e+00
1.327620388554185293e+00 -8.444444444444444642e+00
1.340455147047738160e+00 -8.524116459939003576e+00
1.343962046602864557e+00 -8.545454545454546746e+00
1.353596864175657277e+00 -8.604078568772916213e+00
1.360663759991284527e+00 -8.646464646464647075e+00
1.366738581303576172e+00 -8.682657880262910410e+00
1.377617711047250282e+00 -8.747474747474747403e+00
1.379880298431495289e+00 -8.760233136303147816e+00
1.393022015559414184e+00 -8.837662969816944880e+00
1.394918306251908824e+00 -8.848484848484847731e+00
1.406163732687333301e+00 -8.912661000872585504e+00
1.412572502687169607e+00 -8.949494949494949836e+00
1.419305449815252196e+00 -8.989187033763428758e+00
1.429267385429706438e+00 -9.050505050505050164e+00
1.432447166943171313e+00 -9.070077340833289981e+00
1.445588884071090208e+00 -9.148715255271723024e+00
1.446061097327752121e+00 -9.151515151515152269e+00
1.458730601199009325e+00 -9.226636499327428353e+00
1.463096838871974281e+00 -9.252525252525252597e+00
1.471872318326928220e+00 -9.301773404793848954e+00
1.480650472302256215e+00 -9.353535353535352925e+00
1.485014035454847114e+00 -9.380046121367604073e+00
1.497708345332678714e+00 -9.454545454545456806e+00
1.498155752582766231e+00 -9.457181414384127294e+00
1.511297469710685348e+00 -9.532819414599893904e+00
1.515250688395210377e+00 -9.555555555555555358e+00
1.524439186838604243e+00 -9.608401353486659247e+00
1.533022164688079059e+00 -9.656565656565657463e+00
1.537580903966523360e+00 -9.682575907822567274e+00
1.550342567794811943e+00 -9.757575757575757791e+00
1.550722621094442255e+00 -9.759691748422847368e+00
1.563864338222361372e+00 -9.832859783497882589e+00
1.568431261979931657e+00 -9.858585858585858119e+00
1.577006055350280267e+00 -9.907446389092697814e+00
1.586676314731008564e+00 -9.959595959595958448e+00
1.590147772478199162e+00 -9.978316763600140860e+00
1.603289489606118501e+00 -1.005219626181052384e+01
1.604744116766261497e+00 -1.006060606060606055e+01
1.616431206734037396e+00 -1.012817394179745989e+01
1.622540919669929860e+00 -1.016161616161616266e+01
1.629572923861956291e+00 -1.020010664920916454e+01
1.640994919558182108e+00 -1.026262626262626299e+01
1.642714640989875186e+00 -1.027175767164741593e+01
1.655856358117794302e+00 -1.034151949147829441e+01
1.660110065716161376e+00 -1.036363636363636331e+01
1.668998075245713419e+00 -1.040990272633091607e+01
1.680018755921082851e+00 -1.046464646464646364e+01
1.682139792373632314e+00 -1.047518242589390525e+01
1.695281509501551209e+00 -1.054320431029958272e+01
1.699567659527263075e+00 -1.056565656565656575e+01
1.708423226629470548e+00 -1.061204492180763737e+01
1.719602139201655167e+00 -1.066666666666666607e+01
1.721564943757389443e+00 -1.067625720679829016e+01
1.734706660885308338e+00 -1.074046949178894650e+01
1.740349553065050570e+00 -1.076767676767676818e+01
1.747848378013227233e+00 -1.080380603619517643e+01
1.760990095141146350e+00 -1.086213438623024885e+01
1.762471748276774441e+00 -1.086868686868686851e+01
1.774131812269065467e+00 -1.091800900540089714e+01
1.786138770258281161e+00 -1.096969696969696884e+01
1.787273529396984362e+00 -1.097469754113977913e+01
1.800415246524903257e+00 -1.103043996785498848e+01
1.811037061511881818e+00 -1.107070707070707094e+01
1.813556963652822596e+00 -1.108029982461442131e+01
1.826698680780741491e+00 -1.113231139872158693e+01
1.836507437709604451e+00 -1.117171717171717127e+01
1.839840397908660385e+00 -1.118510703079511792e+01
1.852982115036579280e+00 -1.122960386556801637e+01
1.865718203375702933e+00 -1.127272727272727337e+01
1.866123832164498175e+00 -1.127409775514715484e+01
1.879265549292417514e+00 -1.131828354509662482e+01
1.892407266420336409e+00 -1.135697593937545946e+01
1.898615504679083354e+00 -1.137373737373737370e+01
1.905548983548255526e+00 -1.139158094196411142e+01
1.918690700676174421e+00 -1.142540164447337148e+01
1.931832417804093316e+00 -1.145844457044955078e+01
1.940787766239204348e+00 -1.147474747474747403e+01
1.944974134932012433e+00 -1.148236861519211338e+01
1.958115852059931328e+00 -1.150635342334229172e+01
1.971257569187850223e+00 -1.153141386593475914e+01
1.984399286315769118e+00 -1.154650433215971361e+01
1.997541003443688457e+00 -1.155855235719391416e+01
2.010682720571607351e+00 -1.157035260951282929e+01
2.022288063682184500e+00 -1.157575757575757613e+01
2.023824437699526246e+00 -1.157647311252576294e+01
2.026787409198739898e+00 -1.157575757575757436e+01
2.036966154827445585e+00 -1.157329948031072853e+01
2.050107871955364480e+00 -1.157007592076593205e+01
2.063249589083283375e+00 -1.156673881928865377e+01
2.076391306211202270e+00 -1.154537654282766646e+01
2.089533023339121165e+00 -1.152337062807059453e+01
2.102674740467040504e+00 -1.150085468700564917e+01
2.111756975475360232e+00 -1.147474747474747403e+01
2.115816457594959399e+00 -1.146326201900798125e+01
2.128958174722878294e+00 -1.141720438180008657e+01
2.141462291901490289e+00 -1.137373737373737370e+01
2.142099891850797633e+00 -1.137139086948955402e+01
2.155241608978716528e+00 -1.132004128887660244e+01
2.163806202334866313e+00 -1.127272727272727337e+01
2.168383326106635423e+00 -1.124765164882715140e+01
2.181525043234554317e+00 -1.117463054688537483e+01
2.182048649354773939e+00 -1.117171717171717127e+01
2.194666760362473212e+00 -1.110150926187828624e+01
2.198283495727798798e+00 -1.107070707070707272e+01
2.207808477490392551e+00 -1.098958686712055766e+01
2.209996458759043936e+00 -1.096969696969697061e+01
2.220950194618311446e+00 -1.087507692026075468e+01
2.221695150333773849e+00 -1.086868686868686851e+01
2.232955902873317022e+00 -1.076767676767676818e+01
2.234091911746230341e+00 -1.075731742687371373e+01
2.242210699795443407e+00 -1.066666666666666607e+01
2.247233628874149680e+00 -1.061058288461807031e+01
2.250092755630764607e+00 -1.056565656565656575e+01
2.256734525968154603e+00 -1.046464646464646364e+01
2.260375346002068575e+00 -1.041321101063239141e+01
2.264044680551026367e+00 -1.036363636363636331e+01
2.271106123508980446e+00 -1.026262626262626299e+01
2.273517063129987470e+00 -1.022621329922779587e+01
2.277915361664331950e+00 -1.016161616161616266e+01
2.285059985745927946e+00 -1.006060606060606055e+01
2.286658780257906365e+00 -1.003809285775635018e+01
2.289855817291921003e+00 -9.959595959595958448e+00
2.294310812695447677e+00 -9.858585858585858119e+00
2.299292145375053220e+00 -9.757575757575757791e+00
2.299800497385825260e+00 -9.747039738581522172e+00
2.303941097228295654e+00 -9.656565656565657463e+00
2.308421669235301898e+00 -9.555555555555555358e+00
2.312942214513744155e+00 -9.455926863256205905e+00
2.313003783425480187e+00 -9.454545454545455030e+00
2.317399650942906675e+00 -9.353535353535352925e+00
2.321819391574958313e+00 -9.252525252525252597e+00
2.326083931641663494e+00 -9.154848020996105618e+00
2.326195563101471020e+00 -9.151515151515152269e+00
2.329682840625219242e+00 -9.050505050505050164e+00
2.333170118148967020e+00 -8.949494949494949836e+00
2.336657395672715687e+00 -8.848484848484847731e+00
2.339225648769582389e+00 -8.774094581875036880e+00
2.339950210921906137e+00 -8.747474747474747403e+00
2.342622250172352594e+00 -8.646464646464647075e+00
2.345285190264076114e+00 -8.545454545454546746e+00
2.347948130355798746e+00 -8.444444444444444642e+00
2.351137527776765879e+00 -8.343434343434342537e+00
2.352367365897501728e+00 -8.307190417048579079e+00
2.354628934543363528e+00 -8.242424242424242209e+00
2.357678587670032577e+00 -8.141414141414141881e+00
2.360558384619807271e+00 -8.040404040404041552e+00
2.363671887175180508e+00 -7.939393939393939448e+00
2.365509083025420622e+00 -7.881995591809817014e+00
2.366818015063136826e+00 -7.838383838383838231e+00
2.369849660134905722e+00 -7.737373737373737903e+00
2.372793112956646411e+00 -7.636363636363636687e+00
2.375638574389467017e+00 -7.535353535353535470e+00
2.378484035822287623e+00 -7.434343434343434254e+00
2.378650800153339517e+00 -7.428423522117552302e+00
2.380044705054670917e+00 -7.333333333333333037e+00
2.381742430867845872e+00 -7.232323232323232709e+00
2.383709286604917210e+00 -7.131313131313131493e+00
2.385343407873978361e+00 -7.030303030303030276e+00
2.386977529143039511e+00 -6.929292929292929060e+00
2.388611650412100662e+00 -6.828282828282828731e+00
2.390785032504111562e+00 -6.727272727272727515e+00
2.391792517281258412e+00 -6.687447641841505863e+00
2.393434339314715942e+00 -6.626262626262625410e+00
2.395226796837189198e+00 -6.525252525252525970e+00
2.397019254359661566e+00 -6.424242424242425642e+00
2.399114362245153842e+00 -6.323232323232323537e+00
2.401472178600934093e+00 -6.222222222222221433e+00
2.403965134655370761e+00 -6.121212121212121104e+00
2.404934234409177307e+00 -6.077338151201877814e+00
2.406196272252401513e+00 -6.020202020202020776e+00
2.408378318888669156e+00 -5.919191919191918672e+00
2.410560365524935911e+00 -5.818181818181818343e+00
2.412664186673217692e+00 -5.717171717171718015e+00
2.414774155119116195e+00 -5.616161616161615910e+00
2.416751575777773109e+00 -5.515151515151515582e+00
2.418075951537096202e+00 -5.451131542471392422e+00
2.418509314599583071e+00 -5.414141414141413478e+00
2.419692712676101198e+00 -5.313131313131313149e+00
2.420876110752619326e+00 -5.212121212121212821e+00
2.422059508829137453e+00 -5.111111111111110716e+00
2.423224982141554573e+00 -5.010101010101010388e+00
2.424365808903331754e+00 -4.909090909090910060e+00
2.425506635665109378e+00 -4.808080808080807955e+00
2.426647462426887003e+00 -4.707070707070707627e+00
2.427950086329233592e+00 -4.606060606060605522e+00
2.429839238343215690e+00 -4.505050505050505194e+00
2.431059019393153164e+00 -4.404040404040404866e+00
2.431217668665015541e+00 -4.390906728473845888e+00
2.432095382420600860e+00 -4.303030303030302761e+00
2.433169499184129503e+00 -4.202020202020202433e+00
2.434423875637786061e+00 -4.101010101010100328e+00
2.436464949149041104e+00 -4.000000000000000000e+00
