1.301029995663981254e+00 -7.442826664794811364e+00
1.314171712791900148e+00 -7.521177582870844702e+00
1.316549430400334009e+00 -7.535353535353534582e+00
1.327313429919819265e+00 -7.599528500946880705e+00
1.333491748462887649e+00 -7.636363636363636687e+00
1.340455147047738160e+00 -7.677827599002974068e+00
1.350471196617792691e+00 -7.737373737373737903e+00
1.353596864175657277e+00 -7.755962956155467047e+00
1.366738581303576172e+00 -7.833896802831628925e+00
1.367494983338018999e+00 -7.838383838383838231e+00
1.379880298431495067e+00 -7.911920437456739563e+00
1.384504895768016386e+00 -7.939393939393939448e+00
1.393022015559414184e+00 -7.989991881238614368e+00
1.401544935116322055e+00 -8.040404040404041552e+00
1.406163732687333301e+00 -8.067723734875873021e+00
1.418622183534093306e+00 -8.141414141414141881e+00
1.419305449815252196e+00 -8.145452602961432476e+00
1.432447166943171313e+00 -8.223123779783701792e+00
1.435729019838406284e+00 -8.242424242424242209e+00
1.445588884071090208e+00 -8.300435123506510138e+00
1.452917416045982568e+00 -8.343434343434342537e+00
1.458730601199009325e+00 -8.377547203018179900e+00
1.470132661649649508e+00 -8.444444444444444642e+00
1.471872318326928220e+00 -8.454651216566249516e+00
1.485014035454847559e+00 -8.531473073883070413e+00
1.487422353684064058e+00 -8.545454545454546746e+00
1.498155752582766231e+00 -8.607799921547968580e+00
1.504805960645871465e+00 -8.646464646464647075e+00
1.511297469710685348e+00 -8.684195338167764788e+00
1.522184597419992791e+00 -8.747474747474747403e+00
1.524439186838604243e+00 -8.760564538160886983e+00
1.537580903966523360e+00 -8.835802296540919087e+00
1.539799753706707186e+00 -8.848484848484847731e+00
1.550722621094442255e+00 -8.910918022986384912e+00
1.557471767775572058e+00 -8.949494949494949836e+00
1.563864338222361372e+00 -8.986033749431854289e+00
1.575284401951328350e+00 -9.050505050505050164e+00
1.577006055350280267e+00 -9.060224543956383769e+00
1.590147772478199162e+00 -9.133606142436446973e+00
1.593352261085723587e+00 -9.151515151515152269e+00
1.603289489606118279e+00 -9.207051599786819196e+00
1.611453622263197882e+00 -9.252525252525252597e+00
1.616431206734037396e+00 -9.280213669661938169e+00
1.629572923861956291e+00 -9.351178169957213626e+00
1.630009444089303372e+00 -9.353535353535352925e+00
1.642714640989875186e+00 -9.422132079745995981e+00
1.648707679912055912e+00 -9.454545454545455030e+00
1.655856358117794525e+00 -9.493242398708195751e+00
1.667772411535332067e+00 -9.555555555555555358e+00
1.668998075245713419e+00 -9.561964974207095125e+00
1.682139792373632314e+00 -9.629596386815677533e+00
1.687381147939388759e+00 -9.656565656565657463e+00
1.695281509501551209e+00 -9.697221214071197082e+00
1.707227818279428933e+00 -9.757575757575757791e+00
1.708423226629470326e+00 -9.763610906924082400e+00
1.721564943757389443e+00 -9.826752705697273882e+00
1.728190385203146828e+00 -9.858585858585858119e+00
1.734706660885308338e+00 -9.889878475780914613e+00
1.747848378013227233e+00 -9.953111332502373898e+00
1.749306343059399360e+00 -9.959595959595958448e+00
1.760990095141146350e+00 -1.001156207188579828e+01
1.772166773278608387e+00 -1.006060606060606055e+01
1.774131812269065689e+00 -1.006922950313397180e+01
1.787273529396984362e+00 -1.012685721825201846e+01
1.795626891937901259e+00 -1.016161616161616266e+01
1.800415246524903257e+00 -1.018154085003735787e+01
1.813556963652822374e+00 -1.023260574933182987e+01
1.821282839924022179e+00 -1.026262626262626299e+01
1.826698680780741491e+00 -1.028365060868398650e+01
1.839840397908660385e+00 -1.033443445784986281e+01
1.848656080953301917e+00 -1.036363636363636331e+01
1.852982115036579280e+00 -1.037796300932380156e+01
1.866123832164498397e+00 -1.042146076076478423e+01
1.879171272217879718e+00 -1.046464646464646364e+01
1.879265549292417292e+00 -1.046495851220576867e+01
1.892407266420336409e+00 -1.050307103815731402e+01
1.905548983548255304e+00 -1.053788289548351464e+01
1.916043380047943057e+00 -1.056565656565656397e+01
1.918690700676174421e+00 -1.057266276272306804e+01
1.931832417804093316e+00 -1.060529074783257641e+01
1.944974134932012433e+00 -1.062966985144359455e+01
1.958115852059931328e+00 -1.065404668256446463e+01
1.964925582285333761e+00 -1.066666666666666607e+01
1.971257569187850445e+00 -1.067840153201504094e+01
1.984399286315769562e+00 -1.069279104596422414e+01
1.997541003443688234e+00 -1.070459107414770195e+01
2.010682720571607351e+00 -1.071639454053857854e+01
2.023824437699526246e+00 -1.072241239817456204e+01
2.036966154827445585e+00 -1.071896289602980801e+01
2.050107871955364480e+00 -1.071551357724974807e+01
2.063249589083283375e+00 -1.071206666843374933e+01
2.076391306211202270e+00 -1.069012381437683246e+01
2.089533023339121165e+00 -1.066752035814160493e+01
2.090029760590186303e+00 -1.066666666666666785e+01
2.102674740467040504e+00 -1.064493873919395028e+01
2.115816457594958955e+00 -1.060859003218494578e+01
2.127684465168910855e+00 -1.056565656565656752e+01
2.128958174722878294e+00 -1.056104881948170160e+01
2.142099891850797633e+00 -1.051347805748371478e+01
2.154683800561481011e+00 -1.046464646464646364e+01
2.155241608978716528e+00 -1.046248190082627971e+01
2.168383326106635423e+00 -1.039030002583917778e+01
2.173246501620019977e+00 -1.036363636363636331e+01
2.181525043234554317e+00 -1.031819663615246796e+01
2.191649816506160864e+00 -1.026262626262626299e+01
2.194666760362473212e+00 -1.024605721911634326e+01
2.205110893807447514e+00 -1.016161616161616266e+01
2.207808477490392551e+00 -1.013980613591290592e+01
2.216535420370902010e+00 -1.006060606060606055e+01
2.220950194618311446e+00 -1.002054541680954536e+01
2.227663426289034465e+00 -9.959595959595958448e+00
2.234091911746230341e+00 -9.901267999534574926e+00
2.238039789344774100e+00 -9.858585858585858119e+00
2.247233628874149236e+00 -9.759499922317303344e+00
2.247365801091071535e+00 -9.757575757575757791e+00
2.254284285977232294e+00 -9.656565656565657463e+00
2.260375346002068575e+00 -9.567727701193923906e+00
2.261209452736860914e+00 -9.555555555555555358e+00
2.268129958993016615e+00 -9.454545454545455030e+00
2.273517063129987470e+00 -9.375939584654183534e+00
2.275051646475787948e+00 -9.353535353535352925e+00
2.281974156011322918e+00 -9.252525252525252597e+00
2.286658780257906365e+00 -9.184171178066723229e+00
2.288156489067867394e+00 -9.151515151515152269e+00
2.292789132232185167e+00 -9.050505050505050164e+00
2.297421775396502053e+00 -8.949494949494949836e+00
2.299800497385825260e+00 -8.897710482513222274e+00
2.301985287687976278e+00 -8.848484848484847731e+00
2.306488080574529143e+00 -8.747474747474747403e+00
2.310964464600124835e+00 -8.646464646464647075e+00
2.312942214513744155e+00 -8.601805504174379280e+00
2.315439812400304387e+00 -8.545454545454546746e+00
2.319924720337255941e+00 -8.444444444444444642e+00
2.324412993951544326e+00 -8.343434343434342537e+00
2.326083931641663494e+00 -8.305829331047576147e+00
2.328336130391495118e+00 -8.242424242424242209e+00
2.331938981665429012e+00 -8.141414141414141881e+00
2.335532672884679251e+00 -8.040404040404041552e+00
2.339126364103929934e+00 -7.939393939393939448e+00
2.339225648769582389e+00 -7.936603283910640627e+00
2.342115835089197518e+00 -7.838383838383838231e+00
2.345113823936674891e+00 -7.737373737373737903e+00
2.348125755970476902e+00 -7.636363636363636687e+00
2.351120723473233198e+00 -7.535353535353535470e+00
2.352367365897501728e+00 -7.493315220944271715e+00
2.354114943454473252e+00 -7.434343434343434254e+00
2.357100778550468956e+00 -7.333333333333333037e+00
2.360087534036845014e+00 -7.232323232323231821e+00
2.363073822925761736e+00 -7.131313131313131493e+00
2.365509083025420622e+00 -7.049059141563087216e+00
2.366044006523638110e+00 -7.030303030303030276e+00
2.368924810323445929e+00 -6.929292929292929060e+00
2.371805614123253747e+00 -6.828282828282828731e+00
2.374685534447838364e+00 -6.727272727272728403e+00
2.377597473196475519e+00 -6.626262626262626299e+00
2.378650800153339517e+00 -6.589395903364795970e+00
2.379903608741843257e+00 -6.525252525252524194e+00
2.381876475244907532e+00 -6.424242424242424754e+00
2.383849341747971362e+00 -6.323232323232323537e+00
2.385848003974295750e+00 -6.222222222222222321e+00
2.387898188970937863e+00 -6.121212121212121104e+00
2.389938282761263189e+00 -6.020202020202020776e+00
2.391792517281258412e+00 -5.928051158909945606e+00
2.391970482986632174e+00 -5.919191919191918672e+00
2.393973606533067233e+00 -5.818181818181818343e+00
2.395980370759094757e+00 -5.717171717171718015e+00
2.397984941832856265e+00 -5.616161616161615910e+00
2.399989282929507084e+00 -5.515151515151515582e+00
2.401993489872843668e+00 -5.414141414141413478e+00
2.404006421136704041e+00 -5.313131313131313149e+00
2.404934234409177307e+00 -5.266778809149467833e+00
2.406029567475492126e+00 -5.212121212121212821e+00
2.408053800330276051e+00 -5.111111111111110716e+00
2.410073665817728639e+00 -5.010101010101010388e+00
2.412087526175100471e+00 -4.909090909090910060e+00
2.414101386532471860e+00 -4.808080808080807955e+00
2.416115011426993586e+00 -4.707070707070707627e+00
2.418075951537096202e+00 -4.608726760954958479e+00
2.418112064144883444e+00 -4.606060606060605522e+00
2.419540687169780213e+00 -4.505050505050505194e+00
2.420967674019194327e+00 -4.404040404040404866e+00
2.422395086573087664e+00 -4.303030303030302761e+00
2.423822499126981889e+00 -4.202020202020202433e+00
2.425249911680875226e+00 -4.101010101010100328e+00
2.426967566139791810e+00 -4.000000000000000000e+00
