1.301029995663981254e+00 -8.093819364945904482e+00
1.309172368718720003e+00 -8.141414141414141881e+00
1.314171712791900148e+00 -8.170288925845895278e+00
1.326007721430747965e+00 -8.242424242424242209e+00
1.327313429919819265e+00 -8.249301160939989330e+00
1.340455147047738382e+00 -8.322897765633452849e+00
1.343747564450145759e+00 -8.343434343434342537e+00
1.353596864175657277e+00 -8.406547085931903140e+00
1.359793407725067738e+00 -8.444444444444444642e+00
1.366738581303576172e+00 -8.487254379223857725e+00
1.376667380351680681e+00 -8.545454545454546746e+00
1.379880298431495289e+00 -8.565058735563072290e+00
1.393022015559414184e+00 -8.640224993159428379e+00
1.394093039850534232e+00 -8.646464646464647075e+00
1.406163732687333301e+00 -8.719425034868363511e+00
1.410581599411898646e+00 -8.747474747474747403e+00
1.419305449815252196e+00 -8.793073507048898563e+00
1.429070845603352291e+00 -8.848484848484847731e+00
1.432447166943171091e+00 -8.869285980963550031e+00
1.445288859823196326e+00 -8.949494949494951612e+00
1.445588884071090430e+00 -8.951368895218681843e+00
1.458730601199009325e+00 -9.030796583009101042e+00
1.462171030781015402e+00 -9.050505050505050164e+00
1.471872318326928220e+00 -9.107926349939113209e+00
1.479733701755335584e+00 -9.151515151515152269e+00
1.485014035454847559e+00 -9.181545168651156885e+00
1.496514957812137503e+00 -9.252525252525252597e+00
1.498155752582766231e+00 -9.261794469700367571e+00
1.511297469710685348e+00 -9.336034973322838937e+00
1.514395307618054520e+00 -9.353535353535352925e+00
1.524439186838604243e+00 -9.409505106082651338e+00
1.533186160175114221e+00 -9.454545454545455030e+00
1.537580903966523582e+00 -9.477175087008561150e+00
1.550722621094442255e+00 -9.548690747661835232e+00
1.551822721887071932e+00 -9.555555555555555358e+00
1.563864338222361372e+00 -9.632832425896609152e+00
1.567757880059347020e+00 -9.656565656565657463e+00
1.577006055350280267e+00 -9.712938256793684388e+00
1.584708743304461098e+00 -9.757575757575757791e+00
1.590147772478199606e+00 -9.785789269693642822e+00
1.603289489606118279e+00 -9.853958419664115453e+00
1.604111390155284811e+00 -9.858585858585858119e+00
1.616431206734037396e+00 -9.930098670243351577e+00
1.621652584057242219e+00 -9.959595959595958448e+00
1.629572923861956291e+00 -1.000434058166192486e+01
1.640048315404165624e+00 -1.006060606060605878e+01
1.642714640989875186e+00 -1.007546511776608256e+01
1.655856358117794302e+00 -1.014432554846399626e+01
1.659414410809698426e+00 -1.016161616161616266e+01
1.668998075245713419e+00 -1.020960339514195070e+01
1.678592701148374333e+00 -1.026262626262626299e+01
1.682139792373632314e+00 -1.028070316541199603e+01
1.695281509501551209e+00 -1.034767678629532028e+01
1.698227598523039061e+00 -1.036363636363636331e+01
1.708423226629470326e+00 -1.041687711250874671e+01
1.718326589677027005e+00 -1.046464646464646364e+01
1.721564943757389443e+00 -1.048074834716709702e+01
1.734706660885308338e+00 -1.054181577195599395e+01
1.739885634475863974e+00 -1.056565656565656575e+01
1.747848378013227233e+00 -1.060231211576615351e+01
1.760990095141146350e+00 -1.065600652497292167e+01
1.763388360012547729e+00 -1.066666666666666607e+01
1.774131812269065467e+00 -1.071704132004975740e+01
1.784536769997278949e+00 -1.076767676767676818e+01
1.787273529396984362e+00 -1.078020453672778523e+01
1.800415246524903257e+00 -1.083641788029476771e+01
1.808462950918695800e+00 -1.086868686868686851e+01
1.813556963652822152e+00 -1.088648670374321625e+01
1.826698680780741491e+00 -1.093240735793927598e+01
1.836014493910851364e+00 -1.096969696969696884e+01
1.839840397908660385e+00 -1.098586722961924877e+01
1.852982115036579280e+00 -1.103168783135006947e+01
1.864842949793714899e+00 -1.107070707070707094e+01
1.866123832164498397e+00 -1.107502170157670029e+01
1.879265549292417292e+00 -1.111647544138228660e+01
1.892407266420336409e+00 -1.115528525721494901e+01
1.898210149635666477e+00 -1.117171717171717127e+01
1.905548983548255304e+00 -1.119249840872002721e+01
1.918690700676174421e+00 -1.122864038333590742e+01
1.931832417804093094e+00 -1.126022808342445103e+01
1.938456891854884123e+00 -1.127272727272727337e+01
1.944974134932012433e+00 -1.128516496022286475e+01
1.958115852059931550e+00 -1.131163957091855821e+01
1.971257569187850223e+00 -1.133811418161424989e+01
1.984399286315769340e+00 -1.135365291586505165e+01
1.997541003443688457e+00 -1.136648563290512648e+01
2.004967359561787177e+00 -1.137373737373737370e+01
2.010682720571607351e+00 -1.137856532399269227e+01
2.023824437699526690e+00 -1.138431270766306369e+01
2.036966154827445585e+00 -1.138129924631335221e+01
2.050107871955364480e+00 -1.137828578496364251e+01
2.063249589083283375e+00 -1.137526636689173998e+01
2.064239868261903421e+00 -1.137373737373737370e+01
2.076391306211202270e+00 -1.135242476091740116e+01
2.089533023339121165e+00 -1.132869813921121960e+01
2.102674740467040504e+00 -1.130497151750503448e+01
2.113432967758938297e+00 -1.127272727272727337e+01
2.115816457594959399e+00 -1.126552917896800388e+01
2.128958174722877850e+00 -1.121301975518328931e+01
2.139917426115675259e+00 -1.117171717171717127e+01
2.142099891850797633e+00 -1.116385928496857893e+01
2.155241608978716528e+00 -1.111700556685213215e+01
2.164036103087321639e+00 -1.107070707070707094e+01
2.168383326106635423e+00 -1.104782117349503068e+01
2.181525043234554317e+00 -1.097841777109985628e+01
2.183071930503162061e+00 -1.096969696969696884e+01
2.194666760362473212e+00 -1.090689370955828252e+01
2.199265929117512730e+00 -1.086868686868686851e+01
2.207808477490392551e+00 -1.079909318809535179e+01
2.211365339966167021e+00 -1.076767676767676818e+01
2.220950194618311446e+00 -1.067907069738669534e+01
2.222291985662231628e+00 -1.066666666666666785e+01
2.233210321779929952e+00 -1.056565656565656575e+01
2.234091911746230341e+00 -1.055758362702113828e+01
2.241969568398295642e+00 -1.046464646464646364e+01
2.247233628874149680e+00 -1.040254337170875942e+01
2.249842925836025742e+00 -1.036363636363636331e+01
2.256851354684214606e+00 -1.026262626262626299e+01
2.260375346002068575e+00 -1.020217736762486638e+01
2.262739944028434813e+00 -1.016161616161616266e+01
2.269295140592322735e+00 -1.006060606060606055e+01
2.273517063129987470e+00 -1.000467497323344723e+01
2.277158815057276797e+00 -9.959595959595958448e+00
2.285319014235266177e+00 -9.858585858585858119e+00
2.286658780257906365e+00 -9.841227324514312258e+00
2.290232373072278449e+00 -9.757575757575757791e+00
2.294962920883288238e+00 -9.656565656565657463e+00
2.299361349809583732e+00 -9.555555555555555358e+00
2.299800497385825260e+00 -9.545353919366732498e+00
2.303545524228585162e+00 -9.454545454545455030e+00
2.307711276181525051e+00 -9.353535353535352925e+00
2.311841061397643671e+00 -9.252525252525252597e+00
2.312942214513744155e+00 -9.223439057183563605e+00
2.315729686904415274e+00 -9.151515151515152269e+00
2.320188456312963332e+00 -9.050505050505050164e+00
2.325477342631276478e+00 -8.949494949494949836e+00
2.326083931641663494e+00 -8.938130224363135312e+00
2.329231382590225774e+00 -8.848484848484847731e+00
2.332777849266547410e+00 -8.747474747474747403e+00
2.335836088312708281e+00 -8.646464646464647075e+00
2.338938016844852807e+00 -8.545454545454546746e+00
2.339225648769582389e+00 -8.536088201430299449e+00
2.341254706023105925e+00 -8.444444444444444642e+00
2.343863810845789875e+00 -8.343434343434342537e+00
2.347233493424844664e+00 -8.242424242424242209e+00
2.350072959513867410e+00 -8.141414141414141881e+00
2.352367365897501728e+00 -8.043765261186011983e+00
2.352448060747441172e+00 -8.040404040404041552e+00
2.355098854359007898e+00 -7.939393939393939448e+00
2.358766666781238364e+00 -7.838383838383838231e+00
2.362687327997313069e+00 -7.737373737373737903e+00
2.365509083025420622e+00 -7.659137323196082647e+00
2.366267276403032138e+00 -7.636363636363636687e+00
2.369345515028845384e+00 -7.535353535353535470e+00
2.372423753654658629e+00 -7.434343434343434254e+00
2.375501992280471875e+00 -7.333333333333333037e+00
2.378578015640131937e+00 -7.232323232323232709e+00
2.378650800153339517e+00 -7.230028755554513964e+00
2.380258628270017773e+00 -7.131313131313131493e+00
2.381672100344820020e+00 -7.030303030303030276e+00
2.383085572419622267e+00 -6.929292929292929060e+00
2.384499044494424957e+00 -6.828282828282828731e+00
2.386256468887682836e+00 -6.727272727272727515e+00
2.388395495265107193e+00 -6.626262626262626299e+00
2.389862027325271754e+00 -6.525252525252525082e+00
2.391328559385437202e+00 -6.424242424242424754e+00
2.391792517281258412e+00 -6.392286468287339041e+00
2.392874955025064754e+00 -6.323232323232323537e+00
2.395092540338209730e+00 -6.222222222222222321e+00
2.397837842250472473e+00 -6.121212121212121104e+00
2.400373930027844160e+00 -6.020202020202020776e+00
2.402842755484067450e+00 -5.919191919191918672e+00
2.404934234409177307e+00 -5.835715592148068787e+00
2.405367650282003389e+00 -5.818181818181818343e+00
2.407399399695914433e+00 -5.717171717171718015e+00
2.409384625501711952e+00 -5.616161616161615910e+00
2.411273134893901382e+00 -5.515151515151515582e+00
2.413481562925109181e+00 -5.414141414141413478e+00
2.415921732051605098e+00 -5.313131313131313149e+00
2.418075951537096202e+00 -5.226696697616522336e+00
2.418268926163955168e+00 -5.212121212121212821e+00
2.419606266629057423e+00 -5.111111111111110716e+00
2.420862504709038188e+00 -5.010101010101010388e+00
2.422007227009476793e+00 -4.909090909090910060e+00
2.423151949309915398e+00 -4.808080808080807955e+00
2.424296671610354448e+00 -4.707070707070707627e+00
2.425522035432208234e+00 -4.606060606060605522e+00
2.427000741072207202e+00 -4.505050505050505194e+00
2.428102245133104020e+00 -4.404040404040404866e+00
2.429210436272220441e+00 -4.303030303030302761e+00
2.430318627411337307e+00 -4.202020202020202433e+00
2.431217668665015541e+00 -4.120073825947721424e+00
2.431400259689761256e+00 -4.101010101010100328e+00
2.433083673390320723e+00 -4.000000000000000000e+00
